person_id,age,age_group,individual_income,income_group,household_size,family_structure,vehicles,target_amenity,target_mode,pred_mode
46113,29,Young Adult,53672,Moderate,3_person,family_single,1,F&B Eatery/Drinking Places,Walking,Car
10057,26,Young Adult,0,Debt,3_person,nonfamily_single,0,F&B Eatery/Snack and Nonalcoholic Beverage Bars,Walking,Walking
27746,73,Elderly,20629,Low,2_person,married_couple,2,F&B Eatery/Full-Service Restaurants,Car,Car
27315,25,Young Adult,45084,Moderate,3_person,nonfamily_single,2,F&B Eatery/Limited-Service Restaurants,Public_transport,Car
29362,26,Young Adult,59039,Moderate,2_person,nonfamily_single,0,F&B Eatery/Drinking Places,Walking,Walking
32543,28,Young Adult,61887,High,3_person,married_couple,1,F&B Eatery/Snack and Nonalcoholic Beverage Bars,Walking,Walking
52783,73,Elderly,13954,Low,1_person,living_alone,1,F&B Eatery/Drinking Places,Car,Car
62546,21,Young Adult,7071,Low,7_plus_person,married_couple,1,F&B Eatery/Full-Service Restaurants,Public_transport,Public_transport
51331,26,Young Adult,37816,Moderate,3_person,nonfamily_single,3_plus,F&B Eatery/Limited-Service Restaurants,Walking,Car
66549,55,Senior,91243,Very High,3_person,family_single,3_plus,F&B Eatery/Limited-Service Restaurants,Car,Car
58432,40,Adult,65659,High,2_person,nonfamily_single,2,F&B Eatery/Limited-Service Restaurants,Public_transport,Car
43826,40,Adult,0,Debt,7_plus_person,married_couple,1,F&B Eatery/Full-Service Restaurants,Public_transport,Car
59578,64,Elderly,70974,High,3_person,married_couple,3_plus,F&B Eatery/Snack and Nonalcoholic Beverage Bars,Car,Car
42072,26,Young Adult,23253,Low,3_person,family_single,0,F&B Eatery/Snack and Nonalcoholic Beverage Bars,Walking,Walking
29882,70,Elderly,63276,High,3_person,married_couple,1,F&B Eatery/Limited-Service Restaurants,Public_transport,Car
13751,28,Young Adult,0,Debt,6_person,nonfamily_single,0,F&B Eatery/Snack and Nonalcoholic Beverage Bars,Walking,Walking
53701,46,Middle Age,66012,High,2_person,married_couple,0,F&B Eatery/Snack and Nonalcoholic Beverage Bars,Public_transport,Public_transport
5497,29,Young Adult,77288,High,2_person,married_couple,1,F&B Eatery/Full-Service Restaurants,Car,Walking
7044,48,Middle Age,114859,Very High,4_person,married_couple,2,F&B Eatery/Limited-Service Restaurants,Car,Car
39229,65,Elderly,31237,Moderate,3_person,family_single,0,F&B Eatery/Drinking Places,Walking,Public_transport
29317,59,Senior,54023,Moderate,2_person,nonfamily_single,1,F&B Eatery/Snack and Nonalcoholic Beverage Bars,Walking,Car
18738,61,Elderly,12965,Low,2_person,married_couple,0,F&B Eatery/Full-Service Restaurants,Car,Public_transport
55323,37,Adult,154717,Ultra High,4_person,married_couple,1,F&B Eatery/Full-Service Restaurants,Public_transport,Public_transport
28393,35,Adult,98194,Very High,3_person,married_couple,2,F&B Eatery/Snack and Nonalcoholic Beverage Bars,Walking,Car
54010,32,Adult,86437,High,2_person,married_couple,1,F&B Eatery/Full-Service Restaurants,Public_transport,Car
5097,63,Elderly,81035,High,2_person,nonfamily_single,1,F&B Eatery/Full-Service Restaurants,Public_transport,Car
21711,56,Senior,39547,Moderate,2_person,family_single,1,F&B Eatery/Drinking Places,Car,Car
62308,50,Middle Age,0,Debt,1_person,living_alone,1,F&B Eatery/Snack and Nonalcoholic Beverage Bars,Public_transport,Public_transport
17818,33,Adult,41864,Moderate,2_person,married_couple,1,F&B Eatery/Full-Service Restaurants,Public_transport,Car
42645,43,Middle Age,206290,Ultra High,2_person,married_couple,2,F&B Eatery/Limited-Service Restaurants,Walking,Car
12380,44,Middle Age,40405,Moderate,1_person,living_alone,1,F&B Eatery/Full-Service Restaurants,Public_transport,Walking
65530,55,Senior,32324,Moderate,2_person,married_couple,2,F&B Eatery/Full-Service Restaurants,Car,Car
14588,76,Elderly,41464,Moderate,2_person,nonfamily_single,1,F&B Eatery/Snack and Nonalcoholic Beverage Bars,Public_transport,Car
30531,28,Young Adult,20629,Low,2_person,family_single,2,F&B Eatery/Full-Service Restaurants,Car,Walking
13311,49,Middle Age,41258,Moderate,2_person,married_couple,1,F&B Eatery/Full-Service Restaurants,Car,Car
60423,30,Young Adult,0,Debt,6_person,married_couple,1,F&B Eatery/Full-Service Restaurants,Walking,Walking
4541,29,Young Adult,73740,High,6_person,nonfamily_single,0,F&B Eatery/Full-Service Restaurants,Walking,Walking
13828,59,Senior,34037,Moderate,1_person,living_alone,1,F&B Eatery/Full-Service Restaurants,Walking,Car
39397,29,Young Adult,50507,Moderate,4_person,nonfamily_single,1,F&B Eatery/Snack and Nonalcoholic Beverage Bars,Car,Car
59179,25,Young Adult,53672,Moderate,4_person,family_single,2,F&B Eatery/Full-Service Restaurants,Car,Public_transport
22731,63,Elderly,0,Debt,5_person,married_couple,1,F&B Eatery/Full-Service Restaurants,Walking,Car
63635,28,Young Adult,42184,Moderate,3_person,family_single,1,F&B Eatery/Snack and Nonalcoholic Beverage Bars,Car,Car
46433,32,Adult,21660,Low,2_person,family_single,2,F&B Eatery/Full-Service Restaurants,Walking,Car
52530,33,Adult,35655,Moderate,3_person,married_couple,1,F&B Eatery/Full-Service Restaurants,Public_transport,Car
22115,29,Young Adult,5273,Low,2_person,married_couple,0,F&B Eatery/Full-Service Restaurants,Public_transport,Public_transport
23416,26,Young Adult,86641,High,2_person,married_couple,1,F&B Eatery/Limited-Service Restaurants,Walking,Walking
27353,36,Adult,103145,Very High,1_person,living_alone,1,F&B Eatery/Snack and Nonalcoholic Beverage Bars,Walking,Car
27258,30,Young Adult,137379,Ultra High,2_person,nonfamily_single,1,F&B Eatery/Full-Service Restaurants,Car,Walking
17821,28,Young Adult,89641,High,2_person,nonfamily_single,2,F&B Eatery/Limited-Service Restaurants,Public_transport,Walking
22462,34,Adult,60608,High,1_person,living_alone,0,F&B Eatery/Full-Service Restaurants,Walking,Walking
7960,25,Young Adult,16855,Low,6_person,family_single,0,F&B Eatery/Full-Service Restaurants,Public_transport,Walking
53571,37,Adult,162070,Ultra High,1_person,living_alone,1,F&B Eatery/Limited-Service Restaurants,Walking,Car
14440,63,Elderly,657756,Ultra High,2_person,married_couple,1,F&B Eatery/Limited-Service Restaurants,Car,Car
58092,45,Middle Age,18772,Low,4_person,family_single,1,F&B Eatery/Full-Service Restaurants,Car,Car
14986,24,Young Adult,30583,Moderate,2_person,nonfamily_single,1,F&B Eatery/Drinking Places,Car,Car
21076,58,Senior,10756,Low,1_person,living_alone,1,F&B Eatery/Limited-Service Restaurants,Car,Car
61821,64,Elderly,29294,Low,4_person,family_single,1,F&B Eatery/Limited-Service Restaurants,Public_transport,Car
40209,20,Young Adult,0,Debt,5_person,married_couple,1,F&B Eatery/Drinking Places,Public_transport,Public_transport
39023,61,Elderly,127607,Ultra High,1_person,living_alone,1,F&B Eatery/Full-Service Restaurants,Car,Car
12696,49,Middle Age,309435,Ultra High,1_person,living_alone,1,F&B Eatery/Full-Service Restaurants,Car,Car
66420,78,Elderly,24783,Low,2_person,married_couple,1,F&B Eatery/Full-Service Restaurants,Car,Car
41362,47,Middle Age,121217,Ultra High,7_plus_person,married_couple,1,F&B Eatery/Limited-Service Restaurants,Car,Walking
48123,30,Young Adult,118616,Very High,2_person,married_couple,1,F&B Eatery/Full-Service Restaurants,Walking,Walking
65839,33,Adult,59824,Moderate,3_person,married_couple,1,F&B Eatery/Drinking Places,Walking,Car
54933,35,Adult,52500,Moderate,1_person,living_alone,0,F&B Eatery/Snack and Nonalcoholic Beverage Bars,Walking,Walking
32833,33,Adult,32414,Moderate,2_person,nonfamily_single,1,F&B Eatery/Snack and Nonalcoholic Beverage Bars,Public_transport,Car
58769,19,Young Adult,0,Debt,3_person,family_single,0,F&B Eatery/Limited-Service Restaurants,Public_transport,Walking
55635,29,Young Adult,48305,Moderate,3_person,nonfamily_single,3_plus,F&B Eatery/Snack and Nonalcoholic Beverage Bars,Car,Car
16661,46,Middle Age,103145,Very High,6_person,married_couple,3_plus,F&B Eatery/Limited-Service Restaurants,Public_transport,Public_transport
62289,70,Elderly,318195,Ultra High,1_person,living_alone,1,F&B Eatery/Drinking Places,Car,Car
8656,41,Middle Age,112712,Very High,1_person,living_alone,1,F&B Eatery/Drinking Places,Car,Car
38953,42,Middle Age,236231,Ultra High,1_person,living_alone,1,F&B Eatery/Limited-Service Restaurants,Public_transport,Car
12714,45,Middle Age,0,Debt,3_person,married_couple,1,F&B Eatery/Full-Service Restaurants,Public_transport,Car
35343,27,Young Adult,36100,Moderate,1_person,living_alone,1,F&B Eatery/Limited-Service Restaurants,Public_transport,Car
19249,31,Adult,26840,Low,3_person,married_couple,2,F&B Eatery/Limited-Service Restaurants,Car,Walking
46324,44,Middle Age,362784,Ultra High,3_person,married_couple,2,F&B Eatery/Full-Service Restaurants,Walking,Car
62476,67,Elderly,22146,Low,2_person,married_couple,2,F&B Eatery/Limited-Service Restaurants,Public_transport,Car
60271,67,Elderly,67044,High,2_person,married_couple,1,F&B Eatery/Snack and Nonalcoholic Beverage Bars,Car,Car
41187,31,Adult,50507,Moderate,2_person,nonfamily_single,1,F&B Eatery/Full-Service Restaurants,Walking,Car
5113,73,Elderly,52191,Moderate,1_person,living_alone,1,F&B Eatery/Limited-Service Restaurants,Public_transport,Car
53560,32,Adult,221467,Ultra High,2_person,married_couple,1,F&B Eatery/Limited-Service Restaurants,Car,Car
46194,51,Senior,13709,Low,3_person,married_couple,2,F&B Eatery/Full-Service Restaurants,Car,Car
22409,40,Adult,51572,Moderate,4_person,nonfamily_single,0,F&B Eatery/Full-Service Restaurants,Walking,Public_transport
45510,27,Young Adult,0,Debt,2_person,family_single,1,F&B Eatery/Limited-Service Restaurants,Car,Walking
37699,35,Adult,8045,Low,5_person,married_couple,0,F&B Eatery/Limited-Service Restaurants,Public_transport,Public_transport
23274,81,Elderly,10933,Low,1_person,living_alone,0,F&B Eatery/Full-Service Restaurants,Walking,Walking
28231,76,Elderly,51517,Moderate,2_person,married_couple,1,F&B Eatery/Full-Service Restaurants,Car,Car
7512,83,Elderly,19494,Low,2_person,married_couple,1,F&B Eatery/Full-Service Restaurants,Car,Car
50573,25,Young Adult,4125,Low,2_person,nonfamily_single,2,F&B Eatery/Snack and Nonalcoholic Beverage Bars,Public_transport,Walking
33099,31,Adult,151806,Ultra High,2_person,nonfamily_single,0,F&B Eatery/Full-Service Restaurants,Car,Walking
48889,25,Young Adult,43326,Moderate,2_person,nonfamily_single,1,F&B Eatery/Full-Service Restaurants,Car,Car
13273,53,Senior,90913,Very High,4_person,family_single,3_plus,F&B Eatery/Snack and Nonalcoholic Beverage Bars,Car,Public_transport
20202,26,Young Adult,59824,Moderate,3_person,nonfamily_single,0,F&B Eatery/Full-Service Restaurants,Walking,Walking
25395,29,Young Adult,34344,Moderate,2_person,nonfamily_single,1,F&B Eatery/Full-Service Restaurants,Public_transport,Car
40768,73,Elderly,33334,Moderate,2_person,married_couple,1,F&B Eatery/Full-Service Restaurants,Car,Car
20733,26,Young Adult,30021,Moderate,5_person,married_couple,3_plus,F&B Eatery/Limited-Service Restaurants,Public_transport,Car
16059,50,Middle Age,128931,Ultra High,2_person,married_couple,2,F&B Eatery/Full-Service Restaurants,Car,Car
50812,55,Senior,0,Debt,2_person,married_couple,1,F&B Eatery/Limited-Service Restaurants,Car,Car
73,52,Senior,0,Debt,5_person,married_couple,1,F&B Eatery/Full-Service Restaurants,Public_transport,Car
1843,44,Middle Age,121012,Ultra High,1_person,living_alone,0,F&B Eatery/Full-Service Restaurants,Walking,Walking
33538,81,Elderly,256269,Ultra High,1_person,living_alone,1,F&B Eatery/Full-Service Restaurants,Car,Car
11228,74,Elderly,41165,Moderate,2_person,nonfamily_single,2,F&B Eatery/Full-Service Restaurants,Car,Car
47447,26,Young Adult,168126,Ultra High,3_person,nonfamily_single,0,F&B Eatery/Snack and Nonalcoholic Beverage Bars,Public_transport,Walking
63542,21,Young Adult,2160,Low,3_person,nonfamily_single,0,F&B Eatery/Limited-Service Restaurants,Public_transport,Walking
17669,52,Senior,0,Debt,3_person,married_couple,1,F&B Eatery/Full-Service Restaurants,Public_transport,Car
9436,19,Young Adult,0,Debt,3_person,nonfamily_single,0,F&B Eatery/Snack and Nonalcoholic Beverage Bars,Walking,Walking
60620,70,Elderly,330317,Ultra High,7_plus_person,married_couple,1,F&B Eatery/Full-Service Restaurants,Walking,Car
49011,57,Senior,102423,Very High,1_person,living_alone,1,F&B Eatery/Full-Service Restaurants,Car,Car
28879,41,Middle Age,84368,High,2_person,married_couple,2,F&B Eatery/Snack and Nonalcoholic Beverage Bars,Public_transport,Car
54700,65,Elderly,0,Debt,4_person,married_couple,1,F&B Eatery/Full-Service Restaurants,Car,Car
18325,21,Young Adult,0,Debt,2_person,nonfamily_single,0,F&B Eatery/Snack and Nonalcoholic Beverage Bars,Walking,Walking
37621,79,Elderly,24689,Low,3_person,family_single,3_plus,F&B Eatery/Limited-Service Restaurants,Car,Car
50511,23,Young Adult,44715,Moderate,2_person,nonfamily_single,0,F&B Eatery/Full-Service Restaurants,Walking,Walking
19781,26,Young Adult,75141,High,1_person,living_alone,0,F&B Eatery/Limited-Service Restaurants,Walking,Walking
13406,77,Elderly,379006,Ultra High,1_person,living_alone,0,F&B Eatery/Full-Service Restaurants,Walking,Public_transport
12150,27,Young Adult,0,Debt,4_person,nonfamily_single,1,F&B Eatery/Full-Service Restaurants,Car,Walking
5938,45,Middle Age,361008,Ultra High,2_person,married_couple,2,F&B Eatery/Limited-Service Restaurants,Walking,Car
28207,55,Senior,295198,Ultra High,1_person,living_alone,1,F&B Eatery/Limited-Service Restaurants,Public_transport,Car
28451,60,Senior,122967,Ultra High,2_person,family_single,1,F&B Eatery/Full-Service Restaurants,Public_transport,Car
42447,30,Young Adult,31975,Moderate,3_person,married_couple,0,F&B Eatery/Full-Service Restaurants,Public_transport,Walking
21448,73,Elderly,54853,Moderate,2_person,married_couple,1,F&B Eatery/Full-Service Restaurants,Car,Car
5745,26,Young Adult,38385,Moderate,2_person,nonfamily_single,1,F&B Eatery/Full-Service Restaurants,Public_transport,Car
44296,64,Elderly,9899,Low,2_person,married_couple,1,F&B Eatery/Full-Service Restaurants,Car,Car
4027,46,Middle Age,44352,Moderate,4_person,nonfamily_single,2,F&B Eatery/Snack and Nonalcoholic Beverage Bars,Car,Car
66298,80,Elderly,0,Debt,6_person,married_couple,2,F&B Eatery/Limited-Service Restaurants,Car,Car
48824,42,Middle Age,38858,Moderate,2_person,nonfamily_single,2,F&B Eatery/Full-Service Restaurants,Walking,Public_transport
17500,27,Young Adult,64406,High,2_person,nonfamily_single,2,F&B Eatery/Limited-Service Restaurants,Public_transport,Walking
47145,40,Adult,32414,Moderate,7_plus_person,married_couple,1,F&B Eatery/Drinking Places,Walking,Public_transport
8974,37,Adult,0,Debt,1_person,living_alone,0,F&B Eatery/Limited-Service Restaurants,Public_transport,Walking
38665,57,Senior,429,Low,1_person,living_alone,0,F&B Eatery/Full-Service Restaurants,Walking,Public_transport
21326,32,Adult,75152,High,1_person,living_alone,0,F&B Eatery/Snack and Nonalcoholic Beverage Bars,Public_transport,Walking
36731,64,Elderly,55428,Moderate,1_person,living_alone,1,F&B Eatery/Snack and Nonalcoholic Beverage Bars,Car,Car
3937,20,Young Adult,6482,Low,2_person,nonfamily_single,0,F&B Eatery/Limited-Service Restaurants,Public_transport,Walking
20437,34,Adult,58588,Moderate,2_person,nonfamily_single,1,F&B Eatery/Full-Service Restaurants,Public_transport,Car
17494,45,Middle Age,103051,Very High,2_person,married_couple,0,F&B Eatery/Limited-Service Restaurants,Walking,Public_transport
4414,46,Middle Age,10314,Low,3_person,married_couple,1,F&B Eatery/Snack and Nonalcoholic Beverage Bars,Car,Car
55562,35,Adult,75760,High,7_plus_person,married_couple,2,F&B Eatery/Full-Service Restaurants,Walking,Walking
61686,22,Young Adult,25499,Low,2_person,married_couple,1,F&B Eatery/Full-Service Restaurants,Walking,Public_transport
49945,32,Adult,43320,Moderate,3_person,family_single,1,F&B Eatery/Full-Service Restaurants,Public_transport,Car
26401,46,Middle Age,54023,Moderate,4_person,family_single,1,F&B Eatery/Full-Service Restaurants,Walking,Car
3146,61,Elderly,19288,Low,1_person,living_alone,1,F&B Eatery/Full-Service Restaurants,Car,Car
50529,55,Senior,32324,Moderate,4_person,married_couple,1,F&B Eatery/Full-Service Restaurants,Public_transport,Public_transport
58881,79,Elderly,42184,Moderate,1_person,living_alone,1,F&B Eatery/Full-Service Restaurants,Car,Car
64199,32,Adult,34350,Moderate,2_person,married_couple,2,F&B Eatery/Full-Service Restaurants,Car,Car
7507,26,Young Adult,75632,High,3_person,nonfamily_single,1,F&B Eatery/Full-Service Restaurants,Public_transport,Walking
49296,43,Middle Age,10101,Low,2_person,nonfamily_single,1,F&B Eatery/Full-Service Restaurants,Walking,Car
43535,30,Young Adult,0,Debt,3_person,married_couple,0,F&B Eatery/Full-Service Restaurants,Public_transport,Walking
38960,40,Adult,12323,Low,3_person,family_single,0,F&B Eatery/Full-Service Restaurants,Walking,Public_transport
9990,30,Young Adult,40405,Moderate,3_person,nonfamily_single,3_plus,F&B Eatery/Limited-Service Restaurants,Public_transport,Car
3514,21,Young Adult,3094,Low,4_person,nonfamily_single,0,F&B Eatery/Limited-Service Restaurants,Walking,Walking
61030,40,Adult,240450,Ultra High,2_person,married_couple,0,F&B Eatery/Drinking Places,Walking,Walking
40040,45,Middle Age,1054,Low,2_person,married_couple,2,F&B Eatery/Full-Service Restaurants,Car,Car
59091,67,Elderly,10372,Low,2_person,nonfamily_single,0,F&B Eatery/Limited-Service Restaurants,Walking,Walking
19476,24,Young Adult,25253,Low,1_person,living_alone,0,F&B Eatery/Limited-Service Restaurants,Walking,Walking
65179,32,Adult,309435,Ultra High,1_person,living_alone,1,F&B Eatery/Snack and Nonalcoholic Beverage Bars,Car,Car
31235,55,Senior,85423,High,2_person,married_couple,1,F&B Eatery/Snack and Nonalcoholic Beverage Bars,Walking,Car
33971,29,Young Adult,134088,Ultra High,2_person,nonfamily_single,1,F&B Eatery/Full-Service Restaurants,Walking,Walking
36163,65,Elderly,10101,Low,4_person,family_single,2,F&B Eatery/Full-Service Restaurants,Walking,Car
50982,25,Young Adult,18367,Low,2_person,married_couple,1,F&B Eatery/Full-Service Restaurants,Car,Public_transport
42459,84,Elderly,22223,Low,2_person,married_couple,2,F&B Eatery/Full-Service Restaurants,Car,Car
53333,52,Senior,0,Debt,3_person,married_couple,2,F&B Eatery/Limited-Service Restaurants,Car,Car
56777,54,Senior,0,Debt,4_person,married_couple,2,F&B Eatery/Full-Service Restaurants,Public_transport,Walking
53380,69,Elderly,8485,Low,5_person,family_single,1,F&B Eatery/Limited-Service Restaurants,Public_transport,Car
9411,19,Young Adult,6060,Low,3_person,nonfamily_single,0,F&B Eatery/Snack and Nonalcoholic Beverage Bars,Public_transport,Walking
5255,30,Young Adult,206290,Ultra High,2_person,nonfamily_single,2,F&B Eatery/Full-Service Restaurants,Car,Car
38725,39,Adult,154717,Ultra High,4_person,married_couple,2,F&B Eatery/Limited-Service Restaurants,Car,Public_transport
42418,26,Young Adult,134989,Ultra High,1_person,living_alone,1,F&B Eatery/Full-Service Restaurants,Car,Walking
26624,31,Adult,236158,Ultra High,2_person,nonfamily_single,1,F&B Eatery/Full-Service Restaurants,Car,Car
52827,29,Young Adult,53672,Moderate,2_person,nonfamily_single,1,F&B Eatery/Full-Service Restaurants,Public_transport,Car
44876,69,Elderly,331832,Ultra High,2_person,married_couple,1,F&B Eatery/Full-Service Restaurants,Car,Car
15678,30,Young Adult,89679,High,1_person,living_alone,1,F&B Eatery/Snack and Nonalcoholic Beverage Bars,Walking,Walking
57010,58,Senior,19448,Low,1_person,living_alone,0,F&B Eatery/Limited-Service Restaurants,Public_transport,Public_transport
10046,66,Elderly,9185,Low,1_person,living_alone,1,F&B Eatery/Full-Service Restaurants,Walking,Car
1055,83,Elderly,7171,Low,2_person,married_couple,1,F&B Eatery/Full-Service Restaurants,Public_transport,Car
46648,25,Young Adult,63950,High,2_person,nonfamily_single,2,F&B Eatery/Drinking Places,Car,Walking
16978,29,Young Adult,53672,Moderate,3_person,family_single,1,F&B Eatery/Full-Service Restaurants,Walking,Car
33528,22,Young Adult,33276,Moderate,3_person,nonfamily_single,2,F&B Eatery/Full-Service Restaurants,Walking,Car
1525,34,Adult,0,Debt,3_person,married_couple,1,F&B Eatery/Drinking Places,Public_transport,Car
62966,63,Elderly,10314,Low,1_person,living_alone,1,F&B Eatery/Snack and Nonalcoholic Beverage Bars,Car,Car
20043,31,Adult,120763,Ultra High,3_person,married_couple,1,F&B Eatery/Drinking Places,Walking,Car
63657,57,Senior,126044,Ultra High,2_person,married_couple,1,F&B Eatery/Full-Service Restaurants,Public_transport,Car
22208,19,Young Adult,0,Debt,2_person,family_single,1,F&B Eatery/Snack and Nonalcoholic Beverage Bars,Car,Walking
5154,64,Elderly,8372,Low,2_person,family_single,1,F&B Eatery/Full-Service Restaurants,Car,Car
45662,53,Senior,58792,Moderate,5_person,family_single,2,F&B Eatery/Full-Service Restaurants,Car,Car
14126,20,Young Adult,16101,Low,4_person,nonfamily_single,0,F&B Eatery/Full-Service Restaurants,Walking,Walking
28900,77,Elderly,12881,Low,2_person,family_single,1,F&B Eatery/Snack and Nonalcoholic Beverage Bars,Car,Car
5664,24,Young Adult,23986,Low,3_person,family_single,0,F&B Eatery/Limited-Service Restaurants,Walking,Walking
1806,32,Adult,9446,Low,1_person,living_alone,0,F&B Eatery/Full-Service Restaurants,Walking,Walking
49177,37,Adult,0,Debt,5_person,married_couple,3_plus,F&B Eatery/Full-Service Restaurants,Public_transport,Car
58288,22,Young Adult,10101,Low,4_person,nonfamily_single,2,F&B Eatery/Full-Service Restaurants,Car,Car
17145,21,Young Adult,0,Debt,4_person,nonfamily_single,0,F&B Eatery/Limited-Service Restaurants,Walking,Walking
48319,17,Teen,1620,Low,2_person,family_single,0,F&B Eatery/Full-Service Restaurants,Public_transport,Walking
29958,62,Elderly,15234,Low,1_person,living_alone,1,F&B Eatery/Full-Service Restaurants,Walking,Car
65808,56,Senior,8990,Low,7_plus_person,family_single,1,F&B Eatery/Drinking Places,Car,Walking
2970,52,Senior,19510,Low,4_person,family_single,1,F&B Eatery/Snack and Nonalcoholic Beverage Bars,Walking,Car
58837,46,Middle Age,60608,High,1_person,living_alone,1,F&B Eatery/Full-Service Restaurants,Car,Car
29550,37,Adult,129656,Ultra High,1_person,living_alone,1,F&B Eatery/Full-Service Restaurants,Car,Car
39767,22,Young Adult,3094,Low,2_person,nonfamily_single,0,F&B Eatery/Drinking Places,Walking,Walking
16465,58,Senior,0,Debt,3_person,family_single,2,F&B Eatery/Full-Service Restaurants,Car,Car
493,19,Young Adult,0,Debt,3_person,nonfamily_single,0,F&B Eatery/Drinking Places,Walking,Walking
25108,34,Adult,97246,Very High,2_person,nonfamily_single,0,F&B Eatery/Limited-Service Restaurants,Public_transport,Walking
50110,64,Elderly,11777,Low,2_person,family_single,1,F&B Eatery/Drinking Places,Walking,Car
41432,62,Elderly,8889,Low,7_plus_person,nonfamily_single,0,F&B Eatery/Full-Service Restaurants,Walking,Public_transport
48348,64,Elderly,11600,Low,2_person,family_single,1,F&B Eatery/Snack and Nonalcoholic Beverage Bars,Car,Car
48888,51,Senior,90913,Very High,1_person,living_alone,1,F&B Eatery/Limited-Service Restaurants,Walking,Car
46569,26,Young Adult,70230,High,2_person,nonfamily_single,1,F&B Eatery/Full-Service Restaurants,Walking,Walking
10482,30,Young Adult,0,Debt,6_person,married_couple,1,F&B Eatery/Limited-Service Restaurants,Public_transport,Walking
28523,77,Elderly,13333,Low,2_person,family_single,0,F&B Eatery/Full-Service Restaurants,Public_transport,Walking
32767,27,Young Adult,0,Debt,2_person,nonfamily_single,0,F&B Eatery/Limited-Service Restaurants,Public_transport,Walking
6026,21,Young Adult,0,Debt,4_person,nonfamily_single,0,F&B Eatery/Limited-Service Restaurants,Walking,Walking
23365,27,Young Adult,42184,Moderate,3_person,nonfamily_single,1,F&B Eatery/Snack and Nonalcoholic Beverage Bars,Walking,Car
40006,29,Young Adult,52527,Moderate,2_person,married_couple,2,F&B Eatery/Full-Service Restaurants,Car,Car
30151,48,Middle Age,69603,High,3_person,married_couple,0,F&B Eatery/Limited-Service Restaurants,Public_transport,Public_transport
30844,47,Middle Age,199070,Ultra High,3_person,married_couple,2,F&B Eatery/Limited-Service Restaurants,Car,Car
62888,38,Adult,36100,Moderate,4_person,family_single,1,F&B Eatery/Full-Service Restaurants,Walking,Public_transport
27475,62,Elderly,0,Debt,2_person,married_couple,2,F&B Eatery/Limited-Service Restaurants,Car,Car
22689,36,Adult,226919,Ultra High,6_person,married_couple,1,F&B Eatery/Snack and Nonalcoholic Beverage Bars,Car,Public_transport
53106,58,Senior,84368,High,2_person,married_couple,2,F&B Eatery/Limited-Service Restaurants,Car,Car
53555,59,Senior,142430,Ultra High,1_person,living_alone,1,F&B Eatery/Full-Service Restaurants,Car,Car
1384,26,Young Adult,70230,High,3_person,nonfamily_single,1,F&B Eatery/Snack and Nonalcoholic Beverage Bars,Public_transport,Walking
26771,72,Elderly,113136,Very High,1_person,living_alone,0,F&B Eatery/Full-Service Restaurants,Walking,Walking
20895,44,Middle Age,0,Debt,4_person,married_couple,1,F&B Eatery/Drinking Places,Public_transport,Car
61974,29,Young Adult,52,Low,3_person,family_single,0,F&B Eatery/Limited-Service Restaurants,Walking,Walking
27414,32,Adult,30304,Moderate,3_person,family_single,0,F&B Eatery/Snack and Nonalcoholic Beverage Bars,Public_transport,Walking
23241,38,Adult,85610,High,2_person,family_single,2,F&B Eatery/Limited-Service Restaurants,Walking,Car
21737,26,Young Adult,37132,Moderate,1_person,living_alone,1,F&B Eatery/Full-Service Restaurants,Walking,Car
11284,38,Adult,97987,Very High,1_person,living_alone,1,F&B Eatery/Snack and Nonalcoholic Beverage Bars,Car,Car
53739,23,Young Adult,30943,Moderate,6_person,nonfamily_single,0,F&B Eatery/Snack and Nonalcoholic Beverage Bars,Public_transport,Walking
50825,30,Young Adult,64828,High,2_person,nonfamily_single,0,F&B Eatery/Drinking Places,Walking,Walking
23070,34,Adult,30943,Moderate,6_person,married_couple,2,F&B Eatery/Full-Service Restaurants,Walking,Car
43909,53,Senior,5050,Low,1_person,living_alone,1,F&B Eatery/Full-Service Restaurants,Walking,Car
32705,38,Adult,1620,Low,4_person,married_couple,1,F&B Eatery/Limited-Service Restaurants,Walking,Public_transport
35318,33,Adult,126552,Ultra High,4_person,married_couple,2,F&B Eatery/Drinking Places,Walking,Public_transport
28799,21,Young Adult,0,Debt,5_person,married_couple,2,F&B Eatery/Snack and Nonalcoholic Beverage Bars,Walking,Car
46069,39,Adult,26836,Low,5_person,married_couple,1,F&B Eatery/Snack and Nonalcoholic Beverage Bars,Walking,Car
63798,35,Adult,69150,High,1_person,living_alone,1,F&B Eatery/Drinking Places,Car,Car
2722,56,Senior,9661,Low,5_person,married_couple,1,F&B Eatery/Full-Service Restaurants,Public_transport,Car
10979,24,Young Adult,34801,Moderate,4_person,nonfamily_single,1,F&B Eatery/Full-Service Restaurants,Car,Car
20108,26,Young Adult,61887,High,2_person,nonfamily_single,1,F&B Eatery/Full-Service Restaurants,Car,Walking
17648,29,Young Adult,51572,Moderate,4_person,nonfamily_single,1,F&B Eatery/Snack and Nonalcoholic Beverage Bars,Public_transport,Car
21251,35,Adult,361008,Ultra High,2_person,married_couple,2,F&B Eatery/Snack and Nonalcoholic Beverage Bars,Public_transport,Car
14925,25,Young Adult,30304,Moderate,2_person,nonfamily_single,0,F&B Eatery/Snack and Nonalcoholic Beverage Bars,Walking,Walking
29176,74,Elderly,0,Debt,3_person,family_single,1,F&B Eatery/Drinking Places,Car,Car
45697,86,Elderly,35423,Moderate,2_person,family_single,1,F&B Eatery/Drinking Places,Car,Car
58360,75,Elderly,32376,Moderate,1_person,living_alone,0,F&B Eatery/Drinking Places,Car,Public_transport
66510,32,Adult,0,Debt,1_person,living_alone,1,F&B Eatery/Snack and Nonalcoholic Beverage Bars,Walking,Public_transport
46060,89,Elderly,87882,High,2_person,family_single,1,F&B Eatery/Full-Service Restaurants,Car,Car
12563,59,Senior,141308,Ultra High,4_person,married_couple,2,F&B Eatery/Full-Service Restaurants,Car,Car
33583,33,Adult,0,Debt,4_person,married_couple,2,F&B Eatery/Special Food Services,Walking,Car
36787,79,Elderly,18982,Low,2_person,married_couple,1,F&B Eatery/Full-Service Restaurants,Car,Car
7607,19,Young Adult,3030,Low,5_person,married_couple,2,F&B Eatery/Drinking Places,Public_transport,Public_transport
53526,27,Young Adult,6590,Low,2_person,family_single,3_plus,F&B Eatery/Full-Service Restaurants,Car,Walking
25848,21,Young Adult,0,Debt,3_person,nonfamily_single,0,F&B Eatery/Snack and Nonalcoholic Beverage Bars,Walking,Walking
36855,34,Adult,126774,Ultra High,2_person,married_couple,2,F&B Eatery/Full-Service Restaurants,Car,Car
59329,61,Elderly,30056,Moderate,7_plus_person,family_single,1,F&B Eatery/Full-Service Restaurants,Car,Car
22748,68,Elderly,10933,Low,1_person,living_alone,1,F&B Eatery/Snack and Nonalcoholic Beverage Bars,Car,Car
30346,36,Adult,378,Low,3_person,married_couple,2,F&B Eatery/Limited-Service Restaurants,Walking,Walking
51049,63,Elderly,9091,Low,4_person,married_couple,1,F&B Eatery/Full-Service Restaurants,Car,Car
31389,48,Middle Age,29294,Low,3_person,married_couple,3_plus,F&B Eatery/Limited-Service Restaurants,Walking,Car
58162,44,Middle Age,17534,Low,7_plus_person,married_couple,3_plus,F&B Eatery/Full-Service Restaurants,Car,Car
14547,70,Elderly,27273,Low,2_person,married_couple,2,F&B Eatery/Full-Service Restaurants,Car,Car
23800,49,Middle Age,64406,High,6_person,married_couple,3_plus,F&B Eatery/Snack and Nonalcoholic Beverage Bars,Public_transport,Car
9046,62,Elderly,10546,Low,4_person,married_couple,1,F&B Eatery/Drinking Places,Walking,Car
60575,49,Middle Age,39195,Moderate,4_person,married_couple,1,F&B Eatery/Full-Service Restaurants,Walking,Car
58462,74,Elderly,6440,Low,4_person,married_couple,3_plus,F&B Eatery/Snack and Nonalcoholic Beverage Bars,Public_transport,Car
3970,65,Elderly,53807,Moderate,1_person,living_alone,0,F&B Eatery/Snack and Nonalcoholic Beverage Bars,Walking,Public_transport
51681,63,Elderly,0,Debt,6_person,married_couple,1,F&B Eatery/Drinking Places,Car,Car
44721,78,Elderly,21041,Low,2_person,family_single,1,F&B Eatery/Full-Service Restaurants,Public_transport,Car
28161,18,Teen,0,Debt,3_person,family_single,0,F&B Eatery/Limited-Service Restaurants,Public_transport,Walking
6922,30,Young Adult,10372,Low,3_person,family_single,0,F&B Eatery/Full-Service Restaurants,Walking,Walking
41675,69,Elderly,8889,Low,7_plus_person,nonfamily_single,0,F&B Eatery/Limited-Service Restaurants,Walking,Public_transport
660,22,Young Adult,5367,Low,3_person,family_single,1,F&B Eatery/Limited-Service Restaurants,Car,Walking
57226,28,Young Adult,0,Debt,4_person,nonfamily_single,2,F&B Eatery/Full-Service Restaurants,Public_transport,Walking
31645,22,Young Adult,0,Debt,1_person,living_alone,0,F&B Eatery/Full-Service Restaurants,Public_transport,Walking
25128,49,Middle Age,0,Debt,4_person,married_couple,2,F&B Eatery/Full-Service Restaurants,Public_transport,Car
17502,58,Senior,102644,Very High,4_person,married_couple,1,F&B Eatery/Full-Service Restaurants,Public_transport,Car
17671,37,Adult,107569,Very High,2_person,married_couple,2,F&B Eatery/Full-Service Restaurants,Car,Car
62426,22,Young Adult,43218,Moderate,2_person,nonfamily_single,1,F&B Eatery/Snack and Nonalcoholic Beverage Bars,Walking,Car
53084,43,Middle Age,44226,Moderate,3_person,family_single,2,F&B Eatery/Full-Service Restaurants,Public_transport,Public_transport
7358,94,Elderly,15126,Low,1_person,living_alone,0,F&B Eatery/Full-Service Restaurants,Car,Walking
51468,46,Middle Age,107344,Very High,2_person,family_single,0,F&B Eatery/Snack and Nonalcoholic Beverage Bars,Public_transport,Public_transport
17801,55,Senior,61478,High,4_person,married_couple,2,F&B Eatery/Full-Service Restaurants,Car,Car
28991,73,Elderly,71170,High,2_person,married_couple,1,F&B Eatery/Snack and Nonalcoholic Beverage Bars,Walking,Car
51667,26,Young Adult,61887,High,2_person,nonfamily_single,1,F&B Eatery/Full-Service Restaurants,Car,Walking
27167,27,Young Adult,16101,Low,5_person,family_single,2,F&B Eatery/Snack and Nonalcoholic Beverage Bars,Walking,Car
64897,27,Young Adult,83842,High,2_person,married_couple,1,F&B Eatery/Full-Service Restaurants,Walking,Walking
39322,62,Elderly,643462,Ultra High,2_person,married_couple,1,F&B Eatery/Full-Service Restaurants,Public_transport,Car
50146,79,Elderly,8331,Low,2_person,married_couple,1,F&B Eatery/Snack and Nonalcoholic Beverage Bars,Car,Car
60717,68,Elderly,261921,Ultra High,1_person,living_alone,1,F&B Eatery/Full-Service Restaurants,Car,Car
53444,68,Elderly,8889,Low,7_plus_person,nonfamily_single,0,F&B Eatery/Full-Service Restaurants,Walking,Public_transport
54328,37,Adult,162070,Ultra High,1_person,living_alone,1,F&B Eatery/Limited-Service Restaurants,Walking,Car
34229,21,Young Adult,0,Debt,1_person,living_alone,0,F&B Eatery/Full-Service Restaurants,Car,Walking
2409,68,Elderly,0,Debt,2_person,married_couple,1,F&B Eatery/Full-Service Restaurants,Public_transport,Car
296,83,Elderly,485879,Ultra High,2_person,married_couple,1,F&B Eatery/Full-Service Restaurants,Car,Car
32244,31,Adult,128931,Ultra High,2_person,married_couple,2,F&B Eatery/Snack and Nonalcoholic Beverage Bars,Car,Car
51016,26,Young Adult,0,Debt,3_person,nonfamily_single,1,F&B Eatery/Full-Service Restaurants,Car,Walking
18296,63,Elderly,71713,High,2_person,married_couple,1,F&B Eatery/Full-Service Restaurants,Public_transport,Car
49712,31,Adult,70710,High,1_person,living_alone,0,F&B Eatery/Limited-Service Restaurants,Car,Walking
7548,76,Elderly,30056,Moderate,2_person,married_couple,1,F&B Eatery/Limited-Service Restaurants,Car,Car
7942,80,Elderly,11020,Low,1_person,living_alone,0,F&B Eatery/Limited-Service Restaurants,Car,Walking
53546,53,Senior,0,Debt,4_person,married_couple,2,F&B Eatery/Full-Service Restaurants,Public_transport,Walking
17529,58,Senior,75141,High,3_person,married_couple,2,F&B Eatery/Limited-Service Restaurants,Walking,Car
48890,23,Young Adult,63276,High,3_person,nonfamily_single,0,F&B Eatery/Limited-Service Restaurants,Car,Walking
58091,95,Elderly,54563,Moderate,2_person,family_single,1,F&B Eatery/Full-Service Restaurants,Public_transport,Car
5789,80,Elderly,10048,Low,4_person,family_single,1,F&B Eatery/Full-Service Restaurants,Public_transport,Car
66385,66,Elderly,9491,Low,1_person,living_alone,2,F&B Eatery/Limited-Service Restaurants,Car,Car
29405,59,Senior,158190,Ultra High,2_person,married_couple,2,F&B Eatery/Limited-Service Restaurants,Car,Car
60857,70,Elderly,22568,Low,7_plus_person,married_couple,1,F&B Eatery/Full-Service Restaurants,Public_transport,Car
57698,26,Young Adult,26817,Low,1_person,living_alone,1,F&B Eatery/Full-Service Restaurants,Walking,Walking
65658,75,Elderly,4848,Low,3_person,married_couple,1,F&B Eatery/Full-Service Restaurants,Walking,Car
40146,42,Middle Age,6395,Low,3_person,married_couple,1,F&B Eatery/Full-Service Restaurants,Car,Car
6553,64,Elderly,23940,Low,2_person,family_single,0,F&B Eatery/Snack and Nonalcoholic Beverage Bars,Car,Walking
64336,56,Senior,30304,Moderate,5_person,married_couple,1,F&B Eatery/Snack and Nonalcoholic Beverage Bars,Car,Car
37533,42,Middle Age,90913,Very High,4_person,married_couple,1,F&B Eatery/Full-Service Restaurants,Public_transport,Car
29181,90,Elderly,136151,Ultra High,1_person,living_alone,0,F&B Eatery/Full-Service Restaurants,Walking,Public_transport
57031,71,Elderly,6333,Low,3_person,family_single,1,F&B Eatery/Snack and Nonalcoholic Beverage Bars,Car,Car
20534,37,Adult,165032,Ultra High,2_person,nonfamily_single,1,F&B Eatery/Snack and Nonalcoholic Beverage Bars,Car,Car
45188,69,Elderly,54745,Moderate,1_person,living_alone,1,F&B Eatery/Snack and Nonalcoholic Beverage Bars,Car,Car
26411,28,Young Adult,52491,Moderate,4_person,nonfamily_single,1,F&B Eatery/Full-Service Restaurants,Public_transport,Car
38492,19,Young Adult,3030,Low,5_person,married_couple,2,F&B Eatery/Full-Service Restaurants,Walking,Public_transport
42623,59,Senior,82831,High,3_person,married_couple,2,F&B Eatery/Full-Service Restaurants,Public_transport,Car
4931,62,Elderly,293952,Ultra High,1_person,living_alone,2,F&B Eatery/Full-Service Restaurants,Public_transport,Car
9638,84,Elderly,12749,Low,3_person,family_single,1,F&B Eatery/Full-Service Restaurants,Walking,Car
49907,18,Teen,0,Debt,3_person,family_single,1,F&B Eatery/Full-Service Restaurants,Car,Walking
30428,60,Senior,0,Debt,2_person,married_couple,2,F&B Eatery/Full-Service Restaurants,Walking,Car
13795,30,Young Adult,0,Debt,3_person,married_couple,0,F&B Eatery/Snack and Nonalcoholic Beverage Bars,Public_transport,Walking
61104,31,Adult,10314,Low,5_person,married_couple,0,F&B Eatery/Snack and Nonalcoholic Beverage Bars,Walking,Public_transport
8381,48,Middle Age,27011,Low,3_person,nonfamily_single,0,F&B Eatery/Full-Service Restaurants,Walking,Walking
54535,24,Young Adult,65659,High,3_person,nonfamily_single,0,F&B Eatery/Limited-Service Restaurants,Public_transport,Walking
49629,36,Adult,114529,Very High,4_person,family_single,2,F&B Eatery/Full-Service Restaurants,Walking,Public_transport
2886,43,Middle Age,0,Debt,5_person,family_single,0,F&B Eatery/Full-Service Restaurants,Public_transport,Walking
1883,35,Adult,39900,Moderate,2_person,married_couple,1,F&B Eatery/Limited-Service Restaurants,Walking,Car
4190,75,Elderly,12047,Low,2_person,married_couple,1,F&B Eatery/Limited-Service Restaurants,Public_transport,Car
54619,66,Elderly,35209,Moderate,1_person,living_alone,1,F&B Eatery/Full-Service Restaurants,Public_transport,Car
32975,84,Elderly,8736,Low,2_person,married_couple,2,F&B Eatery/Limited-Service Restaurants,Car,Car
37118,34,Adult,39020,Moderate,3_person,family_single,2,F&B Eatery/Snack and Nonalcoholic Beverage Bars,Public_transport,Car
30565,32,Adult,197119,Ultra High,2_person,nonfamily_single,1,F&B Eatery/Full-Service Restaurants,Car,Car
25218,30,Young Adult,43218,Moderate,2_person,nonfamily_single,0,F&B Eatery/Full-Service Restaurants,Public_transport,Walking
41509,94,Elderly,38896,Moderate,2_person,married_couple,1,F&B Eatery/Full-Service Restaurants,Public_transport,Car
16375,79,Elderly,330683,Ultra High,2_person,married_couple,2,F&B Eatery/Full-Service Restaurants,Car,Car
7630,58,Senior,36100,Moderate,2_person,married_couple,1,F&B Eatery/Full-Service Restaurants,Public_transport,Car
4761,62,Elderly,10546,Low,4_person,married_couple,1,F&B Eatery/Full-Service Restaurants,Public_transport,Car
62586,47,Middle Age,121217,Ultra High,7_plus_person,married_couple,1,F&B Eatery/Full-Service Restaurants,Car,Walking
2723,44,Middle Age,135058,Ultra High,3_person,married_couple,2,F&B Eatery/Full-Service Restaurants,Public_transport,Car
50945,56,Senior,0,Debt,2_person,married_couple,1,F&B Eatery/Full-Service Restaurants,Car,Car
9884,51,Senior,92805,Very High,3_person,family_single,3_plus,F&B Eatery/Snack and Nonalcoholic Beverage Bars,Car,Car
55691,42,Middle Age,9697,Low,7_plus_person,married_couple,3_plus,F&B Eatery/Full-Service Restaurants,Car,Car
54217,34,Adult,124254,Ultra High,2_person,married_couple,1,F&B Eatery/Full-Service Restaurants,Walking,Car
16877,50,Middle Age,28092,Low,6_person,married_couple,3_plus,F&B Eatery/Snack and Nonalcoholic Beverage Bars,Public_transport,Car
45227,43,Middle Age,151914,Ultra High,3_person,married_couple,1,F&B Eatery/Full-Service Restaurants,Walking,Car
20637,43,Middle Age,5050,Low,2_person,married_couple,1,F&B Eatery/Drinking Places,Car,Car
23212,63,Elderly,27443,Low,2_person,family_single,2,F&B Eatery/Snack and Nonalcoholic Beverage Bars,Car,Car
34231,50,Middle Age,0,Debt,1_person,living_alone,1,F&B Eatery/Full-Service Restaurants,Public_transport,Public_transport
496,76,Elderly,0,Debt,5_person,married_couple,2,F&B Eatery/Limited-Service Restaurants,Car,Car
41872,26,Young Adult,30943,Moderate,2_person,married_couple,1,F&B Eatery/Snack and Nonalcoholic Beverage Bars,Walking,Car
44464,77,Elderly,13333,Low,2_person,family_single,0,F&B Eatery/Full-Service Restaurants,Public_transport,Walking
4008,61,Elderly,8889,Low,7_plus_person,nonfamily_single,0,F&B Eatery/Snack and Nonalcoholic Beverage Bars,Car,Public_transport
44725,79,Elderly,8331,Low,2_person,married_couple,1,F&B Eatery/Limited-Service Restaurants,Car,Car
35055,27,Young Adult,108155,Very High,3_person,nonfamily_single,3_plus,F&B Eatery/Full-Service Restaurants,Public_transport,Car
18582,28,Young Adult,113785,Very High,2_person,married_couple,1,F&B Eatery/Full-Service Restaurants,Car,Walking
8655,39,Adult,32203,Moderate,3_person,married_couple,1,F&B Eatery/Drinking Places,Public_transport,Car
11982,23,Young Adult,12377,Low,3_person,nonfamily_single,1,F&B Eatery/Full-Service Restaurants,Walking,Walking
41925,34,Adult,110365,Very High,3_person,married_couple,1,F&B Eatery/Snack and Nonalcoholic Beverage Bars,Car,Car
33212,26,Young Adult,65385,High,3_person,nonfamily_single,3_plus,F&B Eatery/Snack and Nonalcoholic Beverage Bars,Car,Car
43036,38,Adult,59966,Moderate,1_person,living_alone,0,F&B Eatery/Full-Service Restaurants,Walking,Walking
28798,59,Senior,7645,Low,1_person,living_alone,1,F&B Eatery/Full-Service Restaurants,Car,Car
31250,70,Elderly,34037,Moderate,2_person,married_couple,2,F&B Eatery/Full-Service Restaurants,Car,Car
8630,24,Young Adult,25786,Low,2_person,nonfamily_single,2,F&B Eatery/Limited-Service Restaurants,Walking,Walking
33440,31,Adult,68689,High,2_person,married_couple,1,F&B Eatery/Snack and Nonalcoholic Beverage Bars,Public_transport,Car
50053,28,Young Adult,64828,High,3_person,nonfamily_single,0,F&B Eatery/Full-Service Restaurants,Walking,Walking
25595,23,Young Adult,45084,Moderate,2_person,nonfamily_single,0,F&B Eatery/Full-Service Restaurants,Public_transport,Walking
34262,30,Young Adult,30943,Moderate,6_person,nonfamily_single,2,F&B Eatery/Full-Service Restaurants,Car,Car
59873,22,Young Adult,0,Debt,3_person,nonfamily_single,0,F&B Eatery/Full-Service Restaurants,Walking,Walking
63220,31,Adult,0,Debt,4_person,nonfamily_single,1,F&B Eatery/Full-Service Restaurants,Car,Walking
38029,66,Elderly,14337,Low,1_person,living_alone,3_plus,F&B Eatery/Limited-Service Restaurants,Public_transport,Car
44512,78,Elderly,68549,High,2_person,married_couple,1,F&B Eatery/Full-Service Restaurants,Car,Car
36519,29,Young Adult,52527,Moderate,2_person,married_couple,2,F&B Eatery/Limited-Service Restaurants,Public_transport,Car
2670,59,Senior,24850,Low,4_person,family_single,0,F&B Eatery/Full-Service Restaurants,Walking,Walking
17140,26,Young Adult,40075,Moderate,4_person,nonfamily_single,0,F&B Eatery/Full-Service Restaurants,Public_transport,Walking
55423,64,Elderly,0,Debt,2_person,family_single,1,F&B Eatery/Full-Service Restaurants,Car,Car
47985,62,Elderly,125593,Ultra High,1_person,living_alone,0,F&B Eatery/Full-Service Restaurants,Walking,Public_transport
46146,36,Adult,118851,Very High,3_person,married_couple,1,F&B Eatery/Full-Service Restaurants,Car,Car
2083,59,Senior,101014,Very High,2_person,nonfamily_single,0,F&B Eatery/Limited-Service Restaurants,Car,Public_transport
32848,26,Young Adult,103351,Very High,1_person,living_alone,1,F&B Eatery/Full-Service Restaurants,Walking,Car
64843,19,Young Adult,0,Debt,3_person,nonfamily_single,0,F&B Eatery/Snack and Nonalcoholic Beverage Bars,Walking,Walking
56795,26,Young Adult,78390,High,2_person,nonfamily_single,1,F&B Eatery/Full-Service Restaurants,Public_transport,Walking
50526,51,Senior,15819,Low,3_person,married_couple,2,F&B Eatery/Snack and Nonalcoholic Beverage Bars,Car,Car
22923,56,Senior,131825,Ultra High,2_person,married_couple,1,F&B Eatery/Limited-Service Restaurants,Walking,Car
46918,22,Young Adult,0,Debt,1_person,living_alone,1,F&B Eatery/Full-Service Restaurants,Car,Walking
42464,64,Elderly,105198,Very High,2_person,married_couple,1,F&B Eatery/Full-Service Restaurants,Walking,Car
46835,56,Senior,33006,Moderate,3_person,married_couple,1,F&B Eatery/Full-Service Restaurants,Car,Car
26972,63,Elderly,61887,High,3_person,married_couple,1,F&B Eatery/Full-Service Restaurants,Car,Car
63751,33,Adult,64406,High,3_person,nonfamily_single,2,F&B Eatery/Limited-Service Restaurants,Car,Car
6572,25,Young Adult,51572,Moderate,2_person,nonfamily_single,0,F&B Eatery/Limited-Service Restaurants,Public_transport,Walking
14166,29,Young Adult,26943,Low,2_person,married_couple,1,F&B Eatery/Full-Service Restaurants,Walking,Public_transport
33305,52,Senior,0,Debt,5_person,married_couple,1,F&B Eatery/Full-Service Restaurants,Car,Car
45468,56,Senior,47476,Moderate,4_person,family_single,1,F&B Eatery/Full-Service Restaurants,Car,Car
13407,49,Middle Age,11593,Low,5_person,family_single,0,F&B Eatery/Limited-Service Restaurants,Public_transport,Public_transport
21040,49,Middle Age,82225,High,2_person,family_single,2,F&B Eatery/Limited-Service Restaurants,Public_transport,Car
33414,37,Adult,100689,Very High,5_person,family_single,1,F&B Eatery/Limited-Service Restaurants,Walking,Public_transport
57523,35,Adult,73927,High,1_person,living_alone,1,F&B Eatery/Full-Service Restaurants,Car,Car
12482,40,Adult,0,Debt,7_plus_person,married_couple,1,F&B Eatery/Full-Service Restaurants,Car,Car
18570,35,Adult,112712,Very High,5_person,married_couple,2,F&B Eatery/Limited-Service Restaurants,Public_transport,Car
35877,28,Young Adult,56948,Moderate,2_person,family_single,0,F&B Eatery/Full-Service Restaurants,Public_transport,Walking
66536,44,Middle Age,0,Debt,5_person,married_couple,1,F&B Eatery/Full-Service Restaurants,Car,Car
65355,85,Elderly,50890,Moderate,2_person,family_single,2,F&B Eatery/Full-Service Restaurants,Car,Car
48591,28,Young Adult,69775,High,2_person,nonfamily_single,2,F&B Eatery/Full-Service Restaurants,Public_transport,Walking
23131,60,Senior,51572,Moderate,1_person,living_alone,0,F&B Eatery/Snack and Nonalcoholic Beverage Bars,Public_transport,Public_transport
27126,56,Senior,52730,Moderate,4_person,family_single,2,F&B Eatery/Full-Service Restaurants,Walking,Car
9624,65,Elderly,11344,Low,1_person,living_alone,1,F&B Eatery/Full-Service Restaurants,Walking,Car
24399,67,Elderly,30304,Moderate,2_person,married_couple,1,F&B Eatery/Snack and Nonalcoholic Beverage Bars,Car,Car
47703,54,Senior,5157,Low,4_person,family_single,0,F&B Eatery/Full-Service Restaurants,Walking,Walking
65607,44,Middle Age,27011,Low,5_person,married_couple,3_plus,F&B Eatery/Full-Service Restaurants,Public_transport,Car
49394,27,Young Adult,43218,Moderate,2_person,nonfamily_single,0,F&B Eatery/Full-Service Restaurants,Public_transport,Walking
8107,40,Adult,134181,Ultra High,4_person,married_couple,1,F&B Eatery/Full-Service Restaurants,Public_transport,Public_transport
30846,26,Young Adult,48621,Moderate,2_person,nonfamily_single,2,F&B Eatery/Snack and Nonalcoholic Beverage Bars,Car,Car
8524,79,Elderly,29739,Low,2_person,married_couple,1,F&B Eatery/Snack and Nonalcoholic Beverage Bars,Car,Car
35798,31,Adult,20202,Low,4_person,nonfamily_single,3_plus,F&B Eatery/Full-Service Restaurants,Car,Car
2102,38,Adult,633360,Ultra High,3_person,married_couple,1,F&B Eatery/Snack and Nonalcoholic Beverage Bars,Walking,Car
42322,31,Adult,8747,Low,1_person,living_alone,0,F&B Eatery/Snack and Nonalcoholic Beverage Bars,Walking,Walking
8498,90,Elderly,24689,Low,1_person,living_alone,2,F&B Eatery/Limited-Service Restaurants,Public_transport,Car
39913,27,Young Adult,124443,Ultra High,2_person,married_couple,2,F&B Eatery/Full-Service Restaurants,Car,Car
15522,25,Young Adult,37816,Moderate,2_person,nonfamily_single,1,F&B Eatery/Limited-Service Restaurants,Walking,Car
36659,24,Young Adult,63276,High,1_person,living_alone,1,F&B Eatery/Full-Service Restaurants,Walking,Walking
58788,66,Elderly,27642,Low,2_person,family_single,1,F&B Eatery/Limited-Service Restaurants,Public_transport,Car
22414,47,Middle Age,28231,Low,2_person,married_couple,2,F&B Eatery/Full-Service Restaurants,Walking,Car
1995,43,Middle Age,59824,Moderate,2_person,nonfamily_single,0,F&B Eatery/Full-Service Restaurants,Walking,Walking
27528,23,Young Adult,0,Debt,3_person,nonfamily_single,0,F&B Eatery/Full-Service Restaurants,Walking,Walking
65626,58,Senior,102644,Very High,4_person,married_couple,1,F&B Eatery/Full-Service Restaurants,Public_transport,Car
19814,53,Senior,0,Debt,3_person,family_single,0,F&B Eatery/Full-Service Restaurants,Car,Walking
43554,65,Elderly,11344,Low,1_person,living_alone,1,F&B Eatery/Snack and Nonalcoholic Beverage Bars,Car,Car
21676,60,Senior,22398,Low,2_person,married_couple,1,F&B Eatery/Full-Service Restaurants,Walking,Car
24435,75,Elderly,10756,Low,3_person,family_single,1,F&B Eatery/Limited-Service Restaurants,Car,Car
28834,27,Young Adult,0,Debt,1_person,living_alone,0,F&B Eatery/Snack and Nonalcoholic Beverage Bars,Public_transport,Walking
66255,33,Adult,51,Low,3_person,married_couple,2,F&B Eatery/Limited-Service Restaurants,Public_transport,Walking
4925,20,Young Adult,8251,Low,3_person,family_single,0,F&B Eatery/Full-Service Restaurants,Public_transport,Walking
37743,33,Adult,10314,Low,3_person,nonfamily_single,1,F&B Eatery/Snack and Nonalcoholic Beverage Bars,Walking,Public_transport
30820,61,Elderly,8889,Low,7_plus_person,nonfamily_single,0,F&B Eatery/Full-Service Restaurants,Public_transport,Public_transport
23697,33,Adult,111115,Very High,4_person,married_couple,1,F&B Eatery/Limited-Service Restaurants,Car,Car
62528,79,Elderly,17374,Low,2_person,married_couple,1,F&B Eatery/Full-Service Restaurants,Car,Car
9422,33,Adult,35329,Moderate,1_person,living_alone,0,F&B Eatery/Full-Service Restaurants,Public_transport,Walking
43407,57,Senior,53672,Moderate,4_person,married_couple,1,F&B Eatery/Snack and Nonalcoholic Beverage Bars,Car,Public_transport
2978,45,Middle Age,37816,Moderate,7_plus_person,married_couple,0,F&B Eatery/Full-Service Restaurants,Public_transport,Public_transport
3573,43,Middle Age,18485,Low,7_plus_person,married_couple,1,F&B Eatery/Full-Service Restaurants,Walking,Car
7372,68,Elderly,44333,Moderate,2_person,family_single,1,F&B Eatery/Drinking Places,Car,Car
2590,23,Young Adult,26970,Low,1_person,living_alone,0,F&B Eatery/Full-Service Restaurants,Walking,Walking
4578,59,Senior,141308,Ultra High,4_person,married_couple,2,F&B Eatery/Drinking Places,Car,Car
1115,28,Young Adult,73822,High,1_person,living_alone,0,F&B Eatery/Snack and Nonalcoholic Beverage Bars,Public_transport,Walking
45783,22,Young Adult,10734,Low,2_person,nonfamily_single,0,F&B Eatery/Full-Service Restaurants,Walking,Walking
3088,73,Elderly,21724,Low,4_person,family_single,0,F&B Eatery/Full-Service Restaurants,Walking,Walking
46553,20,Young Adult,0,Debt,3_person,nonfamily_single,0,F&B Eatery/Drinking Places,Walking,Walking
3466,37,Adult,200375,Ultra High,1_person,living_alone,1,F&B Eatery/Snack and Nonalcoholic Beverage Bars,Walking,Car
54297,23,Young Adult,35423,Moderate,4_person,nonfamily_single,0,F&B Eatery/Drinking Places,Public_transport,Walking
4261,25,Young Adult,82259,High,3_person,nonfamily_single,2,F&B Eatery/Full-Service Restaurants,Walking,Walking
19333,47,Middle Age,27314,Low,4_person,married_couple,1,F&B Eatery/Full-Service Restaurants,Car,Car
62124,70,Elderly,8909,Low,2_person,married_couple,1,F&B Eatery/Limited-Service Restaurants,Car,Car
23555,43,Middle Age,133978,Ultra High,7_plus_person,married_couple,2,F&B Eatery/Snack and Nonalcoholic Beverage Bars,Car,Walking
46515,44,Middle Age,16162,Low,5_person,family_single,2,F&B Eatery/Limited-Service Restaurants,Car,Public_transport
58946,22,Young Adult,10048,Low,2_person,family_single,0,F&B Eatery/Drinking Places,Walking,Walking
23772,65,Elderly,34243,Moderate,1_person,living_alone,1,F&B Eatery/Full-Service Restaurants,Car,Car
5229,28,Young Adult,150281,Ultra High,2_person,married_couple,1,F&B Eatery/Drinking Places,Car,Walking
13262,67,Elderly,19826,Low,1_person,living_alone,0,F&B Eatery/Limited-Service Restaurants,Public_transport,Walking
21392,80,Elderly,85256,High,2_person,married_couple,1,F&B Eatery/Full-Service Restaurants,Car,Car
65708,29,Young Adult,137098,Ultra High,2_person,married_couple,0,F&B Eatery/Full-Service Restaurants,Walking,Walking
41000,24,Young Adult,17180,Low,3_person,nonfamily_single,1,F&B Eatery/Limited-Service Restaurants,Walking,Walking
63668,37,Adult,75931,High,3_person,family_single,0,F&B Eatery/Limited-Service Restaurants,Public_transport,Walking
51690,27,Young Adult,40405,Moderate,5_person,married_couple,2,F&B Eatery/Full-Service Restaurants,Car,Car
21767,47,Middle Age,31638,Moderate,4_person,married_couple,3_plus,F&B Eatery/Full-Service Restaurants,Car,Car
14961,23,Young Adult,71185,High,3_person,nonfamily_single,0,F&B Eatery/Full-Service Restaurants,Public_transport,Walking
40392,62,Elderly,0,Debt,5_person,married_couple,2,F&B Eatery/Full-Service Restaurants,Car,Car
59104,36,Adult,105460,Very High,4_person,married_couple,2,F&B Eatery/Full-Service Restaurants,Car,Car
25411,40,Adult,51572,Moderate,4_person,nonfamily_single,0,F&B Eatery/Limited-Service Restaurants,Public_transport,Public_transport
14481,32,Adult,148529,Ultra High,3_person,married_couple,1,F&B Eatery/Full-Service Restaurants,Car,Car
7025,24,Young Adult,1279,Low,1_person,living_alone,0,F&B Eatery/Snack and Nonalcoholic Beverage Bars,Walking,Walking
28873,29,Young Adult,108047,Very High,2_person,nonfamily_single,1,F&B Eatery/Snack and Nonalcoholic Beverage Bars,Walking,Car
799,26,Young Adult,30583,Moderate,3_person,nonfamily_single,1,F&B Eatery/Snack and Nonalcoholic Beverage Bars,Walking,Car
60119,35,Adult,39195,Moderate,4_person,nonfamily_single,0,F&B Eatery/Snack and Nonalcoholic Beverage Bars,Public_transport,Public_transport
62103,29,Young Adult,111115,Very High,2_person,nonfamily_single,2,F&B Eatery/Drinking Places,Walking,Car
427,53,Senior,50810,Moderate,3_person,family_single,1,F&B Eatery/Full-Service Restaurants,Car,Car
42679,91,Elderly,131817,Ultra High,1_person,living_alone,1,F&B Eatery/Limited-Service Restaurants,Walking,Car
17129,78,Elderly,46971,Moderate,2_person,married_couple,1,F&B Eatery/Full-Service Restaurants,Walking,Car
56193,49,Middle Age,32692,Moderate,1_person,living_alone,0,F&B Eatery/Full-Service Restaurants,Public_transport,Walking
40670,21,Young Adult,0,Debt,3_person,nonfamily_single,0,F&B Eatery/Full-Service Restaurants,Walking,Walking
56150,76,Elderly,20420,Low,4_person,married_couple,3_plus,F&B Eatery/Full-Service Restaurants,Walking,Car
47606,47,Middle Age,0,Debt,6_person,married_couple,3_plus,F&B Eatery/Full-Service Restaurants,Car,Car
11882,66,Elderly,0,Debt,4_person,family_single,1,F&B Eatery/Full-Service Restaurants,Car,Car
27114,43,Middle Age,18485,Low,7_plus_person,married_couple,1,F&B Eatery/Snack and Nonalcoholic Beverage Bars,Car,Car
14184,32,Adult,41258,Moderate,1_person,living_alone,1,F&B Eatery/Full-Service Restaurants,Car,Car
62576,24,Young Adult,50507,Moderate,4_person,nonfamily_single,3_plus,F&B Eatery/Drinking Places,Walking,Public_transport
61986,47,Middle Age,26365,Low,2_person,married_couple,1,F&B Eatery/Limited-Service Restaurants,Car,Car
1391,32,Adult,93789,Very High,2_person,nonfamily_single,0,F&B Eatery/Special Food Services,Walking,Walking
62795,37,Adult,80508,High,1_person,living_alone,1,F&B Eatery/Drinking Places,Walking,Car
56395,23,Young Adult,30943,Moderate,6_person,nonfamily_single,0,F&B Eatery/Limited-Service Restaurants,Public_transport,Walking
66778,24,Young Adult,30943,Moderate,3_person,nonfamily_single,1,F&B Eatery/Snack and Nonalcoholic Beverage Bars,Car,Car
11498,83,Elderly,50621,Moderate,2_person,nonfamily_single,1,F&B Eatery/Snack and Nonalcoholic Beverage Bars,Car,Car
7634,38,Adult,151521,Ultra High,1_person,living_alone,1,F&B Eatery/Special Food Services,Walking,Car
59800,64,Elderly,135058,Ultra High,1_person,living_alone,1,F&B Eatery/Snack and Nonalcoholic Beverage Bars,Car,Car
19515,57,Senior,40075,Moderate,1_person,living_alone,1,F&B Eatery/Full-Service Restaurants,Car,Car
30990,41,Middle Age,15819,Low,3_person,married_couple,1,F&B Eatery/Snack and Nonalcoholic Beverage Bars,Car,Car
59614,85,Elderly,12655,Low,1_person,living_alone,0,F&B Eatery/Limited-Service Restaurants,Walking,Walking
33000,70,Elderly,24850,Low,1_person,living_alone,0,F&B Eatery/Full-Service Restaurants,Public_transport,Walking
31017,24,Young Adult,77358,High,2_person,nonfamily_single,1,F&B Eatery/Snack and Nonalcoholic Beverage Bars,Car,Walking
52189,62,Elderly,38385,Moderate,7_plus_person,nonfamily_single,0,F&B Eatery/Full-Service Restaurants,Walking,Public_transport
28460,45,Middle Age,211447,Ultra High,4_person,married_couple,1,F&B Eatery/Full-Service Restaurants,Public_transport,Car
33158,23,Young Adult,12641,Low,3_person,family_single,1,F&B Eatery/Limited-Service Restaurants,Public_transport,Walking
59343,24,Young Adult,63276,High,2_person,nonfamily_single,0,F&B Eatery/Limited-Service Restaurants,Walking,Walking
55874,33,Adult,24754,Low,4_person,married_couple,3_plus,F&B Eatery/Snack and Nonalcoholic Beverage Bars,Car,Car
39218,22,Young Adult,16207,Low,2_person,family_single,0,F&B Eatery/Drinking Places,Public_transport,Walking
7423,24,Young Adult,82516,High,2_person,nonfamily_single,2,F&B Eatery/Snack and Nonalcoholic Beverage Bars,Car,Walking
65293,66,Elderly,6011,Low,7_plus_person,married_couple,3_plus,F&B Eatery/Full-Service Restaurants,Car,Car
66768,71,Elderly,203955,Ultra High,1_person,living_alone,2,F&B Eatery/Full-Service Restaurants,Car,Car
48750,22,Young Adult,20202,Low,4_person,nonfamily_single,0,F&B Eatery/Drinking Places,Walking,Walking
4023,39,Adult,202029,Ultra High,3_person,married_couple,1,F&B Eatery/Snack and Nonalcoholic Beverage Bars,Public_transport,Car
44706,22,Young Adult,0,Debt,2_person,nonfamily_single,1,F&B Eatery/Limited-Service Restaurants,Walking,Walking
38137,20,Young Adult,0,Debt,3_person,nonfamily_single,0,F&B Eatery/Snack and Nonalcoholic Beverage Bars,Walking,Walking
46882,39,Adult,85610,High,4_person,married_couple,1,F&B Eatery/Limited-Service Restaurants,Walking,Car
23869,41,Middle Age,3163,Low,4_person,married_couple,1,F&B Eatery/Full-Service Restaurants,Car,Car
55782,81,Elderly,299121,Ultra High,2_person,married_couple,1,F&B Eatery/Drinking Places,Car,Car
18125,65,Elderly,14440,Low,4_person,family_single,1,F&B Eatery/Full-Service Restaurants,Public_transport,Car
54868,57,Senior,0,Debt,3_person,married_couple,1,F&B Eatery/Full-Service Restaurants,Public_transport,Car
52309,76,Elderly,11655,Low,1_person,living_alone,1,F&B Eatery/Full-Service Restaurants,Walking,Car
6884,22,Young Adult,10101,Low,4_person,nonfamily_single,2,F&B Eatery/Snack and Nonalcoholic Beverage Bars,Car,Car
46978,28,Young Adult,26836,Low,3_person,family_single,1,F&B Eatery/Drinking Places,Walking,Walking
12288,86,Elderly,71720,High,2_person,family_single,1,F&B Eatery/Full-Service Restaurants,Walking,Car
29374,23,Young Adult,85862,High,2_person,nonfamily_single,0,F&B Eatery/Full-Service Restaurants,Public_transport,Walking
17573,79,Elderly,70241,High,2_person,married_couple,1,F&B Eatery/Snack and Nonalcoholic Beverage Bars,Car,Car
45955,27,Young Adult,81204,High,3_person,nonfamily_single,1,F&B Eatery/Full-Service Restaurants,Walking,Walking
7902,28,Young Adult,25253,Low,4_person,nonfamily_single,1,F&B Eatery/Full-Service Restaurants,Walking,Car
23123,21,Young Adult,5157,Low,4_person,nonfamily_single,1,F&B Eatery/Full-Service Restaurants,Walking,Car
59985,63,Elderly,17778,Low,5_person,family_single,0,F&B Eatery/Snack and Nonalcoholic Beverage Bars,Walking,Public_transport
40984,73,Elderly,36100,Moderate,3_person,married_couple,3_plus,F&B Eatery/Full-Service Restaurants,Car,Car
10051,79,Elderly,28983,Low,2_person,nonfamily_single,1,F&B Eatery/Full-Service Restaurants,Walking,Car
44152,25,Young Adult,0,Debt,4_person,nonfamily_single,1,F&B Eatery/Full-Service Restaurants,Car,Walking
3883,24,Young Adult,55698,Moderate,2_person,nonfamily_single,1,F&B Eatery/Snack and Nonalcoholic Beverage Bars,Walking,Car
37180,30,Young Adult,0,Debt,3_person,family_single,1,F&B Eatery/Full-Service Restaurants,Walking,Walking
2314,27,Young Adult,0,Debt,4_person,nonfamily_single,1,F&B Eatery/Full-Service Restaurants,Car,Walking
12834,27,Young Adult,35355,Moderate,2_person,nonfamily_single,1,F&B Eatery/Full-Service Restaurants,Public_transport,Car
10315,26,Young Adult,112943,Very High,2_person,nonfamily_single,0,F&B Eatery/Snack and Nonalcoholic Beverage Bars,Walking,Walking
65142,28,Young Adult,74750,High,2_person,nonfamily_single,1,F&B Eatery/Full-Service Restaurants,Public_transport,Walking
18402,87,Elderly,0,Debt,4_person,family_single,1,F&B Eatery/Snack and Nonalcoholic Beverage Bars,Car,Car
40180,22,Young Adult,50507,Moderate,4_person,nonfamily_single,1,F&B Eatery/Full-Service Restaurants,Walking,Car
55153,24,Young Adult,72201,High,3_person,nonfamily_single,0,F&B Eatery/Full-Service Restaurants,Public_transport,Walking
56963,36,Adult,123856,Ultra High,1_person,living_alone,1,F&B Eatery/Full-Service Restaurants,Walking,Car
48710,32,Adult,51572,Moderate,1_person,living_alone,0,F&B Eatery/Limited-Service Restaurants,Public_transport,Walking
9894,78,Elderly,159198,Ultra High,2_person,married_couple,1,F&B Eatery/Full-Service Restaurants,Car,Car
4833,44,Middle Age,60608,High,3_person,family_single,0,F&B Eatery/Limited-Service Restaurants,Public_transport,Walking
23057,46,Middle Age,75295,High,2_person,married_couple,2,F&B Eatery/Limited-Service Restaurants,Public_transport,Car
34783,23,Young Adult,60608,High,3_person,nonfamily_single,1,F&B Eatery/Full-Service Restaurants,Walking,Walking
29886,78,Elderly,68549,High,2_person,married_couple,1,F&B Eatery/Limited-Service Restaurants,Walking,Car
13418,26,Young Adult,26836,Low,3_person,family_single,1,F&B Eatery/Special Food Services,Walking,Walking
42218,83,Elderly,92830,Very High,1_person,living_alone,0,F&B Eatery/Full-Service Restaurants,Walking,Walking
3424,27,Young Adult,48621,Moderate,2_person,nonfamily_single,2,F&B Eatery/Full-Service Restaurants,Car,Car
29754,49,Middle Age,20113,Low,7_plus_person,married_couple,3_plus,F&B Eatery/Full-Service Restaurants,Car,Car
1892,46,Middle Age,37570,Moderate,3_person,married_couple,1,F&B Eatery/Full-Service Restaurants,Car,Car
28702,26,Young Adult,92830,Very High,2_person,nonfamily_single,1,F&B Eatery/Full-Service Restaurants,Walking,Car
20704,25,Young Adult,95963,Very High,3_person,nonfamily_single,3_plus,F&B Eatery/Drinking Places,Public_transport,Car
9617,52,Senior,3457,Low,2_person,family_single,1,F&B Eatery/Drinking Places,Car,Car
5947,34,Adult,137098,Ultra High,3_person,married_couple,2,F&B Eatery/Full-Service Restaurants,Public_transport,Car
67112,31,Adult,2741,Low,7_plus_person,married_couple,1,F&B Eatery/Full-Service Restaurants,Walking,Walking
53232,20,Young Adult,20629,Low,5_person,nonfamily_single,0,F&B Eatery/Limited-Service Restaurants,Walking,Walking
29414,77,Elderly,11449,Low,3_person,family_single,3_plus,F&B Eatery/Snack and Nonalcoholic Beverage Bars,Car,Car
66646,75,Elderly,14131,Low,2_person,married_couple,0,F&B Eatery/Full-Service Restaurants,Public_transport,Public_transport
48025,72,Elderly,17395,Low,2_person,married_couple,2,F&B Eatery/Limited-Service Restaurants,Walking,Car
21346,58,Senior,58003,Moderate,2_person,family_single,1,F&B Eatery/Limited-Service Restaurants,Public_transport,Car
49306,32,Adult,15819,Low,7_plus_person,married_couple,1,F&B Eatery/Full-Service Restaurants,Public_transport,Walking
62494,50,Middle Age,28688,Low,7_plus_person,married_couple,3_plus,F&B Eatery/Drinking Places,Car,Car
8209,66,Elderly,25786,Low,1_person,living_alone,1,F&B Eatery/Drinking Places,Public_transport,Car
797,31,Adult,15152,Low,3_person,married_couple,2,F&B Eatery/Full-Service Restaurants,Public_transport,Walking
34651,30,Young Adult,38644,Moderate,3_person,family_single,2,F&B Eatery/Snack and Nonalcoholic Beverage Bars,Car,Car
22174,44,Middle Age,262596,Ultra High,2_person,married_couple,1,F&B Eatery/Snack and Nonalcoholic Beverage Bars,Car,Car
51044,77,Elderly,19803,Low,6_person,married_couple,1,F&B Eatery/Full-Service Restaurants,Car,Car
18756,77,Elderly,6482,Low,7_plus_person,married_couple,2,F&B Eatery/Full-Service Restaurants,Public_transport,Car
24395,21,Young Adult,0,Debt,1_person,living_alone,0,F&B Eatery/Snack and Nonalcoholic Beverage Bars,Walking,Walking
33966,63,Elderly,52730,Moderate,3_person,family_single,3_plus,F&B Eatery/Snack and Nonalcoholic Beverage Bars,Walking,Car
59086,83,Elderly,20000,Low,2_person,family_single,1,F&B Eatery/Full-Service Restaurants,Car,Car
35561,51,Senior,127495,Ultra High,1_person,living_alone,1,F&B Eatery/Snack and Nonalcoholic Beverage Bars,Walking,Car
54810,57,Senior,103145,Very High,2_person,nonfamily_single,2,F&B Eatery/Snack and Nonalcoholic Beverage Bars,Car,Car
60463,20,Young Adult,0,Debt,3_person,nonfamily_single,0,F&B Eatery/Full-Service Restaurants,Walking,Walking
22551,22,Young Adult,10101,Low,4_person,nonfamily_single,2,F&B Eatery/Full-Service Restaurants,Public_transport,Car
20478,27,Young Adult,64406,High,2_person,nonfamily_single,2,F&B Eatery/Full-Service Restaurants,Public_transport,Walking
38031,64,Elderly,0,Debt,2_person,family_single,1,F&B Eatery/Snack and Nonalcoholic Beverage Bars,Car,Car
49632,26,Young Adult,44293,Moderate,3_person,nonfamily_single,0,F&B Eatery/Snack and Nonalcoholic Beverage Bars,Public_transport,Walking
39894,86,Elderly,105249,Very High,2_person,married_couple,1,F&B Eatery/Full-Service Restaurants,Car,Car
62459,39,Adult,44661,Moderate,2_person,married_couple,1,F&B Eatery/Full-Service Restaurants,Walking,Car
21942,31,Adult,322034,Ultra High,3_person,married_couple,1,F&B Eatery/Snack and Nonalcoholic Beverage Bars,Walking,Car
13765,90,Elderly,136151,Ultra High,1_person,living_alone,0,F&B Eatery/Drinking Places,Public_transport,Public_transport
41029,42,Middle Age,55557,Moderate,7_plus_person,nonfamily_single,3_plus,F&B Eatery/Limited-Service Restaurants,Walking,Car
17715,59,Senior,595338,Ultra High,2_person,married_couple,2,F&B Eatery/Limited-Service Restaurants,Car,Car
28506,43,Middle Age,156668,Ultra High,3_person,married_couple,2,F&B Eatery/Full-Service Restaurants,Walking,Car
50690,21,Young Adult,14764,Low,4_person,family_single,1,F&B Eatery/Limited-Service Restaurants,Public_transport,Car
19689,27,Young Adult,0,Debt,2_person,family_single,1,F&B Eatery/Snack and Nonalcoholic Beverage Bars,Car,Walking
37123,50,Middle Age,0,Debt,1_person,living_alone,1,F&B Eatery/Full-Service Restaurants,Car,Public_transport
63086,32,Adult,61618,High,2_person,family_single,2,F&B Eatery/Full-Service Restaurants,Car,Car
25019,28,Young Adult,263651,Ultra High,2_person,married_couple,1,F&B Eatery/Snack and Nonalcoholic Beverage Bars,Walking,Walking
42364,25,Young Adult,97551,Very High,2_person,nonfamily_single,1,F&B Eatery/Snack and Nonalcoholic Beverage Bars,Car,Car
17152,78,Elderly,23186,Low,1_person,living_alone,0,F&B Eatery/Limited-Service Restaurants,Public_transport,Walking
29204,69,Elderly,16970,Low,1_person,living_alone,1,F&B Eatery/Full-Service Restaurants,Car,Car
31996,94,Elderly,6482,Low,4_person,married_couple,1,F&B Eatery/Full-Service Restaurants,Car,Car
34188,60,Senior,103351,Very High,1_person,living_alone,1,F&B Eatery/Full-Service Restaurants,Walking,Car
37973,26,Young Adult,55999,Moderate,3_person,nonfamily_single,3_plus,F&B Eatery/Snack and Nonalcoholic Beverage Bars,Walking,Car
1234,58,Senior,25786,Low,2_person,nonfamily_single,2,F&B Eatery/Snack and Nonalcoholic Beverage Bars,Car,Car
57752,24,Young Adult,0,Debt,3_person,nonfamily_single,0,F&B Eatery/Limited-Service Restaurants,Public_transport,Walking
18093,22,Young Adult,0,Debt,4_person,nonfamily_single,0,F&B Eatery/Snack and Nonalcoholic Beverage Bars,Walking,Walking
65051,30,Young Adult,62260,High,3_person,married_couple,1,F&B Eatery/Snack and Nonalcoholic Beverage Bars,Public_transport,Walking
9255,28,Young Adult,32414,Moderate,2_person,married_couple,1,F&B Eatery/Full-Service Restaurants,Walking,Car
49582,33,Adult,85610,High,2_person,nonfamily_single,2,F&B Eatery/Full-Service Restaurants,Car,Car
57685,44,Middle Age,512142,Ultra High,1_person,living_alone,1,F&B Eatery/Limited-Service Restaurants,Public_transport,Car
55972,23,Young Adult,34350,Moderate,4_person,nonfamily_single,0,F&B Eatery/Full-Service Restaurants,Walking,Walking
35096,24,Young Adult,0,Debt,3_person,nonfamily_single,0,F&B Eatery/Full-Service Restaurants,Public_transport,Walking
49379,31,Adult,70710,High,4_person,nonfamily_single,3_plus,F&B Eatery/Drinking Places,Car,Car
66586,31,Adult,66553,High,3_person,married_couple,1,F&B Eatery/Full-Service Restaurants,Public_transport,Car
66479,50,Middle Age,15471,Low,2_person,family_single,1,F&B Eatery/Limited-Service Restaurants,Car,Car
49729,74,Elderly,0,Debt,5_person,married_couple,3_plus,F&B Eatery/Full-Service Restaurants,Public_transport,Car
37001,62,Elderly,46105,Moderate,1_person,living_alone,0,F&B Eatery/Full-Service Restaurants,Public_transport,Public_transport
684,37,Adult,210921,Ultra High,3_person,married_couple,1,F&B Eatery/Limited-Service Restaurants,Public_transport,Car
23202,37,Adult,890,Low,3_person,family_single,2,F&B Eatery/Snack and Nonalcoholic Beverage Bars,Car,Car
49069,20,Young Adult,8858,Low,1_person,living_alone,1,F&B Eatery/Full-Service Restaurants,Public_transport,Walking
24134,49,Middle Age,8990,Low,7_plus_person,married_couple,1,F&B Eatery/Full-Service Restaurants,Public_transport,Car
21604,19,Young Adult,0,Debt,1_person,living_alone,3_plus,F&B Eatery/Full-Service Restaurants,Walking,Walking
20169,79,Elderly,40146,Moderate,3_person,married_couple,1,F&B Eatery/Snack and Nonalcoholic Beverage Bars,Car,Car
59382,63,Elderly,600070,Ultra High,2_person,married_couple,1,F&B Eatery/Full-Service Restaurants,Public_transport,Car
38562,72,Elderly,4373,Low,1_person,living_alone,1,F&B Eatery/Snack and Nonalcoholic Beverage Bars,Public_transport,Car
8953,54,Senior,639500,Ultra High,3_person,married_couple,1,F&B Eatery/Snack and Nonalcoholic Beverage Bars,Walking,Car
61173,31,Adult,68689,High,2_person,married_couple,1,F&B Eatery/Snack and Nonalcoholic Beverage Bars,Public_transport,Car
25135,48,Middle Age,8120,Low,3_person,married_couple,1,F&B Eatery/Full-Service Restaurants,Walking,Car
41756,22,Young Adult,13709,Low,5_person,family_single,1,F&B Eatery/Snack and Nonalcoholic Beverage Bars,Public_transport,Car
56278,58,Senior,5273,Low,5_person,married_couple,2,F&B Eatery/Limited-Service Restaurants,Car,Car
29717,84,Elderly,15471,Low,6_person,nonfamily_single,0,F&B Eatery/Full-Service Restaurants,Car,Public_transport
43548,39,Adult,0,Debt,2_person,family_single,2,F&B Eatery/Limited-Service Restaurants,Public_transport,Public_transport
33205,33,Adult,54944,Moderate,2_person,nonfamily_single,1,F&B Eatery/Limited-Service Restaurants,Public_transport,Car
61693,34,Adult,20528,Low,5_person,married_couple,2,F&B Eatery/Full-Service Restaurants,Public_transport,Car
26380,24,Young Adult,43238,Moderate,7_plus_person,married_couple,1,F&B Eatery/Full-Service Restaurants,Walking,Car
44472,46,Middle Age,96610,Very High,2_person,married_couple,1,F&B Eatery/Drinking Places,Car,Car
31218,50,Middle Age,3030,Low,2_person,married_couple,1,F&B Eatery/Full-Service Restaurants,Car,Car
15926,31,Adult,15457,Low,2_person,family_single,1,F&B Eatery/Limited-Service Restaurants,Public_transport,Car
39199,25,Young Adult,1212,Low,4_person,family_single,2,F&B Eatery/Snack and Nonalcoholic Beverage Bars,Public_transport,Public_transport
8625,84,Elderly,8736,Low,2_person,married_couple,2,F&B Eatery/Full-Service Restaurants,Car,Car
25104,39,Adult,23615,Low,4_person,married_couple,3_plus,F&B Eatery/Full-Service Restaurants,Walking,Car
19142,23,Young Adult,0,Debt,2_person,nonfamily_single,0,F&B Eatery/Snack and Nonalcoholic Beverage Bars,Public_transport,Walking
31740,36,Adult,27849,Low,3_person,married_couple,2,F&B Eatery/Full-Service Restaurants,Walking,Walking
16571,31,Adult,4218,Low,3_person,family_single,0,F&B Eatery/Full-Service Restaurants,Public_transport,Public_transport
56454,57,Senior,596959,Ultra High,3_person,married_couple,2,F&B Eatery/Full-Service Restaurants,Car,Car
50806,24,Young Adult,43218,Moderate,2_person,married_couple,1,F&B Eatery/Limited-Service Restaurants,Car,Car
34060,37,Adult,75632,High,3_person,family_single,2,F&B Eatery/Limited-Service Restaurants,Car,Car
63457,20,Young Adult,0,Debt,4_person,nonfamily_single,0,F&B Eatery/Snack and Nonalcoholic Beverage Bars,Walking,Walking
7855,30,Young Adult,63747,High,1_person,living_alone,1,F&B Eatery/Snack and Nonalcoholic Beverage Bars,Walking,Walking
66048,23,Young Adult,6762,Low,3_person,nonfamily_single,1,F&B Eatery/Drinking Places,Car,Walking
33359,70,Elderly,3757,Low,2_person,married_couple,0,F&B Eatery/Full-Service Restaurants,Walking,Public_transport
50513,57,Senior,429,Low,1_person,living_alone,0,F&B Eatery/Full-Service Restaurants,Public_transport,Public_transport
21573,32,Adult,58003,Moderate,2_person,married_couple,1,F&B Eatery/Full-Service Restaurants,Car,Car
37905,43,Middle Age,18485,Low,7_plus_person,married_couple,1,F&B Eatery/Drinking Places,Walking,Car
14780,83,Elderly,10718,Low,2_person,married_couple,1,F&B Eatery/Snack and Nonalcoholic Beverage Bars,Car,Car
10584,49,Middle Age,11593,Low,5_person,family_single,0,F&B Eatery/Full-Service Restaurants,Walking,Public_transport
47573,26,Young Adult,22176,Low,4_person,nonfamily_single,0,F&B Eatery/Drinking Places,Public_transport,Walking
26797,65,Elderly,67679,High,1_person,living_alone,1,F&B Eatery/Full-Service Restaurants,Walking,Car
34108,26,Young Adult,0,Debt,4_person,nonfamily_single,3_plus,F&B Eatery/Snack and Nonalcoholic Beverage Bars,Walking,Walking
16165,22,Young Adult,9091,Low,5_person,nonfamily_single,0,F&B Eatery/Full-Service Restaurants,Walking,Walking
10715,60,Senior,316592,Ultra High,2_person,married_couple,1,F&B Eatery/Special Food Services,Walking,Car
25854,29,Young Adult,80811,High,1_person,living_alone,1,F&B Eatery/Full-Service Restaurants,Public_transport,Walking
62871,17,Teen,0,Debt,3_person,family_single,1,F&B Eatery/Full-Service Restaurants,Public_transport,Walking
31368,62,Elderly,4744,Low,3_person,married_couple,1,F&B Eatery/Limited-Service Restaurants,Public_transport,Car
36427,26,Young Adult,84368,High,3_person,family_single,3_plus,F&B Eatery/Limited-Service Restaurants,Public_transport,Car
15608,18,Teen,2741,Low,5_person,married_couple,1,F&B Eatery/Full-Service Restaurants,Walking,Walking
33187,26,Young Adult,0,Debt,7_plus_person,nonfamily_single,1,F&B Eatery/Snack and Nonalcoholic Beverage Bars,Car,Walking
13248,19,Young Adult,0,Debt,3_person,nonfamily_single,0,F&B Eatery/Limited-Service Restaurants,Walking,Walking
9001,60,Senior,79095,High,2_person,married_couple,2,F&B Eatery/Snack and Nonalcoholic Beverage Bars,Car,Car
1212,70,Elderly,152917,Ultra High,5_person,married_couple,3_plus,F&B Eatery/Snack and Nonalcoholic Beverage Bars,Walking,Car
4979,41,Middle Age,6915,Low,2_person,family_single,0,F&B Eatery/Limited-Service Restaurants,Public_transport,Walking
37656,23,Young Adult,31638,Moderate,6_person,nonfamily_single,3_plus,F&B Eatery/Limited-Service Restaurants,Public_transport,Car
34241,40,Adult,77565,High,2_person,married_couple,2,F&B Eatery/Snack and Nonalcoholic Beverage Bars,Walking,Car
18344,21,Young Adult,21935,Low,6_person,nonfamily_single,3_plus,F&B Eatery/Limited-Service Restaurants,Car,Car
31153,46,Middle Age,23615,Low,5_person,married_couple,0,F&B Eatery/Full-Service Restaurants,Car,Public_transport
51999,31,Adult,70710,High,1_person,living_alone,0,F&B Eatery/Snack and Nonalcoholic Beverage Bars,Public_transport,Walking
24754,22,Young Adult,3691,Low,4_person,nonfamily_single,2,F&B Eatery/Full-Service Restaurants,Walking,Car
32375,29,Young Adult,21609,Low,5_person,family_single,0,F&B Eatery/Drinking Places,Public_transport,Walking
54648,89,Elderly,87882,High,2_person,family_single,1,F&B Eatery/Snack and Nonalcoholic Beverage Bars,Car,Car
29657,78,Elderly,19448,Low,1_person,living_alone,1,F&B Eatery/Full-Service Restaurants,Walking,Car
60448,26,Young Adult,57966,Moderate,2_person,nonfamily_single,0,F&B Eatery/Snack and Nonalcoholic Beverage Bars,Walking,Walking
64088,40,Adult,25786,Low,7_plus_person,married_couple,3_plus,F&B Eatery/Snack and Nonalcoholic Beverage Bars,Public_transport,Car
14123,49,Middle Age,84895,High,4_person,married_couple,3_plus,F&B Eatery/Limited-Service Restaurants,Car,Car
55919,58,Senior,36925,Moderate,2_person,family_single,1,F&B Eatery/Limited-Service Restaurants,Public_transport,Car
40983,33,Adult,101014,Very High,4_person,married_couple,2,F&B Eatery/Snack and Nonalcoholic Beverage Bars,Public_transport,Car
38669,40,Adult,21660,Low,1_person,living_alone,0,F&B Eatery/Full-Service Restaurants,Walking,Walking
1095,34,Adult,183679,Ultra High,2_person,nonfamily_single,1,F&B Eatery/Snack and Nonalcoholic Beverage Bars,Car,Car
21019,86,Elderly,5152,Low,2_person,married_couple,0,F&B Eatery/Limited-Service Restaurants,Public_transport,Public_transport
14738,46,Middle Age,46460,Moderate,3_person,family_single,1,F&B Eatery/Limited-Service Restaurants,Public_transport,Car
13882,29,Young Adult,72201,High,2_person,family_single,1,F&B Eatery/Full-Service Restaurants,Walking,Walking
65154,48,Middle Age,0,Debt,2_person,nonfamily_single,1,F&B Eatery/Full-Service Restaurants,Car,Public_transport
19924,29,Young Adult,21092,Low,2_person,married_couple,2,F&B Eatery/Snack and Nonalcoholic Beverage Bars,Car,Public_transport
38644,27,Young Adult,26836,Low,6_person,nonfamily_single,0,F&B Eatery/Full-Service Restaurants,Public_transport,Walking
55156,70,Elderly,56770,Moderate,2_person,married_couple,1,F&B Eatery/Limited-Service Restaurants,Walking,Car
18767,24,Young Adult,74264,High,2_person,nonfamily_single,2,F&B Eatery/Full-Service Restaurants,Public_transport,Walking
7041,23,Young Adult,52730,Moderate,3_person,nonfamily_single,0,F&B Eatery/Snack and Nonalcoholic Beverage Bars,Public_transport,Walking
22361,45,Middle Age,0,Debt,7_plus_person,married_couple,1,F&B Eatery/Full-Service Restaurants,Car,Public_transport
1160,53,Senior,10606,Low,1_person,living_alone,1,F&B Eatery/Full-Service Restaurants,Car,Car
48583,50,Middle Age,16207,Low,3_person,married_couple,0,F&B Eatery/Full-Service Restaurants,Public_transport,Public_transport
15445,72,Elderly,12965,Low,4_person,married_couple,3_plus,F&B Eatery/Limited-Service Restaurants,Car,Car
63769,30,Young Adult,21609,Low,4_person,married_couple,2,F&B Eatery/Full-Service Restaurants,Walking,Car
60697,56,Senior,21609,Low,2_person,married_couple,1,F&B Eatery/Full-Service Restaurants,Car,Car
61028,32,Adult,35069,Moderate,2_person,nonfamily_single,1,F&B Eatery/Limited-Service Restaurants,Car,Car
38070,65,Elderly,24135,Low,1_person,living_alone,0,F&B Eatery/Limited-Service Restaurants,Walking,Walking
2768,70,Elderly,18259,Low,1_person,living_alone,1,F&B Eatery/Full-Service Restaurants,Car,Car
65267,19,Young Adult,0,Debt,4_person,family_single,0,F&B Eatery/Limited-Service Restaurants,Public_transport,Walking
46127,29,Young Adult,80508,High,3_person,married_couple,2,F&B Eatery/Full-Service Restaurants,Walking,Walking
34341,29,Young Adult,33852,Moderate,3_person,nonfamily_single,2,F&B Eatery/Snack and Nonalcoholic Beverage Bars,Car,Car
47655,33,Adult,36365,Moderate,2_person,married_couple,1,F&B Eatery/Full-Service Restaurants,Walking,Car
27073,26,Young Adult,151521,Ultra High,1_person,living_alone,1,F&B Eatery/Snack and Nonalcoholic Beverage Bars,Walking,Walking
21468,20,Young Adult,12965,Low,2_person,family_single,2,F&B Eatery/Full-Service Restaurants,Public_transport,Walking
3951,24,Young Adult,0,Debt,7_plus_person,family_single,0,F&B Eatery/Limited-Service Restaurants,Walking,Walking
61232,90,Elderly,32846,Moderate,2_person,family_single,1,F&B Eatery/Snack and Nonalcoholic Beverage Bars,Car,Car
8095,31,Adult,162070,Ultra High,2_person,nonfamily_single,1,F&B Eatery/Drinking Places,Walking,Car
36135,24,Young Adult,25253,Low,3_person,nonfamily_single,0,F&B Eatery/Full-Service Restaurants,Walking,Walking
46336,71,Elderly,10909,Low,2_person,married_couple,0,F&B Eatery/Snack and Nonalcoholic Beverage Bars,Car,Public_transport
65833,26,Young Adult,32324,Moderate,4_person,married_couple,3_plus,F&B Eatery/Snack and Nonalcoholic Beverage Bars,Car,Car
13435,21,Young Adult,0,Debt,4_person,married_couple,2,F&B Eatery/Snack and Nonalcoholic Beverage Bars,Walking,Car
50481,63,Elderly,46673,Moderate,2_person,married_couple,2,F&B Eatery/Snack and Nonalcoholic Beverage Bars,Public_transport,Car
53170,51,Senior,0,Debt,5_person,family_single,1,F&B Eatery/Full-Service Restaurants,Walking,Car
20300,20,Young Adult,0,Debt,3_person,nonfamily_single,0,F&B Eatery/Snack and Nonalcoholic Beverage Bars,Public_transport,Walking
20156,26,Young Adult,64828,High,2_person,nonfamily_single,1,F&B Eatery/Drinking Places,Car,Walking
21868,62,Elderly,0,Debt,2_person,married_couple,3_plus,F&B Eatery/Full-Service Restaurants,Car,Car
22465,60,Senior,25889,Low,2_person,married_couple,0,F&B Eatery/Full-Service Restaurants,Car,Public_transport
66544,39,Adult,0,Debt,7_plus_person,married_couple,1,F&B Eatery/Full-Service Restaurants,Public_transport,Car
29765,59,Senior,144915,Ultra High,5_person,married_couple,3_plus,F&B Eatery/Full-Service Restaurants,Car,Public_transport
17434,23,Young Adult,0,Debt,3_person,nonfamily_single,0,F&B Eatery/Limited-Service Restaurants,Walking,Walking
11542,57,Senior,11345,Low,1_person,living_alone,1,F&B Eatery/Snack and Nonalcoholic Beverage Bars,Public_transport,Car
26462,25,Young Adult,0,Debt,4_person,nonfamily_single,0,F&B Eatery/Limited-Service Restaurants,Walking,Walking
17007,33,Adult,134088,Ultra High,4_person,married_couple,1,F&B Eatery/Drinking Places,Walking,Public_transport
8009,52,Senior,0,Debt,5_person,married_couple,1,F&B Eatery/Full-Service Restaurants,Car,Car
31541,19,Young Adult,0,Debt,3_person,nonfamily_single,0,F&B Eatery/Full-Service Restaurants,Walking,Walking
58173,30,Young Adult,103725,Very High,1_person,living_alone,0,F&B Eatery/Drinking Places,Walking,Walking
42299,30,Young Adult,48621,Moderate,2_person,married_couple,1,F&B Eatery/Limited-Service Restaurants,Walking,Car
33270,80,Elderly,37632,Moderate,1_person,living_alone,1,F&B Eatery/Full-Service Restaurants,Car,Car
30413,54,Senior,77288,High,3_person,married_couple,1,F&B Eatery/Snack and Nonalcoholic Beverage Bars,Car,Car
42036,35,Adult,51862,Moderate,2_person,nonfamily_single,1,F&B Eatery/Limited-Service Restaurants,Car,Car
19464,73,Elderly,0,Debt,1_person,living_alone,0,F&B Eatery/Snack and Nonalcoholic Beverage Bars,Walking,Walking
45278,62,Elderly,35763,Moderate,3_person,family_single,0,F&B Eatery/Snack and Nonalcoholic Beverage Bars,Walking,Public_transport
44754,68,Elderly,0,Debt,2_person,married_couple,1,F&B Eatery/Full-Service Restaurants,Car,Car
50653,35,Adult,59425,Moderate,2_person,married_couple,2,F&B Eatery/Full-Service Restaurants,Public_transport,Car
37763,33,Adult,104044,Very High,1_person,living_alone,3_plus,F&B Eatery/Full-Service Restaurants,Car,Car
42549,26,Young Adult,35423,Moderate,4_person,nonfamily_single,1,F&B Eatery/Full-Service Restaurants,Walking,Car
53934,53,Senior,48621,Moderate,4_person,married_couple,1,F&B Eatery/Limited-Service Restaurants,Car,Public_transport
66886,22,Young Adult,0,Debt,2_person,nonfamily_single,1,F&B Eatery/Limited-Service Restaurants,Walking,Walking
22515,68,Elderly,36365,Moderate,3_person,married_couple,1,F&B Eatery/Snack and Nonalcoholic Beverage Bars,Car,Car
44518,53,Senior,173898,Ultra High,2_person,married_couple,2,F&B Eatery/Snack and Nonalcoholic Beverage Bars,Car,Car
52675,70,Elderly,6666,Low,7_plus_person,married_couple,1,F&B Eatery/Limited-Service Restaurants,Car,Car
14439,30,Young Adult,32627,Moderate,3_person,family_single,2,F&B Eatery/Limited-Service Restaurants,Public_transport,Car
17165,76,Elderly,45242,Moderate,2_person,family_single,1,F&B Eatery/Full-Service Restaurants,Car,Car
20054,21,Young Adult,3025,Low,3_person,family_single,0,F&B Eatery/Snack and Nonalcoholic Beverage Bars,Walking,Walking
24154,71,Elderly,71720,High,1_person,living_alone,1,F&B Eatery/Full-Service Restaurants,Public_transport,Car
30285,23,Young Adult,34350,Moderate,4_person,nonfamily_single,0,F&B Eatery/Snack and Nonalcoholic Beverage Bars,Public_transport,Walking
51684,33,Adult,45930,Moderate,2_person,married_couple,0,F&B Eatery/Limited-Service Restaurants,Car,Public_transport
41476,84,Elderly,277361,Ultra High,2_person,married_couple,1,F&B Eatery/Snack and Nonalcoholic Beverage Bars,Car,Car
41632,30,Young Adult,44293,Moderate,2_person,nonfamily_single,1,F&B Eatery/Full-Service Restaurants,Walking,Car
33868,17,Teen,0,Debt,2_person,family_single,1,F&B Eatery/Snack and Nonalcoholic Beverage Bars,Walking,Walking
26707,42,Middle Age,11885,Low,3_person,family_single,1,F&B Eatery/Full-Service Restaurants,Public_transport,Car
4576,21,Young Adult,11345,Low,4_person,nonfamily_single,0,F&B Eatery/Full-Service Restaurants,Walking,Walking
3235,73,Elderly,34169,Moderate,3_person,married_couple,1,F&B Eatery/Limited-Service Restaurants,Car,Car
59586,29,Young Adult,77358,High,2_person,married_couple,1,F&B Eatery/Drinking Places,Car,Walking
20569,27,Young Adult,48993,Moderate,3_person,family_single,1,F&B Eatery/Full-Service Restaurants,Car,Car
59016,34,Adult,16101,Low,3_person,married_couple,0,F&B Eatery/Snack and Nonalcoholic Beverage Bars,Public_transport,Public_transport
4722,23,Young Adult,0,Debt,4_person,nonfamily_single,3_plus,F&B Eatery/Full-Service Restaurants,Walking,Walking
47850,32,Adult,124254,Ultra High,1_person,living_alone,0,F&B Eatery/Full-Service Restaurants,Walking,Walking
28584,36,Adult,162070,Ultra High,2_person,nonfamily_single,1,F&B Eatery/Full-Service Restaurants,Car,Car
20622,24,Young Adult,107344,Very High,5_person,nonfamily_single,0,F&B Eatery/Limited-Service Restaurants,Public_transport,Public_transport
58458,35,Adult,162070,Ultra High,2_person,married_couple,1,F&B Eatery/Full-Service Restaurants,Car,Car
38034,24,Young Adult,30943,Moderate,3_person,nonfamily_single,1,F&B Eatery/Full-Service Restaurants,Walking,Car
48094,68,Elderly,56729,Moderate,2_person,married_couple,1,F&B Eatery/Full-Service Restaurants,Car,Car
7032,35,Adult,77358,High,1_person,living_alone,1,F&B Eatery/Full-Service Restaurants,Public_transport,Car
38619,72,Elderly,85862,High,7_plus_person,married_couple,1,F&B Eatery/Full-Service Restaurants,Car,Car
329,26,Young Adult,21468,Low,2_person,family_single,1,F&B Eatery/Limited-Service Restaurants,Car,Walking
57325,41,Middle Age,22691,Low,4_person,family_single,2,F&B Eatery/Drinking Places,Public_transport,Public_transport
50624,64,Elderly,129028,Ultra High,1_person,living_alone,0,F&B Eatery/Full-Service Restaurants,Car,Public_transport
50983,76,Elderly,79318,High,2_person,married_couple,1,F&B Eatery/Full-Service Restaurants,Car,Car
62075,75,Elderly,100408,Very High,2_person,family_single,2,F&B Eatery/Limited-Service Restaurants,Public_transport,Car
51696,37,Adult,27011,Low,5_person,family_single,1,F&B Eatery/Full-Service Restaurants,Car,Car
37290,22,Young Adult,70710,High,3_person,nonfamily_single,0,F&B Eatery/Full-Service Restaurants,Public_transport,Walking
61092,22,Young Adult,0,Debt,4_person,married_couple,3_plus,F&B Eatery/Full-Service Restaurants,Public_transport,Car
33617,68,Elderly,27841,Low,1_person,living_alone,0,F&B Eatery/Limited-Service Restaurants,Walking,Walking
33126,76,Elderly,174148,Ultra High,2_person,married_couple,1,F&B Eatery/Full-Service Restaurants,Car,Car
25117,32,Adult,48305,Moderate,6_person,married_couple,2,F&B Eatery/Full-Service Restaurants,Car,Car
7399,32,Adult,111638,Very High,2_person,nonfamily_single,1,F&B Eatery/Full-Service Restaurants,Car,Car
18594,21,Young Adult,6327,Low,4_person,family_single,2,F&B Eatery/Full-Service Restaurants,Car,Public_transport
51939,64,Elderly,0,Debt,2_person,family_single,1,F&B Eatery/Snack and Nonalcoholic Beverage Bars,Car,Car
29250,72,Elderly,322019,Ultra High,2_person,married_couple,1,F&B Eatery/Full-Service Restaurants,Car,Car
19586,65,Elderly,25672,Low,2_person,married_couple,1,F&B Eatery/Drinking Places,Car,Car
5607,32,Adult,42937,Moderate,5_person,nonfamily_single,0,F&B Eatery/Full-Service Restaurants,Public_transport,Public_transport
66450,39,Adult,103145,Very High,4_person,married_couple,2,F&B Eatery/Full-Service Restaurants,Public_transport,Car
3148,68,Elderly,10520,Low,2_person,family_single,0,F&B Eatery/Snack and Nonalcoholic Beverage Bars,Public_transport,Walking
34052,42,Middle Age,27273,Low,2_person,family_single,1,F&B Eatery/Full-Service Restaurants,Walking,Car
44384,78,Elderly,19394,Low,1_person,living_alone,1,F&B Eatery/Snack and Nonalcoholic Beverage Bars,Walking,Car
8606,73,Elderly,2531,Low,2_person,married_couple,1,F&B Eatery/Full-Service Restaurants,Car,Car
19977,44,Middle Age,60709,High,4_person,family_single,1,F&B Eatery/Full-Service Restaurants,Walking,Public_transport
49305,82,Elderly,966910,Ultra High,2_person,married_couple,1,F&B Eatery/Snack and Nonalcoholic Beverage Bars,Car,Car
67131,27,Young Adult,96610,Very High,2_person,nonfamily_single,0,F&B Eatery/Drinking Places,Public_transport,Walking
25463,21,Young Adult,0,Debt,3_person,nonfamily_single,0,F&B Eatery/Full-Service Restaurants,Walking,Walking
209,46,Middle Age,56874,Moderate,1_person,living_alone,1,F&B Eatery/Full-Service Restaurants,Public_transport,Walking
45482,23,Young Adult,36100,Moderate,2_person,nonfamily_single,2,F&B Eatery/Snack and Nonalcoholic Beverage Bars,Public_transport,Car
3271,35,Adult,19448,Low,2_person,family_single,1,F&B Eatery/Snack and Nonalcoholic Beverage Bars,Public_transport,Car
37485,51,Senior,53672,Moderate,2_person,married_couple,2,F&B Eatery/Full-Service Restaurants,Car,Car
43054,33,Adult,20202,Low,4_person,married_couple,0,F&B Eatery/Limited-Service Restaurants,Walking,Public_transport
1004,29,Young Adult,97242,Very High,2_person,nonfamily_single,1,F&B Eatery/Snack and Nonalcoholic Beverage Bars,Walking,Car
19743,46,Middle Age,20610,Low,4_person,family_single,1,F&B Eatery/Full-Service Restaurants,Car,Car
55942,34,Adult,35355,Moderate,4_person,married_couple,1,F&B Eatery/Snack and Nonalcoholic Beverage Bars,Public_transport,Public_transport
62553,32,Adult,236158,Ultra High,2_person,married_couple,1,F&B Eatery/Snack and Nonalcoholic Beverage Bars,Public_transport,Car
13518,52,Senior,96956,Very High,2_person,married_couple,1,F&B Eatery/Snack and Nonalcoholic Beverage Bars,Car,Car
10532,67,Elderly,7426,Low,2_person,married_couple,1,F&B Eatery/Limited-Service Restaurants,Car,Car
48015,26,Young Adult,0,Debt,4_person,married_couple,1,F&B Eatery/Snack and Nonalcoholic Beverage Bars,Car,Car
27457,28,Young Adult,50130,Moderate,2_person,nonfamily_single,1,F&B Eatery/Full-Service Restaurants,Car,Car
65346,24,Young Adult,61887,High,1_person,living_alone,0,F&B Eatery/Drinking Places,Walking,Walking
44239,53,Senior,0,Debt,2_person,married_couple,2,F&B Eatery/Special Food Services,Car,Car
28760,50,Middle Age,38789,Moderate,1_person,living_alone,1,F&B Eatery/Full-Service Restaurants,Car,Walking
11525,50,Middle Age,15350,Low,3_person,married_couple,2,F&B Eatery/Full-Service Restaurants,Car,Car
62578,59,Senior,7426,Low,2_person,nonfamily_single,2,F&B Eatery/Full-Service Restaurants,Car,Car
31824,55,Senior,96702,Very High,4_person,married_couple,1,F&B Eatery/Limited-Service Restaurants,Car,Car
6212,22,Young Adult,0,Debt,5_person,nonfamily_single,1,F&B Eatery/Limited-Service Restaurants,Walking,Car
58696,30,Young Adult,61887,High,1_person,living_alone,0,F&B Eatery/Limited-Service Restaurants,Public_transport,Walking
36310,25,Young Adult,0,Debt,2_person,nonfamily_single,1,F&B Eatery/Limited-Service Restaurants,Public_transport,Walking
4102,45,Middle Age,65659,High,3_person,married_couple,2,F&B Eatery/Full-Service Restaurants,Car,Car
33021,60,Senior,101242,Very High,1_person,living_alone,1,F&B Eatery/Limited-Service Restaurants,Car,Car
60940,61,Elderly,8889,Low,7_plus_person,nonfamily_single,0,F&B Eatery/Full-Service Restaurants,Public_transport,Public_transport
38952,32,Adult,63276,High,7_plus_person,married_couple,1,F&B Eatery/Full-Service Restaurants,Walking,Public_transport
9340,32,Adult,134181,Ultra High,3_person,married_couple,1,F&B Eatery/Snack and Nonalcoholic Beverage Bars,Car,Car
18526,33,Adult,67044,High,2_person,married_couple,0,F&B Eatery/Full-Service Restaurants,Car,Public_transport
59356,35,Adult,72201,High,3_person,married_couple,1,F&B Eatery/Full-Service Restaurants,Walking,Car
6403,23,Young Adult,24754,Low,3_person,nonfamily_single,1,F&B Eatery/Full-Service Restaurants,Walking,Walking
12043,51,Senior,0,Debt,3_person,family_single,0,F&B Eatery/Snack and Nonalcoholic Beverage Bars,Walking,Walking
7632,25,Young Adult,53672,Moderate,5_person,nonfamily_single,0,F&B Eatery/Full-Service Restaurants,Public_transport,Public_transport
1728,35,Adult,25476,Low,4_person,nonfamily_single,0,F&B Eatery/Full-Service Restaurants,Walking,Walking
18055,65,Elderly,11344,Low,1_person,living_alone,1,F&B Eatery/Snack and Nonalcoholic Beverage Bars,Car,Car
1868,39,Adult,0,Debt,4_person,married_couple,1,F&B Eatery/Full-Service Restaurants,Walking,Car
57989,35,Adult,64406,High,2_person,nonfamily_single,1,F&B Eatery/Full-Service Restaurants,Car,Car
14677,79,Elderly,9016,Low,1_person,living_alone,0,F&B Eatery/Full-Service Restaurants,Walking,Walking
60976,23,Young Adult,52730,Moderate,3_person,nonfamily_single,0,F&B Eatery/Snack and Nonalcoholic Beverage Bars,Walking,Walking
31476,27,Young Adult,44609,Moderate,2_person,nonfamily_single,1,F&B Eatery/Full-Service Restaurants,Walking,Car
11441,83,Elderly,7171,Low,2_person,married_couple,1,F&B Eatery/Full-Service Restaurants,Car,Car
40823,40,Adult,210921,Ultra High,3_person,married_couple,0,F&B Eatery/Drinking Places,Public_transport,Walking
47361,33,Adult,0,Debt,4_person,married_couple,2,F&B Eatery/Full-Service Restaurants,Car,Car
1971,20,Young Adult,0,Debt,3_person,nonfamily_single,0,F&B Eatery/Limited-Service Restaurants,Walking,Walking
40136,34,Adult,202029,Ultra High,4_person,married_couple,1,F&B Eatery/Full-Service Restaurants,Walking,Public_transport
6704,65,Elderly,59469,Moderate,2_person,nonfamily_single,1,F&B Eatery/Snack and Nonalcoholic Beverage Bars,Public_transport,Car
20067,57,Senior,44011,Moderate,1_person,living_alone,1,F&B Eatery/Full-Service Restaurants,Car,Car
48848,30,Young Adult,644,Low,2_person,nonfamily_single,1,F&B Eatery/Drinking Places,Car,Walking
45823,21,Young Adult,23615,Low,5_person,nonfamily_single,0,F&B Eatery/Snack and Nonalcoholic Beverage Bars,Walking,Walking
15588,25,Young Adult,106065,Very High,1_person,living_alone,0,F&B Eatery/Full-Service Restaurants,Public_transport,Walking
694,56,Senior,131825,Ultra High,2_person,married_couple,1,F&B Eatery/Full-Service Restaurants,Car,Car
22113,19,Young Adult,0,Debt,2_person,family_single,0,F&B Eatery/Full-Service Restaurants,Walking,Walking
53800,37,Adult,107344,Very High,1_person,living_alone,1,F&B Eatery/Full-Service Restaurants,Car,Car
12047,30,Young Adult,61586,High,2_person,nonfamily_single,0,F&B Eatery/Snack and Nonalcoholic Beverage Bars,Walking,Walking
51672,42,Middle Age,83407,High,3_person,married_couple,1,F&B Eatery/Full-Service Restaurants,Walking,Car
25737,81,Elderly,10967,Low,3_person,married_couple,0,F&B Eatery/Full-Service Restaurants,Public_transport,Public_transport
17973,65,Elderly,37816,Moderate,3_person,family_single,2,F&B Eatery/Full-Service Restaurants,Car,Car
37820,26,Young Adult,3220,Low,2_person,family_single,0,F&B Eatery/Full-Service Restaurants,Public_transport,Walking
35052,27,Young Adult,28092,Low,2_person,nonfamily_single,0,F&B Eatery/Limited-Service Restaurants,Public_transport,Walking
55643,33,Adult,16960,Low,3_person,married_couple,1,F&B Eatery/Full-Service Restaurants,Car,Walking
32349,69,Elderly,39977,Moderate,2_person,family_single,1,F&B Eatery/Full-Service Restaurants,Walking,Car
25574,17,Teen,0,Debt,5_person,married_couple,1,F&B Eatery/Full-Service Restaurants,Car,Car
35862,56,Senior,19899,Low,1_person,living_alone,1,F&B Eatery/Full-Service Restaurants,Car,Car
34445,59,Senior,101014,Very High,2_person,nonfamily_single,0,F&B Eatery/Snack and Nonalcoholic Beverage Bars,Car,Public_transport
2114,27,Young Adult,38163,Moderate,2_person,family_single,1,F&B Eatery/Special Food Services,Walking,Car
3629,21,Young Adult,0,Debt,3_person,nonfamily_single,0,F&B Eatery/Full-Service Restaurants,Walking,Walking
18657,28,Young Adult,69774,High,5_person,nonfamily_single,3_plus,F&B Eatery/Full-Service Restaurants,Walking,Walking
27703,36,Adult,15354,Low,3_person,married_couple,1,F&B Eatery/Snack and Nonalcoholic Beverage Bars,Public_transport,Walking
66113,83,Elderly,7171,Low,2_person,married_couple,1,F&B Eatery/Snack and Nonalcoholic Beverage Bars,Public_transport,Car
52396,50,Middle Age,14142,Low,3_person,family_single,2,F&B Eatery/Snack and Nonalcoholic Beverage Bars,Car,Car
13923,48,Middle Age,0,Debt,6_person,family_single,1,F&B Eatery/Full-Service Restaurants,Car,Walking
40794,30,Young Adult,33334,Moderate,4_person,married_couple,2,F&B Eatery/Snack and Nonalcoholic Beverage Bars,Car,Car
11292,77,Elderly,6482,Low,7_plus_person,married_couple,2,F&B Eatery/Full-Service Restaurants,Car,Car
37809,51,Senior,2576,Low,3_person,married_couple,1,F&B Eatery/Full-Service Restaurants,Public_transport,Car
53969,23,Young Adult,0,Debt,7_plus_person,family_single,1,F&B Eatery/Snack and Nonalcoholic Beverage Bars,Public_transport,Walking
56748,50,Middle Age,0,Debt,1_person,living_alone,1,F&B Eatery/Drinking Places,Car,Public_transport
36331,69,Elderly,8889,Low,7_plus_person,nonfamily_single,0,F&B Eatery/Full-Service Restaurants,Car,Public_transport
54711,73,Elderly,8889,Low,7_plus_person,nonfamily_single,0,F&B Eatery/Drinking Places,Public_transport,Public_transport
56444,32,Adult,74161,High,2_person,nonfamily_single,2,F&B Eatery/Full-Service Restaurants,Car,Car
19669,65,Elderly,0,Debt,4_person,married_couple,1,F&B Eatery/Full-Service Restaurants,Walking,Car
29048,60,Senior,382844,Ultra High,3_person,nonfamily_single,2,F&B Eatery/Full-Service Restaurants,Walking,Car
42722,33,Adult,63276,High,2_person,family_single,1,F&B Eatery/Snack and Nonalcoholic Beverage Bars,Walking,Car
40706,23,Young Adult,12209,Low,2_person,nonfamily_single,0,F&B Eatery/Full-Service Restaurants,Public_transport,Walking
39080,42,Middle Age,206290,Ultra High,5_person,married_couple,1,F&B Eatery/Drinking Places,Public_transport,Car
26372,48,Middle Age,10018,Low,3_person,married_couple,2,F&B Eatery/Drinking Places,Car,Car
44871,32,Adult,69774,High,2_person,nonfamily_single,0,F&B Eatery/Snack and Nonalcoholic Beverage Bars,Walking,Walking
27916,53,Senior,8251,Low,1_person,living_alone,0,F&B Eatery/Limited-Service Restaurants,Walking,Public_transport
58364,52,Senior,210921,Ultra High,1_person,living_alone,1,F&B Eatery/Full-Service Restaurants,Car,Car
44772,62,Elderly,8889,Low,7_plus_person,nonfamily_single,0,F&B Eatery/Full-Service Restaurants,Walking,Public_transport
17040,57,Senior,7023,Low,1_person,living_alone,3_plus,F&B Eatery/Snack and Nonalcoholic Beverage Bars,Public_transport,Car
43151,22,Young Adult,47457,Moderate,3_person,nonfamily_single,0,F&B Eatery/Full-Service Restaurants,Walking,Walking
39452,28,Young Adult,48305,Moderate,2_person,married_couple,1,F&B Eatery/Full-Service Restaurants,Car,Car
65416,21,Young Adult,1610,Low,7_plus_person,married_couple,2,F&B Eatery/Full-Service Restaurants,Public_transport,Car
40954,83,Elderly,485879,Ultra High,2_person,married_couple,1,F&B Eatery/Full-Service Restaurants,Car,Car
62819,75,Elderly,2626,Low,6_person,married_couple,3_plus,F&B Eatery/Snack and Nonalcoholic Beverage Bars,Car,Car
64696,65,Elderly,34243,Moderate,1_person,living_alone,1,F&B Eatery/Snack and Nonalcoholic Beverage Bars,Car,Car
52383,38,Adult,91243,Very High,2_person,family_single,1,F&B Eatery/Snack and Nonalcoholic Beverage Bars,Public_transport,Car
44399,28,Young Adult,69774,High,4_person,nonfamily_single,2,F&B Eatery/Full-Service Restaurants,Car,Car
64954,23,Young Adult,0,Debt,3_person,family_single,1,F&B Eatery/Limited-Service Restaurants,Car,Walking
2484,31,Adult,60506,High,2_person,nonfamily_single,0,F&B Eatery/Snack and Nonalcoholic Beverage Bars,Public_transport,Walking
45802,23,Young Adult,47457,Moderate,3_person,nonfamily_single,1,F&B Eatery/Full-Service Restaurants,Car,Car
64686,48,Middle Age,102720,Very High,1_person,living_alone,0,F&B Eatery/Snack and Nonalcoholic Beverage Bars,Public_transport,Public_transport
48774,63,Elderly,12641,Low,1_person,living_alone,1,F&B Eatery/Snack and Nonalcoholic Beverage Bars,Walking,Car
28072,68,Elderly,10440,Low,1_person,living_alone,0,F&B Eatery/Full-Service Restaurants,Public_transport,Walking
39973,47,Middle Age,84368,High,5_person,married_couple,3_plus,F&B Eatery/Full-Service Restaurants,Walking,Car
61333,27,Young Adult,53672,Moderate,2_person,nonfamily_single,1,F&B Eatery/Full-Service Restaurants,Walking,Car
38735,78,Elderly,12965,Low,2_person,married_couple,2,F&B Eatery/Snack and Nonalcoholic Beverage Bars,Car,Car
38910,26,Young Adult,62667,High,3_person,family_single,0,F&B Eatery/Special Food Services,Public_transport,Walking
29455,46,Middle Age,23723,Low,6_person,married_couple,2,F&B Eatery/Full-Service Restaurants,Car,Car
50104,36,Adult,102644,Very High,1_person,living_alone,1,F&B Eatery/Snack and Nonalcoholic Beverage Bars,Walking,Car
45948,26,Young Adult,49951,Moderate,2_person,nonfamily_single,1,F&B Eatery/Full-Service Restaurants,Car,Car
25745,48,Middle Age,114146,Very High,1_person,living_alone,0,F&B Eatery/Full-Service Restaurants,Walking,Public_transport
54816,16,Teen,0,Debt,4_person,married_couple,2,F&B Eatery/Full-Service Restaurants,Public_transport,Car
65602,50,Middle Age,38789,Moderate,1_person,living_alone,1,F&B Eatery/Full-Service Restaurants,Car,Walking
3409,51,Senior,82655,High,2_person,married_couple,0,F&B Eatery/Limited-Service Restaurants,Walking,Public_transport
21159,56,Senior,41258,Moderate,1_person,living_alone,0,F&B Eatery/Limited-Service Restaurants,Public_transport,Public_transport
42678,70,Elderly,1581,Low,1_person,living_alone,0,F&B Eatery/Full-Service Restaurants,Walking,Walking
63041,33,Adult,46415,Moderate,3_person,family_single,2,F&B Eatery/Limited-Service Restaurants,Car,Car
10745,33,Adult,92943,Very High,2_person,nonfamily_single,1,F&B Eatery/Full-Service Restaurants,Car,Car
7192,29,Young Adult,60608,High,2_person,nonfamily_single,0,F&B Eatery/Full-Service Restaurants,Walking,Walking
26617,25,Young Adult,12222,Low,2_person,nonfamily_single,0,F&B Eatery/Full-Service Restaurants,Walking,Walking
386,42,Middle Age,0,Debt,2_person,married_couple,1,F&B Eatery/Limited-Service Restaurants,Car,Car
33927,26,Young Adult,0,Debt,7_plus_person,family_single,1,F&B Eatery/Full-Service Restaurants,Car,Walking
61541,39,Adult,113459,Very High,2_person,married_couple,1,F&B Eatery/Snack and Nonalcoholic Beverage Bars,Public_transport,Car
63756,43,Middle Age,63487,High,2_person,married_couple,2,F&B Eatery/Limited-Service Restaurants,Public_transport,Car
14674,33,Adult,174009,Ultra High,2_person,nonfamily_single,1,F&B Eatery/Limited-Service Restaurants,Car,Car
41792,24,Young Adult,0,Debt,3_person,nonfamily_single,0,F&B Eatery/Snack and Nonalcoholic Beverage Bars,Public_transport,Walking
15185,78,Elderly,15884,Low,2_person,married_couple,1,F&B Eatery/Full-Service Restaurants,Car,Car
37552,41,Middle Age,8211,Low,2_person,family_single,0,F&B Eatery/Full-Service Restaurants,Public_transport,Walking
7953,49,Middle Age,162070,Ultra High,4_person,married_couple,2,F&B Eatery/Full-Service Restaurants,Car,Car
65705,28,Young Adult,61586,High,4_person,nonfamily_single,0,F&B Eatery/Limited-Service Restaurants,Public_transport,Walking
8118,43,Middle Age,237286,Ultra High,5_person,family_single,1,F&B Eatery/Full-Service Restaurants,Car,Car
46888,58,Senior,0,Debt,3_person,married_couple,1,F&B Eatery/Full-Service Restaurants,Car,Car
4299,46,Middle Age,21660,Low,3_person,family_single,2,F&B Eatery/Full-Service Restaurants,Car,Car
56195,41,Middle Age,174972,Ultra High,1_person,living_alone,1,F&B Eatery/Drinking Places,Public_transport,Car
54304,28,Young Adult,43238,Moderate,3_person,nonfamily_single,2,F&B Eatery/Drinking Places,Car,Car
50298,24,Young Adult,0,Debt,4_person,nonfamily_single,0,F&B Eatery/Full-Service Restaurants,Walking,Walking
46716,45,Middle Age,182486,Ultra High,4_person,married_couple,2,F&B Eatery/Full-Service Restaurants,Car,Car
51089,28,Young Adult,80811,High,2_person,nonfamily_single,1,F&B Eatery/Full-Service Restaurants,Public_transport,Walking
24783,19,Young Adult,0,Debt,4_person,married_couple,2,F&B Eatery/Snack and Nonalcoholic Beverage Bars,Car,Car
12076,56,Senior,9016,Low,2_person,family_single,0,F&B Eatery/Drinking Places,Walking,Public_transport
20472,32,Adult,47875,Moderate,2_person,nonfamily_single,2,F&B Eatery/Full-Service Restaurants,Car,Car
11179,73,Elderly,2701,Low,3_person,married_couple,1,F&B Eatery/Limited-Service Restaurants,Car,Car
37136,35,Adult,90913,Very High,2_person,nonfamily_single,1,F&B Eatery/Full-Service Restaurants,Public_transport,Car
5914,26,Young Adult,30253,Moderate,3_person,nonfamily_single,1,F&B Eatery/Full-Service Restaurants,Walking,Car
49608,90,Elderly,136151,Ultra High,1_person,living_alone,0,F&B Eatery/Full-Service Restaurants,Car,Public_transport
64007,76,Elderly,39607,Moderate,1_person,living_alone,0,F&B Eatery/Snack and Nonalcoholic Beverage Bars,Walking,Public_transport
38165,16,Teen,0,Debt,4_person,married_couple,1,F&B Eatery/Snack and Nonalcoholic Beverage Bars,Car,Public_transport
35476,27,Young Adult,1054,Low,4_person,nonfamily_single,0,F&B Eatery/Full-Service Restaurants,Public_transport,Walking
53010,59,Senior,95925,Very High,3_person,family_single,3_plus,F&B Eatery/Snack and Nonalcoholic Beverage Bars,Car,Car
57688,71,Elderly,8643,Low,1_person,living_alone,2,F&B Eatery/Limited-Service Restaurants,Walking,Car
16480,31,Adult,72730,High,2_person,married_couple,1,F&B Eatery/Limited-Service Restaurants,Car,Car
28083,80,Elderly,329105,Ultra High,7_plus_person,married_couple,1,F&B Eatery/Snack and Nonalcoholic Beverage Bars,Car,Car
3130,72,Elderly,0,Debt,4_person,nonfamily_single,1,F&B Eatery/Full-Service Restaurants,Car,Car
8015,23,Young Adult,32414,Moderate,3_person,nonfamily_single,0,F&B Eatery/Snack and Nonalcoholic Beverage Bars,Car,Walking
27050,71,Elderly,85610,High,1_person,living_alone,1,F&B Eatery/Full-Service Restaurants,Car,Car
6780,70,Elderly,9192,Low,2_person,married_couple,2,F&B Eatery/Snack and Nonalcoholic Beverage Bars,Public_transport,Car
44891,59,Senior,24850,Low,4_person,family_single,0,F&B Eatery/Limited-Service Restaurants,Car,Walking
6618,26,Young Adult,75632,High,3_person,nonfamily_single,1,F&B Eatery/Full-Service Restaurants,Public_transport,Walking
35395,46,Middle Age,31718,Moderate,4_person,family_single,1,F&B Eatery/Full-Service Restaurants,Car,Car
20157,70,Elderly,330317,Ultra High,7_plus_person,married_couple,1,F&B Eatery/Limited-Service Restaurants,Walking,Car
10559,25,Young Adult,67044,High,2_person,married_couple,1,F&B Eatery/Drinking Places,Car,Walking
35007,54,Senior,7514,Low,5_person,married_couple,3_plus,F&B Eatery/Full-Service Restaurants,Car,Car
20047,23,Young Adult,7220,Low,5_person,married_couple,2,F&B Eatery/Snack and Nonalcoholic Beverage Bars,Car,Public_transport
27657,28,Young Adult,25786,Low,4_person,nonfamily_single,2,F&B Eatery/Full-Service Restaurants,Walking,Car
33312,51,Senior,0,Debt,4_person,married_couple,1,F&B Eatery/Full-Service Restaurants,Public_transport,Car
9399,38,Adult,86437,High,2_person,nonfamily_single,1,F&B Eatery/Full-Service Restaurants,Public_transport,Car
11219,61,Elderly,0,Debt,1_person,living_alone,0,F&B Eatery/Full-Service Restaurants,Public_transport,Walking
46707,89,Elderly,883448,Ultra High,2_person,married_couple,2,F&B Eatery/Full-Service Restaurants,Walking,Car
54290,27,Young Adult,71713,High,3_person,family_single,3_plus,F&B Eatery/Limited-Service Restaurants,Public_transport,Car
60248,63,Elderly,323966,Ultra High,1_person,living_alone,1,F&B Eatery/Snack and Nonalcoholic Beverage Bars,Car,Car
35157,30,Young Adult,21609,Low,4_person,married_couple,2,F&B Eatery/Full-Service Restaurants,Car,Car
37029,24,Young Adult,4744,Low,2_person,nonfamily_single,0,F&B Eatery/Limited-Service Restaurants,Walking,Walking
9784,64,Elderly,596906,Ultra High,1_person,living_alone,0,F&B Eatery/Drinking Places,Car,Public_transport
48671,44,Middle Age,25786,Low,4_person,nonfamily_single,2,F&B Eatery/Full-Service Restaurants,Car,Public_transport
59323,29,Young Adult,85862,High,2_person,married_couple,1,F&B Eatery/Full-Service Restaurants,Public_transport,Walking
43351,60,Senior,10804,Low,2_person,married_couple,1,F&B Eatery/Special Food Services,Car,Car
52234,35,Adult,98194,Very High,3_person,married_couple,2,F&B Eatery/Drinking Places,Walking,Car
46347,64,Elderly,45961,Moderate,3_person,married_couple,2,F&B Eatery/Full-Service Restaurants,Car,Car
41340,43,Middle Age,73841,High,1_person,living_alone,1,F&B Eatery/Drinking Places,Public_transport,Car
33822,22,Young Adult,0,Debt,2_person,family_single,0,F&B Eatery/Snack and Nonalcoholic Beverage Bars,Walking,Walking
20256,63,Elderly,0,Debt,6_person,married_couple,1,F&B Eatery/Full-Service Restaurants,Walking,Car
27206,53,Senior,131318,Ultra High,1_person,living_alone,1,F&B Eatery/Drinking Places,Walking,Car
29732,32,Adult,84368,High,6_person,married_couple,2,F&B Eatery/Full-Service Restaurants,Car,Walking
16226,29,Young Adult,107344,Very High,2_person,nonfamily_single,2,F&B Eatery/Full-Service Restaurants,Public_transport,Car
55978,51,Senior,38387,Moderate,3_person,married_couple,1,F&B Eatery/Limited-Service Restaurants,Car,Car
5591,33,Adult,53672,Moderate,3_person,married_couple,2,F&B Eatery/Snack and Nonalcoholic Beverage Bars,Car,Car
63991,34,Adult,0,Debt,6_person,married_couple,2,F&B Eatery/Full-Service Restaurants,Car,Car
48089,26,Young Adult,0,Debt,4_person,nonfamily_single,1,F&B Eatery/Drinking Places,Car,Walking
67218,32,Adult,61887,High,4_person,nonfamily_single,0,F&B Eatery/Full-Service Restaurants,Walking,Public_transport
19285,29,Young Adult,33852,Moderate,3_person,nonfamily_single,2,F&B Eatery/Snack and Nonalcoholic Beverage Bars,Walking,Car
53251,20,Young Adult,14046,Low,6_person,married_couple,3_plus,F&B Eatery/Limited-Service Restaurants,Walking,Public_transport
37036,26,Young Adult,63276,High,3_person,nonfamily_single,3_plus,F&B Eatery/Drinking Places,Public_transport,Car
14746,22,Young Adult,20629,Low,1_person,living_alone,0,F&B Eatery/Full-Service Restaurants,Public_transport,Walking
62919,25,Young Adult,64330,High,3_person,nonfamily_single,1,F&B Eatery/Full-Service Restaurants,Car,Walking
632,71,Elderly,15994,Low,2_person,family_single,1,F&B Eatery/Snack and Nonalcoholic Beverage Bars,Public_transport,Car
60132,39,Adult,64828,High,1_person,living_alone,0,F&B Eatery/Full-Service Restaurants,Walking,Walking
41936,74,Elderly,36365,Moderate,1_person,living_alone,0,F&B Eatery/Limited-Service Restaurants,Public_transport,Public_transport
47367,29,Young Adult,83547,High,1_person,living_alone,0,F&B Eatery/Snack and Nonalcoholic Beverage Bars,Car,Walking
4535,74,Elderly,48478,Moderate,2_person,married_couple,1,F&B Eatery/Snack and Nonalcoholic Beverage Bars,Car,Car
29849,76,Elderly,48478,Moderate,2_person,nonfamily_single,1,F&B Eatery/Snack and Nonalcoholic Beverage Bars,Car,Car
22353,33,Adult,353550,Ultra High,3_person,married_couple,0,F&B Eatery/Limited-Service Restaurants,Walking,Walking
43314,32,Adult,0,Debt,2_person,nonfamily_single,0,F&B Eatery/Snack and Nonalcoholic Beverage Bars,Public_transport,Walking
43094,72,Elderly,3864,Low,4_person,married_couple,1,F&B Eatery/Snack and Nonalcoholic Beverage Bars,Public_transport,Car
12674,40,Adult,153972,Ultra High,2_person,married_couple,2,F&B Eatery/Full-Service Restaurants,Public_transport,Car
35165,27,Young Adult,0,Debt,3_person,nonfamily_single,0,F&B Eatery/Snack and Nonalcoholic Beverage Bars,Walking,Walking
31205,58,Senior,43218,Moderate,5_person,family_single,3_plus,F&B Eatery/Snack and Nonalcoholic Beverage Bars,Car,Car
36952,50,Middle Age,75141,High,4_person,married_couple,1,F&B Eatery/Limited-Service Restaurants,Public_transport,Car
25467,21,Young Adult,0,Debt,4_person,married_couple,2,F&B Eatery/Full-Service Restaurants,Car,Car
2576,25,Young Adult,33747,Moderate,2_person,nonfamily_single,1,F&B Eatery/Drinking Places,Public_transport,Car
35141,48,Middle Age,13535,Low,1_person,living_alone,0,F&B Eatery/Snack and Nonalcoholic Beverage Bars,Car,Walking
1756,46,Middle Age,28284,Low,3_person,family_single,0,F&B Eatery/Full-Service Restaurants,Walking,Walking
65006,29,Young Adult,32414,Moderate,2_person,nonfamily_single,1,F&B Eatery/Limited-Service Restaurants,Public_transport,Car
62591,74,Elderly,324256,Ultra High,2_person,married_couple,1,F&B Eatery/Full-Service Restaurants,Car,Car
61329,31,Adult,52730,Moderate,2_person,married_couple,1,F&B Eatery/Snack and Nonalcoholic Beverage Bars,Walking,Car
60736,79,Elderly,49593,Moderate,2_person,married_couple,1,F&B Eatery/Full-Service Restaurants,Car,Car
37138,85,Elderly,75931,High,2_person,married_couple,1,F&B Eatery/Limited-Service Restaurants,Public_transport,Car
63154,23,Young Adult,0,Debt,7_plus_person,family_single,3_plus,F&B Eatery/Limited-Service Restaurants,Car,Car
67157,20,Young Adult,0,Debt,2_person,nonfamily_single,1,F&B Eatery/Full-Service Restaurants,Car,Walking
46872,30,Young Adult,21660,Low,6_person,nonfamily_single,0,F&B Eatery/Full-Service Restaurants,Public_transport,Walking
22024,57,Senior,0,Debt,2_person,married_couple,0,F&B Eatery/Full-Service Restaurants,Public_transport,Public_transport
11236,49,Middle Age,20113,Low,7_plus_person,married_couple,3_plus,F&B Eatery/Full-Service Restaurants,Car,Car
25385,82,Elderly,84682,High,1_person,living_alone,1,F&B Eatery/Full-Service Restaurants,Car,Car
25671,44,Middle Age,40791,Moderate,1_person,living_alone,1,F&B Eatery/Limited-Service Restaurants,Car,Walking
35283,80,Elderly,0,Debt,6_person,married_couple,2,F&B Eatery/Full-Service Restaurants,Car,Car
27007,53,Senior,12641,Low,2_person,family_single,0,F&B Eatery/Snack and Nonalcoholic Beverage Bars,Public_transport,Public_transport
37030,50,Middle Age,8889,Low,7_plus_person,nonfamily_single,0,F&B Eatery/Full-Service Restaurants,Walking,Public_transport
60344,50,Middle Age,0,Debt,2_person,married_couple,1,F&B Eatery/Snack and Nonalcoholic Beverage Bars,Car,Car
9663,29,Young Adult,1616,Low,2_person,married_couple,1,F&B Eatery/Full-Service Restaurants,Public_transport,Public_transport
16799,77,Elderly,10372,Low,1_person,living_alone,0,F&B Eatery/Full-Service Restaurants,Walking,Walking
55787,26,Young Adult,0,Debt,3_person,married_couple,2,F&B Eatery/Drinking Places,Car,Public_transport
54165,62,Elderly,10404,Low,1_person,living_alone,0,F&B Eatery/Full-Service Restaurants,Walking,Walking
15150,69,Elderly,56948,Moderate,2_person,married_couple,1,F&B Eatery/Snack and Nonalcoholic Beverage Bars,Car,Car
38546,27,Young Adult,28092,Low,2_person,nonfamily_single,0,F&B Eatery/Limited-Service Restaurants,Walking,Walking
23572,24,Young Adult,0,Debt,3_person,nonfamily_single,0,F&B Eatery/Limited-Service Restaurants,Walking,Walking
56705,24,Young Adult,34887,Moderate,4_person,nonfamily_single,1,F&B Eatery/Limited-Service Restaurants,Public_transport,Car
36463,78,Elderly,71386,High,1_person,living_alone,1,F&B Eatery/Drinking Places,Public_transport,Car
17094,70,Elderly,330317,Ultra High,7_plus_person,married_couple,1,F&B Eatery/Drinking Places,Public_transport,Car
897,34,Adult,3094,Low,5_person,married_couple,1,F&B Eatery/Drinking Places,Walking,Car
66892,23,Young Adult,17175,Low,2_person,family_single,2,F&B Eatery/Snack and Nonalcoholic Beverage Bars,Car,Walking
11720,25,Young Adult,46415,Moderate,1_person,living_alone,0,F&B Eatery/Drinking Places,Public_transport,Walking
37271,34,Adult,72392,High,3_person,nonfamily_single,2,F&B Eatery/Snack and Nonalcoholic Beverage Bars,Car,Car
38641,28,Young Adult,161017,Ultra High,2_person,nonfamily_single,1,F&B Eatery/Limited-Service Restaurants,Walking,Walking
65184,20,Young Adult,0,Debt,3_person,nonfamily_single,0,F&B Eatery/Snack and Nonalcoholic Beverage Bars,Walking,Walking
25825,41,Middle Age,0,Debt,2_person,family_single,0,F&B Eatery/Limited-Service Restaurants,Walking,Walking
50044,25,Young Adult,64828,High,3_person,nonfamily_single,1,F&B Eatery/Snack and Nonalcoholic Beverage Bars,Walking,Walking
61007,23,Young Adult,738,Low,1_person,living_alone,1,F&B Eatery/Full-Service Restaurants,Public_transport,Walking
34263,60,Senior,48587,Moderate,2_person,married_couple,1,F&B Eatery/Full-Service Restaurants,Car,Car
63772,27,Young Adult,41258,Moderate,2_person,married_couple,1,F&B Eatery/Full-Service Restaurants,Car,Car
690,34,Adult,35355,Moderate,4_person,married_couple,1,F&B Eatery/Full-Service Restaurants,Walking,Public_transport
46728,66,Elderly,80508,High,1_person,living_alone,1,F&B Eatery/Full-Service Restaurants,Car,Car
36859,46,Middle Age,11056,Low,2_person,family_single,0,F&B Eatery/Drinking Places,Walking,Walking
62217,30,Young Adult,0,Debt,3_person,family_single,1,F&B Eatery/Full-Service Restaurants,Car,Walking
35656,87,Elderly,10124,Low,1_person,living_alone,0,F&B Eatery/Full-Service Restaurants,Walking,Walking
55457,84,Elderly,12828,Low,3_person,married_couple,1,F&B Eatery/Snack and Nonalcoholic Beverage Bars,Car,Car
37696,29,Young Adult,0,Debt,7_plus_person,nonfamily_single,2,F&B Eatery/Full-Service Restaurants,Walking,Public_transport
50675,21,Young Adult,0,Debt,7_plus_person,family_single,1,F&B Eatery/Full-Service Restaurants,Public_transport,Walking
49950,38,Adult,49509,Moderate,7_plus_person,married_couple,3_plus,F&B Eatery/Limited-Service Restaurants,Public_transport,Car
19517,65,Elderly,19448,Low,5_person,married_couple,2,F&B Eatery/Snack and Nonalcoholic Beverage Bars,Public_transport,Car
5206,87,Elderly,9076,Low,1_person,living_alone,2,F&B Eatery/Limited-Service Restaurants,Car,Car
65717,29,Young Adult,108085,Very High,1_person,living_alone,1,F&B Eatery/Full-Service Restaurants,Public_transport,Car
17790,19,Young Adult,8251,Low,4_person,married_couple,2,F&B Eatery/Full-Service Restaurants,Public_transport,Car
36087,21,Young Adult,0,Debt,2_person,nonfamily_single,0,F&B Eatery/Full-Service Restaurants,Walking,Walking
3574,61,Elderly,9446,Low,1_person,living_alone,1,F&B Eatery/Snack and Nonalcoholic Beverage Bars,Car,Car
916,77,Elderly,12274,Low,4_person,nonfamily_single,0,F&B Eatery/Limited-Service Restaurants,Car,Walking
16911,25,Young Adult,69700,High,3_person,nonfamily_single,3_plus,F&B Eatery/Drinking Places,Car,Car
22727,32,Adult,21092,Low,7_plus_person,married_couple,2,F&B Eatery/Full-Service Restaurants,Walking,Car
60602,42,Middle Age,9076,Low,7_plus_person,married_couple,3_plus,F&B Eatery/Full-Service Restaurants,Car,Car
23039,77,Elderly,75295,High,2_person,married_couple,1,F&B Eatery/Snack and Nonalcoholic Beverage Bars,Public_transport,Car
31285,30,Young Adult,64689,High,1_person,living_alone,0,F&B Eatery/Full-Service Restaurants,Public_transport,Walking
19203,22,Young Adult,50621,Moderate,4_person,nonfamily_single,0,F&B Eatery/Full-Service Restaurants,Public_transport,Walking
11136,28,Young Adult,36100,Moderate,3_person,married_couple,2,F&B Eatery/Full-Service Restaurants,Car,Car
62690,44,Middle Age,134088,Ultra High,1_person,living_alone,1,F&B Eatery/Full-Service Restaurants,Car,Car
42465,40,Adult,3094,Low,7_plus_person,married_couple,1,F&B Eatery/Full-Service Restaurants,Public_transport,Walking
7973,31,Adult,32414,Moderate,5_person,married_couple,2,F&B Eatery/Full-Service Restaurants,Walking,Car
29892,25,Young Adult,30943,Moderate,3_person,nonfamily_single,0,F&B Eatery/Full-Service Restaurants,Walking,Walking
39032,28,Young Adult,0,Debt,2_person,married_couple,1,F&B Eatery/Snack and Nonalcoholic Beverage Bars,Car,Public_transport
54176,37,Adult,85862,High,2_person,married_couple,2,F&B Eatery/Snack and Nonalcoholic Beverage Bars,Car,Car
19396,32,Adult,10734,Low,4_person,family_single,1,F&B Eatery/Snack and Nonalcoholic Beverage Bars,Walking,Walking
33697,31,Adult,149501,Ultra High,3_person,nonfamily_single,0,F&B Eatery/Limited-Service Restaurants,Walking,Walking
12419,33,Adult,103145,Very High,1_person,living_alone,1,F&B Eatery/Full-Service Restaurants,Car,Car
4019,28,Young Adult,67118,High,1_person,living_alone,1,F&B Eatery/Full-Service Restaurants,Walking,Walking
27079,23,Young Adult,0,Debt,7_plus_person,family_single,3_plus,F&B Eatery/Full-Service Restaurants,Car,Car
24188,39,Adult,52730,Moderate,2_person,nonfamily_single,3_plus,F&B Eatery/Limited-Service Restaurants,Public_transport,Car
22491,72,Elderly,21557,Low,2_person,married_couple,1,F&B Eatery/Full-Service Restaurants,Car,Car
27588,57,Senior,0,Debt,3_person,married_couple,0,F&B Eatery/Full-Service Restaurants,Public_transport,Public_transport
15456,21,Young Adult,21468,Low,3_person,nonfamily_single,1,F&B Eatery/Limited-Service Restaurants,Car,Walking
17158,28,Young Adult,61586,High,4_person,nonfamily_single,0,F&B Eatery/Limited-Service Restaurants,Public_transport,Walking
63078,31,Adult,101082,Very High,1_person,living_alone,1,F&B Eatery/Full-Service Restaurants,Public_transport,Car
18015,57,Senior,237286,Ultra High,3_person,married_couple,2,F&B Eatery/Full-Service Restaurants,Walking,Car
40891,64,Elderly,11807,Low,2_person,family_single,0,F&B Eatery/Full-Service Restaurants,Public_transport,Walking
39197,82,Elderly,12965,Low,1_person,living_alone,0,F&B Eatery/Full-Service Restaurants,Public_transport,Walking
6806,30,Young Adult,103725,Very High,1_person,living_alone,0,F&B Eatery/Full-Service Restaurants,Walking,Walking
42684,40,Adult,65659,High,2_person,nonfamily_single,2,F&B Eatery/Snack and Nonalcoholic Beverage Bars,Public_transport,Car
31212,94,Elderly,22809,Low,7_plus_person,married_couple,2,F&B Eatery/Full-Service Restaurants,Car,Car
35518,26,Young Adult,32414,Moderate,3_person,family_single,0,F&B Eatery/Limited-Service Restaurants,Public_transport,Walking
49047,55,Senior,7563,Low,1_person,living_alone,0,F&B Eatery/Limited-Service Restaurants,Walking,Public_transport
44358,85,Elderly,50890,Moderate,2_person,family_single,2,F&B Eatery/Snack and Nonalcoholic Beverage Bars,Car,Car
62352,53,Senior,8251,Low,2_person,nonfamily_single,2,F&B Eatery/Drinking Places,Walking,Car
16450,59,Senior,12965,Low,2_person,married_couple,1,F&B Eatery/Full-Service Restaurants,Walking,Car
23671,67,Elderly,37384,Moderate,2_person,married_couple,2,F&B Eatery/Snack and Nonalcoholic Beverage Bars,Public_transport,Car
30276,33,Adult,23770,Low,4_person,family_single,2,F&B Eatery/Snack and Nonalcoholic Beverage Bars,Car,Car
39159,89,Elderly,87882,High,2_person,family_single,1,F&B Eatery/Full-Service Restaurants,Car,Car
52193,66,Elderly,81078,High,1_person,living_alone,1,F&B Eatery/Full-Service Restaurants,Public_transport,Car
43744,22,Young Adult,45456,Moderate,4_person,nonfamily_single,2,F&B Eatery/Limited-Service Restaurants,Public_transport,Public_transport
26508,23,Young Adult,0,Debt,2_person,nonfamily_single,0,F&B Eatery/Limited-Service Restaurants,Walking,Walking
25567,34,Adult,75141,High,2_person,married_couple,1,F&B Eatery/Snack and Nonalcoholic Beverage Bars,Car,Car
30316,41,Middle Age,31638,Moderate,2_person,nonfamily_single,0,F&B Eatery/Limited-Service Restaurants,Public_transport,Walking
598,43,Middle Age,25931,Low,3_person,family_single,1,F&B Eatery/Full-Service Restaurants,Walking,Car
20946,72,Elderly,322019,Ultra High,2_person,married_couple,1,F&B Eatery/Full-Service Restaurants,Public_transport,Car
58308,21,Young Adult,0,Debt,1_person,living_alone,0,F&B Eatery/Full-Service Restaurants,Walking,Walking
4001,36,Adult,0,Debt,4_person,married_couple,0,F&B Eatery/Drinking Places,Walking,Public_transport
53811,18,Teen,0,Debt,4_person,married_couple,2,F&B Eatery/Drinking Places,Car,Car
42865,86,Elderly,6395,Low,5_person,married_couple,3_plus,F&B Eatery/Full-Service Restaurants,Car,Car
66204,27,Young Adult,32415,Moderate,1_person,living_alone,0,F&B Eatery/Snack and Nonalcoholic Beverage Bars,Public_transport,Walking
59338,52,Senior,47457,Moderate,1_person,living_alone,1,F&B Eatery/Limited-Service Restaurants,Public_transport,Car
53836,37,Adult,890,Low,3_person,family_single,2,F&B Eatery/Snack and Nonalcoholic Beverage Bars,Walking,Car
58640,74,Elderly,12121,Low,2_person,married_couple,1,F&B Eatery/Full-Service Restaurants,Car,Car
38440,28,Young Adult,37816,Moderate,2_person,nonfamily_single,0,F&B Eatery/Drinking Places,Walking,Walking
38985,64,Elderly,10546,Low,3_person,married_couple,1,F&B Eatery/Drinking Places,Car,Car
64958,76,Elderly,48478,Moderate,2_person,nonfamily_single,1,F&B Eatery/Limited-Service Restaurants,Car,Car
57543,33,Adult,96610,Very High,2_person,nonfamily_single,1,F&B Eatery/Snack and Nonalcoholic Beverage Bars,Walking,Car
50016,25,Young Adult,59425,Moderate,2_person,nonfamily_single,1,F&B Eatery/Limited-Service Restaurants,Public_transport,Car
55865,29,Young Adult,242434,Ultra High,1_person,living_alone,1,F&B Eatery/Full-Service Restaurants,Walking,Walking
15471,46,Middle Age,97129,Very High,1_person,living_alone,0,F&B Eatery/Full-Service Restaurants,Public_transport,Public_transport
37848,75,Elderly,25931,Low,3_person,family_single,3_plus,F&B Eatery/Full-Service Restaurants,Car,Car
48158,54,Senior,0,Debt,2_person,married_couple,2,F&B Eatery/Full-Service Restaurants,Public_transport,Car
36943,64,Elderly,109095,Very High,1_person,living_alone,0,F&B Eatery/Limited-Service Restaurants,Public_transport,Walking
54942,65,Elderly,14764,Low,1_person,living_alone,0,F&B Eatery/Full-Service Restaurants,Walking,Walking
58772,33,Adult,78791,High,4_person,nonfamily_single,1,F&B Eatery/Full-Service Restaurants,Public_transport,Car
58848,26,Young Adult,168126,Ultra High,3_person,nonfamily_single,0,F&B Eatery/Drinking Places,Public_transport,Walking
11036,42,Middle Age,77288,High,4_person,married_couple,2,F&B Eatery/Full-Service Restaurants,Car,Car
11936,94,Elderly,32414,Moderate,2_person,family_single,1,F&B Eatery/Full-Service Restaurants,Car,Car
55354,40,Adult,0,Debt,7_plus_person,married_couple,1,F&B Eatery/Limited-Service Restaurants,Car,Car
34214,24,Young Adult,5157,Low,7_plus_person,nonfamily_single,2,F&B Eatery/Snack and Nonalcoholic Beverage Bars,Car,Car
11109,85,Elderly,6188,Low,6_person,nonfamily_single,0,F&B Eatery/Full-Service Restaurants,Car,Public_transport
62501,73,Elderly,0,Debt,3_person,married_couple,2,F&B Eatery/Full-Service Restaurants,Car,Car
9611,28,Young Adult,0,Debt,3_person,nonfamily_single,0,F&B Eatery/Limited-Service Restaurants,Public_transport,Walking
48624,70,Elderly,65053,High,3_person,married_couple,2,F&B Eatery/Limited-Service Restaurants,Car,Car
29669,26,Young Adult,270117,Ultra High,2_person,nonfamily_single,1,F&B Eatery/Limited-Service Restaurants,Public_transport,Walking
20812,48,Middle Age,42184,Moderate,3_person,family_single,0,F&B Eatery/Snack and Nonalcoholic Beverage Bars,Walking,Walking
44896,35,Adult,41415,Moderate,4_person,married_couple,3_plus,F&B Eatery/Snack and Nonalcoholic Beverage Bars,Walking,Car
60098,84,Elderly,0,Debt,4_person,family_single,2,F&B Eatery/Full-Service Restaurants,Car,Car
14379,70,Elderly,309951,Ultra High,2_person,married_couple,1,F&B Eatery/Snack and Nonalcoholic Beverage Bars,Walking,Car
40077,33,Adult,10734,Low,4_person,married_couple,0,F&B Eatery/Limited-Service Restaurants,Public_transport,Public_transport
39802,33,Adult,86491,High,3_person,married_couple,1,F&B Eatery/Snack and Nonalcoholic Beverage Bars,Walking,Car
67224,31,Adult,75632,High,1_person,living_alone,1,F&B Eatery/Limited-Service Restaurants,Car,Car
2837,66,Elderly,0,Debt,6_person,married_couple,1,F&B Eatery/Limited-Service Restaurants,Car,Car
57966,21,Young Adult,0,Debt,3_person,nonfamily_single,0,F&B Eatery/Limited-Service Restaurants,Walking,Walking
20141,37,Adult,11345,Low,5_person,married_couple,1,F&B Eatery/Full-Service Restaurants,Car,Car
3218,49,Middle Age,171794,Ultra High,2_person,married_couple,2,F&B Eatery/Snack and Nonalcoholic Beverage Bars,Walking,Car
28149,62,Elderly,107614,Very High,1_person,living_alone,1,F&B Eatery/Limited-Service Restaurants,Public_transport,Car
11324,29,Young Adult,45348,Moderate,2_person,nonfamily_single,2,F&B Eatery/Limited-Service Restaurants,Car,Car
26355,58,Senior,43218,Moderate,4_person,family_single,2,F&B Eatery/Full-Service Restaurants,Car,Car
52672,60,Senior,68549,High,3_person,married_couple,0,F&B Eatery/Full-Service Restaurants,Public_transport,Public_transport
22331,27,Young Adult,9670,Low,4_person,married_couple,3_plus,F&B Eatery/Full-Service Restaurants,Walking,Car
50934,35,Adult,26836,Low,4_person,married_couple,2,F&B Eatery/Snack and Nonalcoholic Beverage Bars,Car,Car
60464,24,Young Adult,18566,Low,2_person,nonfamily_single,2,F&B Eatery/Snack and Nonalcoholic Beverage Bars,Public_transport,Walking
51740,28,Young Adult,15471,Low,4_person,nonfamily_single,1,F&B Eatery/Full-Service Restaurants,Walking,Car
60760,55,Senior,117651,Very High,1_person,living_alone,1,F&B Eatery/Snack and Nonalcoholic Beverage Bars,Public_transport,Car
11530,57,Senior,11389,Low,1_person,living_alone,0,F&B Eatery/Full-Service Restaurants,Public_transport,Public_transport
4695,24,Young Adult,25253,Low,2_person,nonfamily_single,2,F&B Eatery/Full-Service Restaurants,Car,Walking
58935,24,Young Adult,25786,Low,2_person,married_couple,0,F&B Eatery/Snack and Nonalcoholic Beverage Bars,Walking,Public_transport
23778,28,Young Adult,154717,Ultra High,2_person,nonfamily_single,1,F&B Eatery/Full-Service Restaurants,Walking,Walking
5241,77,Elderly,9508,Low,1_person,living_alone,0,F&B Eatery/Limited-Service Restaurants,Car,Walking
11545,82,Elderly,64056,High,2_person,married_couple,1,F&B Eatery/Full-Service Restaurants,Public_transport,Car
12500,35,Adult,52730,Moderate,6_person,married_couple,1,F&B Eatery/Full-Service Restaurants,Car,Public_transport
42718,27,Young Adult,69774,High,3_person,nonfamily_single,2,F&B Eatery/Snack and Nonalcoholic Beverage Bars,Car,Walking
7338,28,Young Adult,50130,Moderate,2_person,nonfamily_single,1,F&B Eatery/Full-Service Restaurants,Walking,Car
7396,64,Elderly,196213,Ultra High,2_person,married_couple,1,F&B Eatery/Full-Service Restaurants,Car,Car
43284,70,Elderly,330317,Ultra High,7_plus_person,married_couple,1,F&B Eatery/Limited-Service Restaurants,Car,Car
39574,44,Middle Age,224089,Ultra High,1_person,living_alone,0,F&B Eatery/Snack and Nonalcoholic Beverage Bars,Public_transport,Walking
67143,26,Young Adult,0,Debt,3_person,nonfamily_single,1,F&B Eatery/Full-Service Restaurants,Car,Walking
25428,72,Elderly,19803,Low,7_plus_person,married_couple,1,F&B Eatery/Full-Service Restaurants,Car,Car
42454,25,Young Adult,0,Debt,3_person,married_couple,0,F&B Eatery/Full-Service Restaurants,Public_transport,Walking
4482,45,Middle Age,58003,Moderate,2_person,family_single,2,F&B Eatery/Snack and Nonalcoholic Beverage Bars,Car,Public_transport
43183,78,Elderly,4508,Low,1_person,living_alone,1,F&B Eatery/Full-Service Restaurants,Walking,Car
51616,37,Adult,23620,Low,4_person,family_single,2,F&B Eatery/Full-Service Restaurants,Public_transport,Car
60005,29,Young Adult,32414,Moderate,6_person,nonfamily_single,1,F&B Eatery/Full-Service Restaurants,Public_transport,Car
61917,25,Young Adult,52730,Moderate,3_person,nonfamily_single,1,F&B Eatery/Drinking Places,Walking,Car
65630,31,Adult,10314,Low,7_plus_person,married_couple,3_plus,F&B Eatery/Full-Service Restaurants,Car,Car
30960,78,Elderly,9724,Low,2_person,family_single,0,F&B Eatery/Limited-Service Restaurants,Walking,Walking
37251,36,Adult,59425,Moderate,1_person,living_alone,1,F&B Eatery/Drinking Places,Car,Car
61779,29,Young Adult,126268,Ultra High,2_person,married_couple,0,F&B Eatery/Limited-Service Restaurants,Walking,Walking
47993,47,Middle Age,92830,Very High,3_person,married_couple,1,F&B Eatery/Full-Service Restaurants,Car,Car
9180,35,Adult,2576,Low,3_person,family_single,1,F&B Eatery/Full-Service Restaurants,Walking,Car
58291,26,Young Adult,5050,Low,4_person,married_couple,2,F&B Eatery/Limited-Service Restaurants,Public_transport,Car
13411,62,Elderly,42527,Moderate,2_person,family_single,2,F&B Eatery/Limited-Service Restaurants,Walking,Car
49752,43,Middle Age,63276,High,2_person,family_single,0,F&B Eatery/Full-Service Restaurants,Walking,Walking
43292,63,Elderly,79435,High,1_person,living_alone,1,F&B Eatery/Full-Service Restaurants,Car,Car
6610,25,Young Adult,43449,Moderate,3_person,nonfamily_single,2,F&B Eatery/Full-Service Restaurants,Public_transport,Car
40002,80,Elderly,73580,High,2_person,married_couple,1,F&B Eatery/Full-Service Restaurants,Public_transport,Car
11906,79,Elderly,15265,Low,3_person,nonfamily_single,1,F&B Eatery/Snack and Nonalcoholic Beverage Bars,Car,Car
37376,30,Young Adult,146943,Ultra High,1_person,living_alone,0,F&B Eatery/Limited-Service Restaurants,Walking,Walking
27115,43,Middle Age,0,Debt,2_person,married_couple,2,F&B Eatery/Snack and Nonalcoholic Beverage Bars,Public_transport,Car
18617,29,Young Adult,43238,Moderate,3_person,nonfamily_single,2,F&B Eatery/Snack and Nonalcoholic Beverage Bars,Car,Car
49652,64,Elderly,36100,Moderate,3_person,married_couple,1,F&B Eatery/Limited-Service Restaurants,Car,Car
65300,24,Young Adult,0,Debt,2_person,family_single,0,F&B Eatery/Limited-Service Restaurants,Walking,Walking
18722,59,Senior,154717,Ultra High,2_person,married_couple,0,F&B Eatery/Snack and Nonalcoholic Beverage Bars,Walking,Public_transport
61124,31,Adult,64406,High,2_person,married_couple,2,F&B Eatery/Full-Service Restaurants,Car,Car
17430,31,Adult,0,Debt,4_person,family_single,1,F&B Eatery/Snack and Nonalcoholic Beverage Bars,Walking,Car
41961,34,Adult,942465,Ultra High,2_person,married_couple,2,F&B Eatery/Snack and Nonalcoholic Beverage Bars,Walking,Car
63598,61,Elderly,0,Debt,2_person,family_single,1,F&B Eatery/Drinking Places,Public_transport,Car
43593,53,Senior,34350,Moderate,1_person,living_alone,1,F&B Eatery/Drinking Places,Public_transport,Car
58303,84,Elderly,34142,Moderate,2_person,married_couple,1,F&B Eatery/Limited-Service Restaurants,Walking,Car
60458,59,Senior,8587,Low,5_person,married_couple,1,F&B Eatery/Full-Service Restaurants,Car,Car
15120,61,Elderly,8889,Low,7_plus_person,nonfamily_single,0,F&B Eatery/Snack and Nonalcoholic Beverage Bars,Public_transport,Public_transport
12878,41,Middle Age,1581,Low,2_person,nonfamily_single,1,F&B Eatery/Limited-Service Restaurants,Car,Car
9475,35,Adult,32593,Moderate,2_person,married_couple,0,F&B Eatery/Full-Service Restaurants,Walking,Public_transport
65419,27,Young Adult,30943,Moderate,2_person,nonfamily_single,0,F&B Eatery/Full-Service Restaurants,Walking,Walking
1074,36,Adult,40304,Moderate,7_plus_person,nonfamily_single,3_plus,F&B Eatery/Full-Service Restaurants,Walking,Walking
14260,25,Young Adult,0,Debt,6_person,nonfamily_single,0,F&B Eatery/Full-Service Restaurants,Walking,Walking
46585,45,Middle Age,0,Debt,4_person,married_couple,1,F&B Eatery/Full-Service Restaurants,Public_transport,Car
52291,25,Young Adult,36389,Moderate,5_person,nonfamily_single,0,F&B Eatery/Full-Service Restaurants,Public_transport,Public_transport
58690,35,Adult,0,Debt,5_person,married_couple,3_plus,F&B Eatery/Full-Service Restaurants,Walking,Car
57798,36,Adult,966,Low,7_plus_person,married_couple,1,F&B Eatery/Snack and Nonalcoholic Beverage Bars,Car,Walking
26855,37,Adult,53672,Moderate,3_person,married_couple,2,F&B Eatery/Limited-Service Restaurants,Walking,Car
54079,25,Young Adult,0,Debt,2_person,nonfamily_single,0,F&B Eatery/Full-Service Restaurants,Walking,Walking
33545,32,Adult,0,Debt,4_person,married_couple,0,F&B Eatery/Snack and Nonalcoholic Beverage Bars,Public_transport,Public_transport
65557,26,Young Adult,36952,Moderate,3_person,family_single,1,F&B Eatery/Limited-Service Restaurants,Walking,Car
67136,95,Elderly,22463,Low,1_person,living_alone,0,F&B Eatery/Snack and Nonalcoholic Beverage Bars,Car,Walking
26224,27,Young Adult,41258,Moderate,2_person,nonfamily_single,1,F&B Eatery/Full-Service Restaurants,Car,Car
60520,43,Middle Age,227282,Ultra High,4_person,married_couple,3_plus,F&B Eatery/Snack and Nonalcoholic Beverage Bars,Public_transport,Car
53171,47,Middle Age,50621,Moderate,3_person,married_couple,2,F&B Eatery/Snack and Nonalcoholic Beverage Bars,Car,Public_transport
9386,64,Elderly,0,Debt,2_person,married_couple,1,F&B Eatery/Drinking Places,Car,Car
42321,31,Adult,30304,Moderate,2_person,married_couple,2,F&B Eatery/Full-Service Restaurants,Car,Car
46612,50,Middle Age,52730,Moderate,3_person,married_couple,2,F&B Eatery/Full-Service Restaurants,Walking,Public_transport
60299,32,Adult,41258,Moderate,7_plus_person,married_couple,1,F&B Eatery/Full-Service Restaurants,Car,Public_transport
26880,26,Young Adult,43218,Moderate,2_person,nonfamily_single,1,F&B Eatery/Full-Service Restaurants,Walking,Car
52171,20,Young Adult,2062,Low,5_person,family_single,3_plus,F&B Eatery/Full-Service Restaurants,Walking,Walking
56338,24,Young Adult,5202,Low,2_person,married_couple,1,F&B Eatery/Snack and Nonalcoholic Beverage Bars,Public_transport,Public_transport
12598,33,Adult,88084,High,7_plus_person,nonfamily_single,3_plus,F&B Eatery/Snack and Nonalcoholic Beverage Bars,Car,Walking
6083,29,Young Adult,26681,Low,2_person,married_couple,1,F&B Eatery/Snack and Nonalcoholic Beverage Bars,Walking,Public_transport
25689,68,Elderly,8889,Low,7_plus_person,nonfamily_single,0,F&B Eatery/Full-Service Restaurants,Walking,Public_transport
52134,74,Elderly,11271,Low,1_person,living_alone,0,F&B Eatery/Snack and Nonalcoholic Beverage Bars,Public_transport,Walking
41616,45,Middle Age,10804,Low,2_person,family_single,1,F&B Eatery/Full-Service Restaurants,Car,Car
44214,73,Elderly,32324,Moderate,2_person,married_couple,1,F&B Eatery/Drinking Places,Car,Car
56512,33,Adult,189082,Ultra High,2_person,married_couple,2,F&B Eatery/Limited-Service Restaurants,Car,Car
45881,48,Middle Age,42184,Moderate,1_person,living_alone,1,F&B Eatery/Full-Service Restaurants,Car,Walking
38658,64,Elderly,120225,Ultra High,2_person,married_couple,2,F&B Eatery/Limited-Service Restaurants,Car,Car
42147,44,Middle Age,224089,Ultra High,1_person,living_alone,0,F&B Eatery/Full-Service Restaurants,Walking,Walking
62226,48,Middle Age,18367,Low,2_person,married_couple,1,F&B Eatery/Snack and Nonalcoholic Beverage Bars,Car,Car
9187,27,Young Adult,0,Debt,4_person,nonfamily_single,1,F&B Eatery/Full-Service Restaurants,Public_transport,Walking
43242,25,Young Adult,16855,Low,6_person,family_single,0,F&B Eatery/Limited-Service Restaurants,Walking,Walking
41924,60,Senior,1515,Low,7_plus_person,nonfamily_single,0,F&B Eatery/Limited-Service Restaurants,Public_transport,Public_transport
38773,54,Senior,32414,Moderate,1_person,living_alone,1,F&B Eatery/Full-Service Restaurants,Car,Car
565,27,Young Adult,34887,Moderate,4_person,family_single,3_plus,F&B Eatery/Snack and Nonalcoholic Beverage Bars,Public_transport,Public_transport
20502,72,Elderly,3025,Low,1_person,living_alone,0,F&B Eatery/Full-Service Restaurants,Public_transport,Walking
5899,62,Elderly,26786,Low,2_person,family_single,1,F&B Eatery/Snack and Nonalcoholic Beverage Bars,Walking,Car
60621,30,Young Adult,136044,Ultra High,2_person,married_couple,1,F&B Eatery/Snack and Nonalcoholic Beverage Bars,Walking,Walking
31568,77,Elderly,3506,Low,2_person,married_couple,0,F&B Eatery/Full-Service Restaurants,Public_transport,Public_transport
13873,25,Young Adult,43218,Moderate,2_person,married_couple,0,F&B Eatery/Full-Service Restaurants,Walking,Walking
840,37,Adult,10048,Low,2_person,family_single,0,F&B Eatery/Full-Service Restaurants,Walking,Public_transport
36656,73,Elderly,29064,Low,2_person,married_couple,1,F&B Eatery/Full-Service Restaurants,Public_transport,Car
9834,52,Senior,595338,Ultra High,2_person,married_couple,2,F&B Eatery/Snack and Nonalcoholic Beverage Bars,Car,Car
60569,62,Elderly,22243,Low,2_person,married_couple,1,F&B Eatery/Limited-Service Restaurants,Car,Car
40409,45,Middle Age,7023,Low,3_person,family_single,0,F&B Eatery/Snack and Nonalcoholic Beverage Bars,Public_transport,Walking
60882,38,Adult,0,Debt,4_person,married_couple,1,F&B Eatery/Drinking Places,Car,Car
32530,31,Adult,64828,High,2_person,nonfamily_single,0,F&B Eatery/Limited-Service Restaurants,Public_transport,Walking
25039,44,Middle Age,257863,Ultra High,4_person,married_couple,2,F&B Eatery/Full-Service Restaurants,Car,Car
35434,35,Adult,39195,Moderate,4_person,nonfamily_single,0,F&B Eatery/Full-Service Restaurants,Walking,Public_transport
26548,32,Adult,64752,High,3_person,nonfamily_single,3_plus,F&B Eatery/Snack and Nonalcoholic Beverage Bars,Car,Car
55947,39,Adult,80811,High,4_person,married_couple,1,F&B Eatery/Full-Service Restaurants,Car,Car
66135,87,Elderly,1414,Low,3_person,married_couple,1,F&B Eatery/Snack and Nonalcoholic Beverage Bars,Car,Car
12334,61,Elderly,12237,Low,2_person,married_couple,1,F&B Eatery/Snack and Nonalcoholic Beverage Bars,Public_transport,Car
61327,45,Middle Age,500937,Ultra High,4_person,married_couple,1,F&B Eatery/Drinking Places,Walking,Car
9341,29,Young Adult,92830,Very High,6_person,married_couple,2,F&B Eatery/Full-Service Restaurants,Walking,Car
12975,74,Elderly,825,Low,2_person,married_couple,1,F&B Eatery/Drinking Places,Car,Car
36860,25,Young Adult,14764,Low,3_person,family_single,0,F&B Eatery/Snack and Nonalcoholic Beverage Bars,Walking,Walking
48926,77,Elderly,0,Debt,1_person,living_alone,0,F&B Eatery/Drinking Places,Walking,Walking
31615,34,Adult,33747,Moderate,2_person,nonfamily_single,1,F&B Eatery/Full-Service Restaurants,Car,Car
45439,26,Young Adult,52730,Moderate,2_person,nonfamily_single,1,F&B Eatery/Full-Service Restaurants,Walking,Car
765,60,Senior,38182,Moderate,1_person,living_alone,1,F&B Eatery/Drinking Places,Car,Car
17824,66,Elderly,20629,Low,1_person,living_alone,1,F&B Eatery/Full-Service Restaurants,Public_transport,Car
57612,47,Middle Age,18248,Low,7_plus_person,married_couple,2,F&B Eatery/Snack and Nonalcoholic Beverage Bars,Car,Car
44111,64,Elderly,11807,Low,2_person,family_single,0,F&B Eatery/Snack and Nonalcoholic Beverage Bars,Walking,Walking
57188,90,Elderly,382821,Ultra High,2_person,married_couple,1,F&B Eatery/Drinking Places,Car,Car
53024,77,Elderly,77579,High,2_person,married_couple,2,F&B Eatery/Full-Service Restaurants,Car,Car
59746,40,Adult,26095,Low,5_person,family_single,1,F&B Eatery/Full-Service Restaurants,Car,Car
40138,85,Elderly,8427,Low,1_person,living_alone,0,F&B Eatery/Full-Service Restaurants,Walking,Walking
65881,77,Elderly,12274,Low,4_person,nonfamily_single,0,F&B Eatery/Limited-Service Restaurants,Public_transport,Walking
37633,54,Senior,42937,Moderate,3_person,married_couple,1,F&B Eatery/Special Food Services,Public_transport,Car
60632,24,Young Adult,0,Debt,3_person,nonfamily_single,0,F&B Eatery/Limited-Service Restaurants,Car,Walking
2620,71,Elderly,7084,Low,2_person,married_couple,0,F&B Eatery/Limited-Service Restaurants,Public_transport,Public_transport
59964,23,Young Adult,51862,Moderate,3_person,nonfamily_single,3_plus,F&B Eatery/Special Food Services,Walking,Car
58546,27,Young Adult,32203,Moderate,4_person,family_single,0,F&B Eatery/Full-Service Restaurants,Walking,Walking
53863,50,Middle Age,21609,Low,3_person,family_single,1,F&B Eatery/Snack and Nonalcoholic Beverage Bars,Car,Car
39477,68,Elderly,105412,Very High,3_person,married_couple,3_plus,F&B Eatery/Full-Service Restaurants,Car,Car
35794,22,Young Adult,3094,Low,2_person,nonfamily_single,0,F&B Eatery/Limited-Service Restaurants,Walking,Walking
17288,21,Young Adult,0,Debt,2_person,nonfamily_single,0,F&B Eatery/Limited-Service Restaurants,Walking,Walking
36870,50,Middle Age,39717,Moderate,2_person,family_single,1,F&B Eatery/Snack and Nonalcoholic Beverage Bars,Car,Car
17682,36,Adult,19124,Low,2_person,family_single,0,F&B Eatery/Full-Service Restaurants,Public_transport,Public_transport
45708,21,Young Adult,2146,Low,3_person,nonfamily_single,0,F&B Eatery/Snack and Nonalcoholic Beverage Bars,Walking,Walking
20125,24,Young Adult,10546,Low,2_person,nonfamily_single,1,F&B Eatery/Limited-Service Restaurants,Public_transport,Walking
15831,25,Young Adult,0,Debt,3_person,married_couple,2,F&B Eatery/Snack and Nonalcoholic Beverage Bars,Car,Public_transport
34790,62,Elderly,66164,High,1_person,living_alone,0,F&B Eatery/Snack and Nonalcoholic Beverage Bars,Walking,Public_transport
43344,27,Young Adult,59824,Moderate,5_person,married_couple,3_plus,F&B Eatery/Limited-Service Restaurants,Car,Car
18232,38,Adult,81035,High,2_person,nonfamily_single,2,F&B Eatery/Limited-Service Restaurants,Walking,Car
9385,20,Young Adult,0,Debt,3_person,nonfamily_single,0,F&B Eatery/Limited-Service Restaurants,Walking,Walking
35453,64,Elderly,25762,Low,2_person,family_single,0,F&B Eatery/Snack and Nonalcoholic Beverage Bars,Public_transport,Walking
64905,40,Adult,25786,Low,7_plus_person,married_couple,3_plus,F&B Eatery/Full-Service Restaurants,Car,Car
32839,67,Elderly,83412,High,2_person,nonfamily_single,2,F&B Eatery/Full-Service Restaurants,Car,Car
33793,31,Adult,125593,Ultra High,1_person,living_alone,0,F&B Eatery/Full-Service Restaurants,Car,Walking
47482,33,Adult,0,Debt,4_person,married_couple,1,F&B Eatery/Snack and Nonalcoholic Beverage Bars,Walking,Car
12751,66,Elderly,43904,Moderate,2_person,married_couple,1,F&B Eatery/Full-Service Restaurants,Walking,Car
25788,90,Elderly,14046,Low,1_person,living_alone,0,F&B Eatery/Limited-Service Restaurants,Car,Walking
25034,43,Middle Age,39395,Moderate,1_person,living_alone,1,F&B Eatery/Drinking Places,Walking,Walking
30344,33,Adult,185716,Ultra High,1_person,living_alone,1,F&B Eatery/Full-Service Restaurants,Public_transport,Car
30652,31,Adult,49497,Moderate,2_person,nonfamily_single,0,F&B Eatery/Full-Service Restaurants,Walking,Walking
13908,21,Young Adult,0,Debt,2_person,nonfamily_single,0,F&B Eatery/Full-Service Restaurants,Walking,Walking
33957,58,Senior,51572,Moderate,1_person,living_alone,3_plus,F&B Eatery/Full-Service Restaurants,Walking,Car
23207,37,Adult,20629,Low,1_person,living_alone,1,F&B Eatery/Drinking Places,Car,Public_transport
62043,51,Senior,16135,Low,1_person,living_alone,1,F&B Eatery/Full-Service Restaurants,Car,Car
26020,27,Young Adult,0,Debt,3_person,family_single,0,F&B Eatery/Limited-Service Restaurants,Walking,Walking
44458,94,Elderly,38896,Moderate,2_person,married_couple,1,F&B Eatery/Limited-Service Restaurants,Public_transport,Car
31587,17,Teen,0,Debt,6_person,married_couple,3_plus,F&B Eatery/Limited-Service Restaurants,Car,Car
3499,33,Adult,38163,Moderate,2_person,family_single,1,F&B Eatery/Snack and Nonalcoholic Beverage Bars,Public_transport,Car
18880,30,Young Adult,53028,Moderate,2_person,family_single,1,F&B Eatery/Full-Service Restaurants,Walking,Car
49819,94,Elderly,3030,Low,3_person,family_single,2,F&B Eatery/Drinking Places,Car,Car
45559,91,Elderly,24041,Low,3_person,family_single,2,F&B Eatery/Full-Service Restaurants,Car,Car
57201,65,Elderly,113557,Very High,3_person,married_couple,1,F&B Eatery/Snack and Nonalcoholic Beverage Bars,Car,Car
52793,59,Senior,0,Debt,2_person,married_couple,2,F&B Eatery/Full-Service Restaurants,Car,Car
51574,32,Adult,158190,Ultra High,4_person,married_couple,1,F&B Eatery/Full-Service Restaurants,Car,Public_transport
35477,20,Young Adult,0,Debt,3_person,nonfamily_single,0,F&B Eatery/Full-Service Restaurants,Walking,Walking
19116,24,Young Adult,0,Debt,5_person,nonfamily_single,0,F&B Eatery/Limited-Service Restaurants,Public_transport,Walking
49232,23,Young Adult,0,Debt,2_person,nonfamily_single,1,F&B Eatery/Limited-Service Restaurants,Car,Walking
20601,33,Adult,12121,Low,4_person,nonfamily_single,1,F&B Eatery/Full-Service Restaurants,Car,Walking
4242,88,Elderly,54048,Moderate,3_person,married_couple,1,F&B Eatery/Snack and Nonalcoholic Beverage Bars,Car,Car
52963,21,Young Adult,6222,Low,3_person,nonfamily_single,0,F&B Eatery/Limited-Service Restaurants,Walking,Walking
20344,48,Middle Age,463729,Ultra High,3_person,married_couple,1,F&B Eatery/Snack and Nonalcoholic Beverage Bars,Walking,Car
63464,31,Adult,24754,Low,1_person,living_alone,0,F&B Eatery/Limited-Service Restaurants,Public_transport,Walking
65223,25,Young Adult,68689,High,2_person,nonfamily_single,1,F&B Eatery/Drinking Places,Car,Walking
1359,55,Senior,25253,Low,5_person,married_couple,2,F&B Eatery/Full-Service Restaurants,Car,Car
12931,18,Teen,0,Debt,2_person,nonfamily_single,0,F&B Eatery/Full-Service Restaurants,Walking,Walking
42608,31,Adult,151265,Ultra High,2_person,nonfamily_single,2,F&B Eatery/Limited-Service Restaurants,Walking,Car
31533,41,Middle Age,26687,Low,2_person,family_single,0,F&B Eatery/Full-Service Restaurants,Walking,Walking
26148,42,Middle Age,111288,Very High,2_person,married_couple,1,F&B Eatery/Full-Service Restaurants,Walking,Car
46874,59,Senior,0,Debt,2_person,family_single,0,F&B Eatery/Snack and Nonalcoholic Beverage Bars,Public_transport,Walking
51314,32,Adult,52604,Moderate,1_person,living_alone,0,F&B Eatery/Full-Service Restaurants,Public_transport,Walking
17263,50,Middle Age,101082,Very High,3_person,married_couple,2,F&B Eatery/Full-Service Restaurants,Public_transport,Walking
34346,44,Middle Age,87673,High,2_person,married_couple,0,F&B Eatery/Full-Service Restaurants,Public_transport,Public_transport
45172,21,Young Adult,0,Debt,5_person,nonfamily_single,3_plus,F&B Eatery/Full-Service Restaurants,Car,Car
23957,58,Senior,12655,Low,2_person,married_couple,1,F&B Eatery/Full-Service Restaurants,Public_transport,Car
1509,38,Adult,49566,Moderate,2_person,married_couple,2,F&B Eatery/Full-Service Restaurants,Walking,Car
64567,43,Middle Age,206290,Ultra High,2_person,married_couple,2,F&B Eatery/Snack and Nonalcoholic Beverage Bars,Car,Car
52962,66,Elderly,173239,Ultra High,1_person,living_alone,2,F&B Eatery/Snack and Nonalcoholic Beverage Bars,Car,Car
48458,32,Adult,21468,Low,2_person,nonfamily_single,0,F&B Eatery/Full-Service Restaurants,Walking,Walking
12780,55,Senior,30118,Moderate,4_person,family_single,2,F&B Eatery/Full-Service Restaurants,Car,Car
36880,27,Young Adult,0,Debt,4_person,nonfamily_single,3_plus,F&B Eatery/Snack and Nonalcoholic Beverage Bars,Public_transport,Walking
59988,27,Young Adult,122334,Ultra High,2_person,nonfamily_single,0,F&B Eatery/Full-Service Restaurants,Walking,Walking
46710,42,Middle Age,103994,Very High,2_person,married_couple,1,F&B Eatery/Full-Service Restaurants,Public_transport,Car
1845,55,Senior,0,Debt,2_person,family_single,1,F&B Eatery/Full-Service Restaurants,Walking,Car
27939,32,Adult,165032,Ultra High,2_person,nonfamily_single,2,F&B Eatery/Full-Service Restaurants,Car,Car
12243,67,Elderly,210,Low,2_person,married_couple,1,F&B Eatery/Full-Service Restaurants,Walking,Car
45167,58,Senior,134245,Ultra High,1_person,living_alone,1,F&B Eatery/Full-Service Restaurants,Walking,Car
7838,31,Adult,247485,Ultra High,3_person,nonfamily_single,3_plus,F&B Eatery/Limited-Service Restaurants,Public_transport,Car
53720,73,Elderly,9495,Low,4_person,family_single,1,F&B Eatery/Full-Service Restaurants,Car,Car
6963,59,Senior,282840,Ultra High,2_person,married_couple,1,F&B Eatery/Snack and Nonalcoholic Beverage Bars,Car,Car
27610,65,Elderly,59469,Moderate,2_person,nonfamily_single,1,F&B Eatery/Full-Service Restaurants,Car,Car
64260,64,Elderly,0,Debt,3_person,family_single,2,F&B Eatery/Full-Service Restaurants,Car,Car
29318,47,Middle Age,9076,Low,1_person,living_alone,1,F&B Eatery/Snack and Nonalcoholic Beverage Bars,Public_transport,Car
13769,27,Young Adult,121217,Ultra High,2_person,family_single,2,F&B Eatery/Limited-Service Restaurants,Car,Public_transport
15700,35,Adult,113459,Very High,3_person,married_couple,2,F&B Eatery/Limited-Service Restaurants,Walking,Car
20284,34,Adult,129656,Ultra High,1_person,living_alone,1,F&B Eatery/Full-Service Restaurants,Car,Car
12002,49,Middle Age,142430,Ultra High,2_person,married_couple,2,F&B Eatery/Full-Service Restaurants,Public_transport,Car
4332,65,Elderly,0,Debt,5_person,married_couple,1,F&B Eatery/Snack and Nonalcoholic Beverage Bars,Car,Car
29672,75,Elderly,7671,Low,2_person,married_couple,1,F&B Eatery/Full-Service Restaurants,Public_transport,Car
54431,21,Young Adult,0,Debt,1_person,living_alone,0,F&B Eatery/Snack and Nonalcoholic Beverage Bars,Public_transport,Walking
14367,46,Middle Age,96610,Very High,2_person,married_couple,1,F&B Eatery/Full-Service Restaurants,Public_transport,Car
11678,43,Middle Age,21092,Low,2_person,family_single,0,F&B Eatery/Limited-Service Restaurants,Public_transport,Walking
57401,83,Elderly,14956,Low,1_person,living_alone,1,F&B Eatery/Full-Service Restaurants,Car,Car
10251,20,Young Adult,461,Low,3_person,nonfamily_single,0,F&B Eatery/Full-Service Restaurants,Walking,Walking
25818,31,Adult,18566,Low,3_person,family_single,1,F&B Eatery/Limited-Service Restaurants,Car,Car
36382,86,Elderly,18182,Low,2_person,nonfamily_single,1,F&B Eatery/Snack and Nonalcoholic Beverage Bars,Car,Car
29369,76,Elderly,20000,Low,2_person,married_couple,0,F&B Eatery/Limited-Service Restaurants,Car,Public_transport
2108,29,Young Adult,32954,Moderate,3_person,married_couple,1,F&B Eatery/Full-Service Restaurants,Car,Car
47177,42,Middle Age,40791,Moderate,6_person,married_couple,3_plus,F&B Eatery/Full-Service Restaurants,Car,Car
12501,49,Middle Age,97242,Very High,4_person,married_couple,1,F&B Eatery/Snack and Nonalcoholic Beverage Bars,Walking,Car
10778,65,Elderly,40001,Moderate,1_person,living_alone,0,F&B Eatery/Limited-Service Restaurants,Public_transport,Public_transport
28466,65,Elderly,11593,Low,3_person,family_single,2,F&B Eatery/Full-Service Restaurants,Public_transport,Car
7773,24,Young Adult,2020,Low,3_person,nonfamily_single,0,F&B Eatery/Full-Service Restaurants,Public_transport,Walking
56272,73,Elderly,16090,Low,1_person,living_alone,0,F&B Eatery/Snack and Nonalcoholic Beverage Bars,Public_transport,Walking
3644,78,Elderly,17503,Low,1_person,living_alone,1,F&B Eatery/Limited-Service Restaurants,Car,Car
30171,33,Adult,28474,Low,3_person,married_couple,2,F&B Eatery/Limited-Service Restaurants,Walking,Walking
45656,32,Adult,41258,Moderate,1_person,living_alone,1,F&B Eatery/Limited-Service Restaurants,Car,Car
55184,29,Young Adult,26263,Low,5_person,family_single,0,F&B Eatery/Snack and Nonalcoholic Beverage Bars,Public_transport,Walking
38091,24,Young Adult,43320,Moderate,1_person,living_alone,2,F&B Eatery/Full-Service Restaurants,Car,Car
54997,30,Young Adult,70230,High,2_person,nonfamily_single,1,F&B Eatery/Snack and Nonalcoholic Beverage Bars,Public_transport,Walking
49864,26,Young Adult,34575,Moderate,3_person,nonfamily_single,1,F&B Eatery/Full-Service Restaurants,Public_transport,Car
11351,50,Middle Age,18892,Low,1_person,living_alone,0,F&B Eatery/Full-Service Restaurants,Walking,Walking
36951,26,Young Adult,101014,Very High,2_person,family_single,1,F&B Eatery/Full-Service Restaurants,Walking,Car
62978,79,Elderly,0,Debt,2_person,married_couple,0,F&B Eatery/Full-Service Restaurants,Walking,Public_transport
66094,28,Young Adult,88892,High,1_person,living_alone,1,F&B Eatery/Snack and Nonalcoholic Beverage Bars,Car,Walking
2421,25,Young Adult,20101,Low,2_person,nonfamily_single,0,F&B Eatery/Snack and Nonalcoholic Beverage Bars,Walking,Walking
59919,40,Adult,6188,Low,3_person,married_couple,0,F&B Eatery/Special Food Services,Walking,Public_transport
636,38,Adult,252536,Ultra High,4_person,married_couple,2,F&B Eatery/Full-Service Restaurants,Public_transport,Public_transport
8983,59,Senior,18141,Low,1_person,living_alone,0,F&B Eatery/Full-Service Restaurants,Public_transport,Public_transport
52371,69,Elderly,92920,Very High,2_person,nonfamily_single,2,F&B Eatery/Drinking Places,Car,Car
16630,82,Elderly,10804,Low,1_person,living_alone,1,F&B Eatery/Drinking Places,Car,Car
22666,44,Middle Age,28880,Low,4_person,family_single,1,F&B Eatery/Limited-Service Restaurants,Public_transport,Car
54095,85,Elderly,12549,Low,2_person,married_couple,1,F&B Eatery/Snack and Nonalcoholic Beverage Bars,Public_transport,Car
4512,31,Adult,75931,High,2_person,married_couple,1,F&B Eatery/Limited-Service Restaurants,Walking,Car
1193,52,Senior,15242,Low,1_person,living_alone,1,F&B Eatery/Limited-Service Restaurants,Public_transport,Car
32813,34,Adult,60113,High,1_person,living_alone,1,F&B Eatery/Snack and Nonalcoholic Beverage Bars,Walking,Car
40113,55,Senior,617999,Ultra High,2_person,married_couple,1,F&B Eatery/Full-Service Restaurants,Car,Car
17360,26,Young Adult,28983,Low,3_person,nonfamily_single,2,F&B Eatery/Full-Service Restaurants,Car,Walking
32305,28,Young Adult,121217,Ultra High,2_person,married_couple,0,F&B Eatery/Full-Service Restaurants,Walking,Walking
59190,21,Young Adult,0,Debt,4_person,married_couple,3_plus,F&B Eatery/Snack and Nonalcoholic Beverage Bars,Car,Car
13866,23,Young Adult,0,Debt,3_person,nonfamily_single,1,F&B Eatery/Limited-Service Restaurants,Public_transport,Walking
6786,17,Teen,1019,Low,2_person,family_single,1,F&B Eatery/Full-Service Restaurants,Car,Walking
53681,27,Young Adult,66440,High,7_plus_person,nonfamily_single,3_plus,F&B Eatery/Snack and Nonalcoholic Beverage Bars,Car,Walking
2963,70,Elderly,203039,Ultra High,1_person,living_alone,1,F&B Eatery/Snack and Nonalcoholic Beverage Bars,Car,Car
21947,30,Young Adult,52527,Moderate,2_person,nonfamily_single,1,F&B Eatery/Drinking Places,Public_transport,Car
54091,33,Adult,31638,Moderate,4_person,married_couple,2,F&B Eatery/Limited-Service Restaurants,Car,Public_transport
9776,50,Middle Age,0,Debt,2_person,married_couple,1,F&B Eatery/Full-Service Restaurants,Car,Car
62914,33,Adult,17717,Low,6_person,family_single,0,F&B Eatery/Full-Service Restaurants,Walking,Public_transport
22076,71,Elderly,35531,Moderate,1_person,living_alone,0,F&B Eatery/Limited-Service Restaurants,Walking,Public_transport
4515,22,Young Adult,8251,Low,7_plus_person,nonfamily_single,2,F&B Eatery/Limited-Service Restaurants,Car,Car
9581,28,Young Adult,98757,Very High,2_person,nonfamily_single,1,F&B Eatery/Full-Service Restaurants,Public_transport,Car
14267,31,Adult,70710,High,2_person,nonfamily_single,1,F&B Eatery/Snack and Nonalcoholic Beverage Bars,Car,Car
3216,35,Adult,9075,Low,3_person,married_couple,1,F&B Eatery/Full-Service Restaurants,Car,Walking
34743,25,Young Adult,40791,Moderate,3_person,nonfamily_single,1,F&B Eatery/Full-Service Restaurants,Public_transport,Car
54273,39,Adult,0,Debt,7_plus_person,married_couple,1,F&B Eatery/Drinking Places,Car,Car
37297,23,Young Adult,61887,High,3_person,nonfamily_single,2,F&B Eatery/Snack and Nonalcoholic Beverage Bars,Public_transport,Walking
2460,40,Adult,324141,Ultra High,1_person,living_alone,1,F&B Eatery/Full-Service Restaurants,Car,Car
32746,51,Senior,373753,Ultra High,4_person,family_single,2,F&B Eatery/Full-Service Restaurants,Public_transport,Car
45371,24,Young Adult,65659,High,3_person,nonfamily_single,3_plus,F&B Eatery/Snack and Nonalcoholic Beverage Bars,Walking,Car
18066,38,Adult,65659,High,3_person,married_couple,2,F&B Eatery/Snack and Nonalcoholic Beverage Bars,Public_transport,Car
51248,68,Elderly,35871,Moderate,3_person,married_couple,2,F&B Eatery/Full-Service Restaurants,Public_transport,Car
44674,81,Elderly,29950,Low,2_person,married_couple,1,F&B Eatery/Full-Service Restaurants,Car,Car
39657,52,Senior,16949,Low,1_person,living_alone,1,F&B Eatery/Snack and Nonalcoholic Beverage Bars,Car,Car
33257,25,Young Adult,95963,Very High,3_person,nonfamily_single,3_plus,F&B Eatery/Drinking Places,Car,Car
33439,22,Young Adult,3796,Low,3_person,nonfamily_single,0,F&B Eatery/Drinking Places,Public_transport,Walking
55737,32,Adult,180339,Ultra High,2_person,married_couple,1,F&B Eatery/Snack and Nonalcoholic Beverage Bars,Car,Car
59023,62,Elderly,47457,Moderate,2_person,married_couple,2,F&B Eatery/Snack and Nonalcoholic Beverage Bars,Car,Car
54149,78,Elderly,23186,Low,1_person,living_alone,0,F&B Eatery/Drinking Places,Public_transport,Walking
26623,34,Adult,0,Debt,3_person,married_couple,2,F&B Eatery/Full-Service Restaurants,Walking,Car
50903,27,Young Adult,10734,Low,1_person,living_alone,1,F&B Eatery/Full-Service Restaurants,Public_transport,Walking
30788,59,Senior,3435,Low,3_person,married_couple,1,F&B Eatery/Full-Service Restaurants,Walking,Car
60645,26,Young Adult,37816,Moderate,4_person,nonfamily_single,0,F&B Eatery/Full-Service Restaurants,Public_transport,Walking
47680,72,Elderly,27227,Low,3_person,family_single,0,F&B Eatery/Snack and Nonalcoholic Beverage Bars,Walking,Walking
4151,31,Adult,77358,High,2_person,married_couple,1,F&B Eatery/Full-Service Restaurants,Car,Car
432,21,Young Adult,0,Debt,1_person,living_alone,0,F&B Eatery/Full-Service Restaurants,Walking,Walking
5167,36,Adult,91839,Very High,3_person,married_couple,1,F&B Eatery/Full-Service Restaurants,Car,Car
23984,75,Elderly,73822,High,2_person,married_couple,1,F&B Eatery/Full-Service Restaurants,Car,Car
66390,67,Elderly,86090,High,3_person,family_single,2,F&B Eatery/Full-Service Restaurants,Car,Car
34600,31,Adult,143440,Ultra High,2_person,nonfamily_single,0,F&B Eatery/Full-Service Restaurants,Walking,Walking
26016,25,Young Adult,268362,Ultra High,3_person,nonfamily_single,1,F&B Eatery/Full-Service Restaurants,Walking,Walking
62804,33,Adult,0,Debt,5_person,married_couple,1,F&B Eatery/Snack and Nonalcoholic Beverage Bars,Car,Car
48698,49,Middle Age,514694,Ultra High,1_person,living_alone,1,F&B Eatery/Limited-Service Restaurants,Public_transport,Car
63609,27,Young Adult,10546,Low,2_person,nonfamily_single,0,F&B Eatery/Limited-Service Restaurants,Public_transport,Walking
12697,24,Young Adult,69774,High,3_person,nonfamily_single,1,F&B Eatery/Full-Service Restaurants,Public_transport,Walking
43032,94,Elderly,14694,Low,2_person,married_couple,1,F&B Eatery/Snack and Nonalcoholic Beverage Bars,Car,Car
37,47,Middle Age,64981,High,4_person,nonfamily_single,2,F&B Eatery/Full-Service Restaurants,Car,Public_transport
32544,34,Adult,52730,Moderate,2_person,nonfamily_single,0,F&B Eatery/Limited-Service Restaurants,Public_transport,Walking
47342,40,Adult,10546,Low,4_person,family_single,2,F&B Eatery/Full-Service Restaurants,Public_transport,Car
33024,25,Young Adult,75632,High,2_person,nonfamily_single,2,F&B Eatery/Full-Service Restaurants,Car,Walking
32140,24,Young Adult,45456,Moderate,4_person,married_couple,2,F&B Eatery/Limited-Service Restaurants,Car,Car
55355,21,Young Adult,8050,Low,5_person,married_couple,0,F&B Eatery/Full-Service Restaurants,Public_transport,Walking
20372,30,Young Adult,61887,High,2_person,married_couple,1,F&B Eatery/Full-Service Restaurants,Car,Walking
65089,24,Young Adult,32414,Moderate,2_person,family_single,2,F&B Eatery/Full-Service Restaurants,Public_transport,Car
60367,39,Adult,32203,Moderate,6_person,married_couple,1,F&B Eatery/Full-Service Restaurants,Walking,Public_transport
37361,94,Elderly,3030,Low,3_person,family_single,2,F&B Eatery/Full-Service Restaurants,Car,Car
713,29,Young Adult,80811,High,1_person,living_alone,1,F&B Eatery/Full-Service Restaurants,Walking,Walking
559,24,Young Adult,0,Debt,5_person,family_single,0,F&B Eatery/Limited-Service Restaurants,Public_transport,Walking
52137,21,Young Adult,20629,Low,4_person,nonfamily_single,1,F&B Eatery/Full-Service Restaurants,Car,Car
46022,30,Young Adult,46415,Moderate,2_person,married_couple,1,F&B Eatery/Snack and Nonalcoholic Beverage Bars,Walking,Car
66037,52,Senior,11600,Low,1_person,living_alone,0,F&B Eatery/Drinking Places,Public_transport,Public_transport
37089,24,Young Adult,0,Debt,3_person,married_couple,0,F&B Eatery/Limited-Service Restaurants,Public_transport,Walking
35103,29,Young Adult,0,Debt,2_person,nonfamily_single,0,F&B Eatery/Full-Service Restaurants,Walking,Walking
13091,33,Adult,126552,Ultra High,4_person,married_couple,2,F&B Eatery/Full-Service Restaurants,Walking,Public_transport
37305,40,Adult,0,Debt,5_person,married_couple,1,F&B Eatery/Full-Service Restaurants,Walking,Car
12612,21,Young Adult,18182,Low,4_person,nonfamily_single,1,F&B Eatery/Snack and Nonalcoholic Beverage Bars,Public_transport,Car
64735,29,Young Adult,106966,Very High,2_person,married_couple,1,F&B Eatery/Limited-Service Restaurants,Car,Walking
46029,43,Middle Age,52294,Moderate,4_person,married_couple,2,F&B Eatery/Full-Service Restaurants,Public_transport,Car
6131,74,Elderly,52022,Moderate,1_person,living_alone,1,F&B Eatery/Full-Service Restaurants,Walking,Car
25457,61,Elderly,1404,Low,2_person,family_single,2,F&B Eatery/Full-Service Restaurants,Car,Car
39770,28,Young Adult,0,Debt,2_person,nonfamily_single,2,F&B Eatery/Limited-Service Restaurants,Car,Walking
30382,25,Young Adult,44446,Moderate,2_person,nonfamily_single,1,F&B Eatery/Full-Service Restaurants,Walking,Car
13092,62,Elderly,8889,Low,7_plus_person,nonfamily_single,0,F&B Eatery/Full-Service Restaurants,Public_transport,Public_transport
64791,21,Young Adult,0,Debt,3_person,nonfamily_single,0,F&B Eatery/Full-Service Restaurants,Walking,Walking
32542,60,Senior,116006,Very High,3_person,married_couple,3_plus,F&B Eatery/Limited-Service Restaurants,Walking,Car
26325,51,Senior,53532,Moderate,2_person,nonfamily_single,1,F&B Eatery/Full-Service Restaurants,Car,Car
20684,55,Senior,10071,Low,2_person,nonfamily_single,0,F&B Eatery/Limited-Service Restaurants,Walking,Public_transport
43205,70,Elderly,6666,Low,7_plus_person,married_couple,1,F&B Eatery/Limited-Service Restaurants,Car,Car
65110,19,Young Adult,421,Low,2_person,nonfamily_single,0,F&B Eatery/Full-Service Restaurants,Public_transport,Walking
18890,64,Elderly,23940,Low,2_person,family_single,0,F&B Eatery/Full-Service Restaurants,Public_transport,Walking
24714,42,Middle Age,0,Debt,5_person,married_couple,2,F&B Eatery/Limited-Service Restaurants,Public_transport,Car
40200,70,Elderly,2576,Low,2_person,married_couple,0,F&B Eatery/Drinking Places,Public_transport,Public_transport
28812,22,Young Adult,103145,Very High,2_person,nonfamily_single,0,F&B Eatery/Limited-Service Restaurants,Public_transport,Walking
18964,24,Young Adult,75632,High,1_person,living_alone,0,F&B Eatery/Limited-Service Restaurants,Walking,Walking
24815,48,Middle Age,8687,Low,4_person,married_couple,1,F&B Eatery/Snack and Nonalcoholic Beverage Bars,Public_transport,Car
13017,60,Senior,0,Debt,2_person,married_couple,1,F&B Eatery/Full-Service Restaurants,Car,Car
60525,40,Adult,80811,High,1_person,living_alone,1,F&B Eatery/Snack and Nonalcoholic Beverage Bars,Walking,Car
13879,40,Adult,61586,High,2_person,nonfamily_single,2,F&B Eatery/Full-Service Restaurants,Public_transport,Car
3747,72,Elderly,18982,Low,1_person,living_alone,0,F&B Eatery/Full-Service Restaurants,Public_transport,Walking
11600,21,Young Adult,0,Debt,2_person,family_single,1,F&B Eatery/Limited-Service Restaurants,Walking,Walking
1597,22,Young Adult,105460,Very High,2_person,nonfamily_single,1,F&B Eatery/Limited-Service Restaurants,Walking,Car
61290,42,Middle Age,10804,Low,2_person,family_single,1,F&B Eatery/Snack and Nonalcoholic Beverage Bars,Car,Car
20874,29,Young Adult,70710,High,2_person,family_single,0,F&B Eatery/Drinking Places,Public_transport,Walking
30677,50,Middle Age,15152,Low,2_person,family_single,1,F&B Eatery/Full-Service Restaurants,Car,Car
42861,33,Adult,51675,Moderate,1_person,living_alone,1,F&B Eatery/Full-Service Restaurants,Car,Car
47409,31,Adult,26365,Low,2_person,married_couple,0,F&B Eatery/Limited-Service Restaurants,Walking,Public_transport
55602,29,Young Adult,52,Low,3_person,family_single,0,F&B Eatery/Limited-Service Restaurants,Public_transport,Walking
14080,55,Senior,32203,Moderate,3_person,married_couple,3_plus,F&B Eatery/Snack and Nonalcoholic Beverage Bars,Walking,Public_transport
24312,50,Middle Age,308404,Ultra High,3_person,married_couple,1,F&B Eatery/Full-Service Restaurants,Public_transport,Car
9372,29,Young Adult,67044,High,1_person,living_alone,1,F&B Eatery/Limited-Service Restaurants,Car,Walking
66981,26,Young Adult,61887,High,2_person,nonfamily_single,1,F&B Eatery/Full-Service Restaurants,Car,Walking
22391,52,Senior,0,Debt,1_person,living_alone,1,F&B Eatery/Limited-Service Restaurants,Car,Car
50240,35,Adult,75632,High,2_person,nonfamily_single,1,F&B Eatery/Full-Service Restaurants,Walking,Car
4302,27,Young Adult,834193,Ultra High,2_person,nonfamily_single,0,F&B Eatery/Limited-Service Restaurants,Walking,Walking
35774,35,Adult,111115,Very High,2_person,nonfamily_single,1,F&B Eatery/Snack and Nonalcoholic Beverage Bars,Walking,Car
22694,48,Middle Age,381074,Ultra High,1_person,living_alone,0,F&B Eatery/Snack and Nonalcoholic Beverage Bars,Public_transport,Walking
62454,43,Middle Age,107344,Very High,2_person,married_couple,1,F&B Eatery/Limited-Service Restaurants,Car,Car
13285,52,Senior,25931,Low,2_person,nonfamily_single,0,F&B Eatery/Snack and Nonalcoholic Beverage Bars,Public_transport,Public_transport
66582,52,Senior,15471,Low,4_person,married_couple,1,F&B Eatery/Full-Service Restaurants,Walking,Walking
50842,58,Senior,102644,Very High,4_person,married_couple,1,F&B Eatery/Full-Service Restaurants,Car,Car
28439,46,Middle Age,26263,Low,3_person,family_single,1,F&B Eatery/Full-Service Restaurants,Public_transport,Car
49777,65,Elderly,72391,High,1_person,living_alone,2,F&B Eatery/Limited-Service Restaurants,Public_transport,Car
7523,48,Middle Age,47972,Moderate,5_person,family_single,2,F&B Eatery/Full-Service Restaurants,Walking,Car
38598,57,Senior,35763,Moderate,1_person,living_alone,1,F&B Eatery/Snack and Nonalcoholic Beverage Bars,Public_transport,Car
15343,58,Senior,43218,Moderate,5_person,family_single,3_plus,F&B Eatery/Full-Service Restaurants,Public_transport,Car
60539,25,Young Adult,9076,Low,1_person,living_alone,0,F&B Eatery/Drinking Places,Walking,Walking
50893,68,Elderly,0,Debt,2_person,married_couple,1,F&B Eatery/Full-Service Restaurants,Car,Car
1559,21,Young Adult,0,Debt,1_person,living_alone,0,F&B Eatery/Snack and Nonalcoholic Beverage Bars,Walking,Walking
13313,45,Middle Age,31638,Moderate,2_person,nonfamily_single,0,F&B Eatery/Full-Service Restaurants,Walking,Walking
54158,76,Elderly,24243,Low,2_person,nonfamily_single,1,F&B Eatery/Snack and Nonalcoholic Beverage Bars,Car,Car
13528,78,Elderly,9016,Low,5_person,married_couple,2,F&B Eatery/Full-Service Restaurants,Car,Car
25017,58,Senior,0,Debt,1_person,living_alone,0,F&B Eatery/Snack and Nonalcoholic Beverage Bars,Public_transport,Walking
51981,30,Young Adult,0,Debt,4_person,married_couple,1,F&B Eatery/Full-Service Restaurants,Car,Car
49078,55,Senior,11807,Low,4_person,family_single,0,F&B Eatery/Full-Service Restaurants,Walking,Walking
19317,57,Senior,47231,Moderate,2_person,married_couple,1,F&B Eatery/Limited-Service Restaurants,Public_transport,Car
48002,63,Elderly,15152,Low,2_person,family_single,1,F&B Eatery/Full-Service Restaurants,Walking,Car
7928,52,Senior,97242,Very High,1_person,living_alone,1,F&B Eatery/Limited-Service Restaurants,Car,Car
2107,57,Senior,3220,Low,2_person,married_couple,2,F&B Eatery/Full-Service Restaurants,Car,Car
30363,79,Elderly,18570,Low,3_person,married_couple,1,F&B Eatery/Full-Service Restaurants,Car,Car
31262,46,Middle Age,32481,Moderate,1_person,living_alone,0,F&B Eatery/Full-Service Restaurants,Public_transport,Walking
58355,34,Adult,20248,Low,6_person,family_single,0,F&B Eatery/Full-Service Restaurants,Walking,Public_transport
38216,23,Young Adult,0,Debt,7_plus_person,family_single,1,F&B Eatery/Full-Service Restaurants,Walking,Walking
19465,63,Elderly,42937,Moderate,2_person,married_couple,1,F&B Eatery/Full-Service Restaurants,Car,Car
65582,24,Young Adult,3241,Low,4_person,married_couple,3_plus,F&B Eatery/Drinking Places,Car,Car
44646,56,Senior,21609,Low,3_person,family_single,1,F&B Eatery/Full-Service Restaurants,Public_transport,Car
46940,72,Elderly,12684,Low,3_person,married_couple,1,F&B Eatery/Full-Service Restaurants,Car,Car
30624,24,Young Adult,70710,High,3_person,nonfamily_single,3_plus,F&B Eatery/Limited-Service Restaurants,Car,Car
10447,47,Middle Age,77358,High,3_person,married_couple,1,F&B Eatery/Full-Service Restaurants,Car,Car
12561,33,Adult,54944,Moderate,2_person,nonfamily_single,1,F&B Eatery/Drinking Places,Public_transport,Car
15863,37,Adult,0,Debt,5_person,married_couple,3_plus,F&B Eatery/Full-Service Restaurants,Car,Car
42029,67,Elderly,62628,High,2_person,married_couple,2,F&B Eatery/Full-Service Restaurants,Car,Car
13936,29,Young Adult,0,Debt,5_person,married_couple,0,F&B Eatery/Full-Service Restaurants,Walking,Walking
7939,63,Elderly,8643,Low,3_person,family_single,0,F&B Eatery/Drinking Places,Walking,Walking
16105,36,Adult,85610,High,1_person,living_alone,1,F&B Eatery/Full-Service Restaurants,Public_transport,Car
47176,22,Young Adult,0,Debt,4_person,married_couple,1,F&B Eatery/Limited-Service Restaurants,Walking,Car
46300,55,Senior,68700,High,1_person,living_alone,1,F&B Eatery/Limited-Service Restaurants,Car,Car
61101,55,Senior,242559,Ultra High,1_person,living_alone,1,F&B Eatery/Snack and Nonalcoholic Beverage Bars,Walking,Car
40795,54,Senior,0,Debt,2_person,married_couple,2,F&B Eatery/Full-Service Restaurants,Car,Car
19797,75,Elderly,7779,Low,3_person,married_couple,1,F&B Eatery/Snack and Nonalcoholic Beverage Bars,Car,Car
60766,27,Young Adult,68549,High,2_person,nonfamily_single,1,F&B Eatery/Limited-Service Restaurants,Public_transport,Walking
59386,36,Adult,117005,Very High,1_person,living_alone,0,F&B Eatery/Full-Service Restaurants,Walking,Walking
17290,84,Elderly,44971,Moderate,1_person,living_alone,0,F&B Eatery/Full-Service Restaurants,Public_transport,Public_transport
41996,24,Young Adult,0,Debt,3_person,nonfamily_single,0,F&B Eatery/Drinking Places,Walking,Walking
44653,73,Elderly,141925,Ultra High,2_person,married_couple,3_plus,F&B Eatery/Limited-Service Restaurants,Public_transport,Car
63894,79,Elderly,0,Debt,2_person,married_couple,0,F&B Eatery/Limited-Service Restaurants,Walking,Public_transport
760,58,Senior,22691,Low,7_plus_person,married_couple,3_plus,F&B Eatery/Snack and Nonalcoholic Beverage Bars,Car,Car
19502,40,Adult,39717,Moderate,2_person,nonfamily_single,0,F&B Eatery/Full-Service Restaurants,Public_transport,Walking
33754,39,Adult,160194,Ultra High,2_person,nonfamily_single,0,F&B Eatery/Limited-Service Restaurants,Public_transport,Walking
45382,71,Elderly,18259,Low,3_person,family_single,2,F&B Eatery/Limited-Service Restaurants,Public_transport,Car
26867,34,Adult,259312,Ultra High,1_person,living_alone,1,F&B Eatery/Full-Service Restaurants,Public_transport,Car
55862,31,Adult,0,Debt,1_person,living_alone,1,F&B Eatery/Limited-Service Restaurants,Car,Public_transport
33092,27,Young Adult,0,Debt,2_person,family_single,1,F&B Eatery/Full-Service Restaurants,Public_transport,Walking
53450,30,Young Adult,61887,High,2_person,nonfamily_single,1,F&B Eatery/Full-Service Restaurants,Walking,Walking
54042,30,Young Adult,169704,Ultra High,1_person,living_alone,1,F&B Eatery/Snack and Nonalcoholic Beverage Bars,Walking,Walking
30563,33,Adult,63276,High,2_person,family_single,1,F&B Eatery/Full-Service Restaurants,Walking,Car
17064,42,Middle Age,48305,Moderate,2_person,married_couple,1,F&B Eatery/Snack and Nonalcoholic Beverage Bars,Car,Car
35365,25,Young Adult,0,Debt,4_person,nonfamily_single,0,F&B Eatery/Limited-Service Restaurants,Walking,Walking
43013,48,Middle Age,51862,Moderate,1_person,living_alone,1,F&B Eatery/Full-Service Restaurants,Public_transport,Walking
16679,55,Senior,12749,Low,1_person,living_alone,1,F&B Eatery/Limited-Service Restaurants,Car,Car
30712,33,Adult,103145,Very High,1_person,living_alone,1,F&B Eatery/Snack and Nonalcoholic Beverage Bars,Walking,Car
30177,59,Senior,28983,Low,1_person,living_alone,1,F&B Eatery/Full-Service Restaurants,Car,Car
11735,21,Young Adult,17287,Low,5_person,nonfamily_single,0,F&B Eatery/Limited-Service Restaurants,Walking,Walking
45798,47,Middle Age,121217,Ultra High,7_plus_person,married_couple,1,F&B Eatery/Limited-Service Restaurants,Car,Walking
1785,62,Elderly,67044,High,2_person,nonfamily_single,1,F&B Eatery/Snack and Nonalcoholic Beverage Bars,Car,Car
4382,67,Elderly,8870,Low,2_person,married_couple,2,F&B Eatery/Full-Service Restaurants,Car,Car
51410,29,Young Adult,52,Low,3_person,family_single,0,F&B Eatery/Full-Service Restaurants,Walking,Walking
21702,29,Young Adult,8802,Low,3_person,married_couple,2,F&B Eatery/Full-Service Restaurants,Public_transport,Public_transport
55006,41,Middle Age,34344,Moderate,6_person,married_couple,2,F&B Eatery/Snack and Nonalcoholic Beverage Bars,Car,Car
61898,66,Elderly,14262,Low,3_person,married_couple,1,F&B Eatery/Drinking Places,Public_transport,Car
9476,38,Adult,10734,Low,7_plus_person,married_couple,1,F&B Eatery/Full-Service Restaurants,Public_transport,Walking
4893,32,Adult,75931,High,2_person,married_couple,2,F&B Eatery/Full-Service Restaurants,Car,Car
52392,23,Young Adult,0,Debt,2_person,nonfamily_single,1,F&B Eatery/Limited-Service Restaurants,Car,Walking
22117,28,Young Adult,0,Debt,1_person,living_alone,1,F&B Eatery/Limited-Service Restaurants,Car,Walking
54921,25,Young Adult,16101,Low,2_person,family_single,1,F&B Eatery/Snack and Nonalcoholic Beverage Bars,Public_transport,Walking
12646,36,Adult,202029,Ultra High,1_person,living_alone,0,F&B Eatery/Full-Service Restaurants,Walking,Walking
15321,19,Young Adult,0,Debt,1_person,living_alone,0,F&B Eatery/Limited-Service Restaurants,Walking,Walking
48466,52,Senior,0,Debt,3_person,married_couple,2,F&B Eatery/Full-Service Restaurants,Car,Car
46193,56,Senior,0,Debt,4_person,married_couple,3_plus,F&B Eatery/Snack and Nonalcoholic Beverage Bars,Public_transport,Walking
42503,51,Senior,81821,High,2_person,married_couple,2,F&B Eatery/Snack and Nonalcoholic Beverage Bars,Car,Car
60598,67,Elderly,32310,Moderate,2_person,married_couple,1,F&B Eatery/Full-Service Restaurants,Car,Car
47780,56,Senior,77668,High,1_person,living_alone,1,F&B Eatery/Limited-Service Restaurants,Car,Car
29480,74,Elderly,44146,Moderate,1_person,living_alone,1,F&B Eatery/Full-Service Restaurants,Car,Car
22211,56,Senior,100925,Very High,6_person,married_couple,2,F&B Eatery/Snack and Nonalcoholic Beverage Bars,Public_transport,Car
52726,20,Young Adult,26365,Low,3_person,family_single,2,F&B Eatery/Limited-Service Restaurants,Walking,Walking
15234,46,Middle Age,99019,Very High,1_person,living_alone,1,F&B Eatery/Full-Service Restaurants,Public_transport,Car
17254,59,Senior,8182,Low,3_person,family_single,1,F&B Eatery/Limited-Service Restaurants,Walking,Car
7407,49,Middle Age,35655,Moderate,4_person,married_couple,1,F&B Eatery/Full-Service Restaurants,Walking,Car
21692,52,Senior,33006,Moderate,4_person,nonfamily_single,0,F&B Eatery/Limited-Service Restaurants,Public_transport,Public_transport
45312,21,Young Adult,0,Debt,2_person,nonfamily_single,0,F&B Eatery/Snack and Nonalcoholic Beverage Bars,Walking,Walking
18101,30,Young Adult,131825,Ultra High,2_person,married_couple,2,F&B Eatery/Full-Service Restaurants,Car,Car
40081,62,Elderly,10546,Low,4_person,married_couple,1,F&B Eatery/Limited-Service Restaurants,Car,Car
2648,32,Adult,31415,Moderate,2_person,family_single,0,F&B Eatery/Limited-Service Restaurants,Public_transport,Walking
2586,81,Elderly,16747,Low,2_person,married_couple,1,F&B Eatery/Drinking Places,Car,Car
25287,26,Young Adult,65385,High,3_person,nonfamily_single,0,F&B Eatery/Full-Service Restaurants,Walking,Walking
29381,30,Young Adult,61887,High,2_person,family_single,2,F&B Eatery/Full-Service Restaurants,Car,Walking
19544,63,Elderly,657756,Ultra High,2_person,married_couple,1,F&B Eatery/Full-Service Restaurants,Walking,Car
47096,54,Senior,107344,Very High,1_person,living_alone,1,F&B Eatery/Snack and Nonalcoholic Beverage Bars,Car,Car
11009,62,Elderly,157399,Ultra High,2_person,nonfamily_single,3_plus,F&B Eatery/Drinking Places,Walking,Car
35950,23,Young Adult,36100,Moderate,2_person,nonfamily_single,2,F&B Eatery/Limited-Service Restaurants,Public_transport,Car
31042,73,Elderly,0,Debt,3_person,family_single,0,F&B Eatery/Full-Service Restaurants,Public_transport,Walking
57395,40,Adult,141420,Ultra High,2_person,nonfamily_single,1,F&B Eatery/Full-Service Restaurants,Car,Car
11672,62,Elderly,37375,Moderate,5_person,married_couple,2,F&B Eatery/Full-Service Restaurants,Car,Car
51529,26,Young Adult,28880,Low,7_plus_person,married_couple,1,F&B Eatery/Snack and Nonalcoholic Beverage Bars,Car,Public_transport
37571,69,Elderly,40405,Moderate,2_person,married_couple,2,F&B Eatery/Full-Service Restaurants,Public_transport,Car
4218,72,Elderly,13333,Low,2_person,married_couple,1,F&B Eatery/Limited-Service Restaurants,Car,Car
38460,60,Senior,53152,Moderate,1_person,living_alone,1,F&B Eatery/Full-Service Restaurants,Car,Car
52204,21,Young Adult,0,Debt,2_person,nonfamily_single,0,F&B Eatery/Full-Service Restaurants,Walking,Walking
9795,26,Young Adult,85862,High,2_person,nonfamily_single,1,F&B Eatery/Snack and Nonalcoholic Beverage Bars,Car,Walking
54544,25,Young Adult,52527,Moderate,2_person,nonfamily_single,2,F&B Eatery/Full-Service Restaurants,Car,Car
30697,26,Young Adult,72201,High,2_person,nonfamily_single,3_plus,F&B Eatery/Full-Service Restaurants,Car,Car
31075,27,Young Adult,50507,Moderate,2_person,nonfamily_single,0,F&B Eatery/Snack and Nonalcoholic Beverage Bars,Public_transport,Walking
12779,33,Adult,46158,Moderate,2_person,family_single,0,F&B Eatery/Limited-Service Restaurants,Public_transport,Walking
26999,30,Young Adult,10967,Low,2_person,family_single,1,F&B Eatery/Full-Service Restaurants,Public_transport,Walking
9371,60,Senior,1404,Low,2_person,married_couple,1,F&B Eatery/Snack and Nonalcoholic Beverage Bars,Car,Car
20140,39,Adult,0,Debt,2_person,nonfamily_single,0,F&B Eatery/Full-Service Restaurants,Public_transport,Walking
46359,53,Senior,53672,Moderate,5_person,married_couple,3_plus,F&B Eatery/Full-Service Restaurants,Public_transport,Car
7378,29,Young Adult,5273,Low,2_person,married_couple,0,F&B Eatery/Full-Service Restaurants,Walking,Public_transport
65973,72,Elderly,20395,Low,2_person,married_couple,1,F&B Eatery/Full-Service Restaurants,Public_transport,Car
1754,22,Young Adult,10314,Low,7_plus_person,nonfamily_single,2,F&B Eatery/Snack and Nonalcoholic Beverage Bars,Public_transport,Car
148,79,Elderly,34344,Moderate,1_person,living_alone,1,F&B Eatery/Drinking Places,Car,Car
25362,60,Senior,454565,Ultra High,7_plus_person,married_couple,1,F&B Eatery/Full-Service Restaurants,Car,Car
63190,28,Young Adult,128813,Ultra High,2_person,nonfamily_single,2,F&B Eatery/Limited-Service Restaurants,Car,Car
43306,65,Elderly,3889,Low,2_person,married_couple,1,F&B Eatery/Snack and Nonalcoholic Beverage Bars,Car,Car
53260,35,Adult,69150,High,1_person,living_alone,1,F&B Eatery/Full-Service Restaurants,Car,Car
38140,29,Young Adult,60608,High,2_person,married_couple,0,F&B Eatery/Full-Service Restaurants,Walking,Public_transport
63864,26,Young Adult,32414,Moderate,3_person,family_single,0,F&B Eatery/Limited-Service Restaurants,Walking,Walking
15545,29,Young Adult,64406,High,1_person,living_alone,1,F&B Eatery/Limited-Service Restaurants,Walking,Walking
45915,33,Adult,93862,Very High,2_person,nonfamily_single,1,F&B Eatery/Full-Service Restaurants,Walking,Car
34381,31,Adult,100398,Very High,2_person,married_couple,1,F&B Eatery/Limited-Service Restaurants,Public_transport,Car
5829,26,Young Adult,37981,Moderate,3_person,nonfamily_single,1,F&B Eatery/Snack and Nonalcoholic Beverage Bars,Walking,Car
3770,41,Middle Age,32738,Moderate,2_person,nonfamily_single,1,F&B Eatery/Full-Service Restaurants,Car,Walking
28343,57,Senior,25253,Low,2_person,family_single,0,F&B Eatery/Limited-Service Restaurants,Walking,Public_transport
3380,28,Young Adult,0,Debt,4_person,nonfamily_single,0,F&B Eatery/Full-Service Restaurants,Public_transport,Walking
42618,31,Adult,101115,Very High,2_person,married_couple,2,F&B Eatery/Full-Service Restaurants,Car,Car
2015,94,Elderly,193644,Ultra High,3_person,married_couple,1,F&B Eatery/Full-Service Restaurants,Public_transport,Car
5192,85,Elderly,94914,Very High,2_person,married_couple,1,F&B Eatery/Full-Service Restaurants,Car,Car
66562,16,Teen,7023,Low,3_person,family_single,1,F&B Eatery/Full-Service Restaurants,Public_transport,Walking
63114,23,Young Adult,40405,Moderate,3_person,nonfamily_single,2,F&B Eatery/Full-Service Restaurants,Car,Car
38524,26,Young Adult,32203,Moderate,6_person,nonfamily_single,0,F&B Eatery/Limited-Service Restaurants,Car,Walking
33371,42,Middle Age,27011,Low,1_person,living_alone,0,F&B Eatery/Snack and Nonalcoholic Beverage Bars,Walking,Walking
38097,49,Middle Age,20248,Low,2_person,family_single,1,F&B Eatery/Full-Service Restaurants,Car,Car
62798,29,Young Adult,94914,Very High,2_person,nonfamily_single,0,F&B Eatery/Snack and Nonalcoholic Beverage Bars,Public_transport,Walking
865,44,Middle Age,37570,Moderate,3_person,nonfamily_single,1,F&B Eatery/Full-Service Restaurants,Car,Walking
60441,31,Adult,15186,Low,2_person,nonfamily_single,0,F&B Eatery/Snack and Nonalcoholic Beverage Bars,Car,Walking
23396,25,Young Adult,105886,Very High,3_person,nonfamily_single,2,F&B Eatery/Full-Service Restaurants,Walking,Car
49395,35,Adult,23201,Low,6_person,married_couple,1,F&B Eatery/Snack and Nonalcoholic Beverage Bars,Public_transport,Car
57974,67,Elderly,237286,Ultra High,1_person,living_alone,1,F&B Eatery/Limited-Service Restaurants,Car,Car
4477,56,Senior,41258,Moderate,1_person,living_alone,0,F&B Eatery/Limited-Service Restaurants,Public_transport,Public_transport
65731,65,Elderly,37375,Moderate,7_plus_person,married_couple,3_plus,F&B Eatery/Full-Service Restaurants,Car,Car
63185,38,Adult,169704,Ultra High,4_person,married_couple,2,F&B Eatery/Full-Service Restaurants,Walking,Public_transport
16865,28,Young Adult,36100,Moderate,2_person,nonfamily_single,1,F&B Eatery/Full-Service Restaurants,Car,Car
32885,48,Middle Age,8120,Low,3_person,married_couple,1,F&B Eatery/Full-Service Restaurants,Car,Car
43988,26,Young Adult,47540,Moderate,3_person,nonfamily_single,1,F&B Eatery/Limited-Service Restaurants,Public_transport,Car
37598,24,Young Adult,4218,Low,4_person,nonfamily_single,1,F&B Eatery/Full-Service Restaurants,Car,Car
4507,54,Senior,60608,High,3_person,family_single,1,F&B Eatery/Full-Service Restaurants,Public_transport,Car
5344,29,Young Adult,91839,Very High,2_person,married_couple,1,F&B Eatery/Full-Service Restaurants,Public_transport,Walking
21586,26,Young Adult,42184,Moderate,2_person,nonfamily_single,1,F&B Eatery/Drinking Places,Car,Car
352,60,Senior,623137,Ultra High,3_person,married_couple,3_plus,F&B Eatery/Full-Service Restaurants,Public_transport,Car
48084,23,Young Adult,53672,Moderate,4_person,married_couple,3_plus,F&B Eatery/Limited-Service Restaurants,Walking,Car
4460,24,Young Adult,30304,Moderate,2_person,nonfamily_single,1,F&B Eatery/Full-Service Restaurants,Car,Car
45565,54,Senior,118079,Very High,7_plus_person,married_couple,2,F&B Eatery/Full-Service Restaurants,Car,Public_transport
17157,32,Adult,30943,Moderate,2_person,married_couple,0,F&B Eatery/Full-Service Restaurants,Walking,Public_transport
48223,52,Senior,9596,Low,4_person,married_couple,1,F&B Eatery/Limited-Service Restaurants,Public_transport,Walking
61707,54,Senior,12845,Low,2_person,family_single,1,F&B Eatery/Full-Service Restaurants,Car,Car
53112,68,Elderly,102529,Very High,3_person,married_couple,2,F&B Eatery/Limited-Service Restaurants,Walking,Car
3873,42,Middle Age,81035,High,1_person,living_alone,1,F&B Eatery/Drinking Places,Walking,Car
179,30,Young Adult,134181,Ultra High,2_person,nonfamily_single,1,F&B Eatery/Limited-Service Restaurants,Walking,Walking
12638,40,Adult,41415,Moderate,2_person,nonfamily_single,1,F&B Eatery/Snack and Nonalcoholic Beverage Bars,Walking,Car
24544,34,Adult,9076,Low,2_person,married_couple,1,F&B Eatery/Full-Service Restaurants,Car,Walking
26754,74,Elderly,77288,High,1_person,living_alone,1,F&B Eatery/Full-Service Restaurants,Car,Car
21177,62,Elderly,0,Debt,2_person,married_couple,0,F&B Eatery/Full-Service Restaurants,Car,Public_transport
7436,90,Elderly,48890,Moderate,3_person,family_single,3_plus,F&B Eatery/Snack and Nonalcoholic Beverage Bars,Car,Car
57315,63,Elderly,8643,Low,3_person,family_single,0,F&B Eatery/Drinking Places,Public_transport,Walking
5958,40,Adult,25786,Low,4_person,family_single,1,F&B Eatery/Full-Service Restaurants,Car,Walking
14110,56,Senior,170740,Ultra High,5_person,married_couple,2,F&B Eatery/Full-Service Restaurants,Car,Car
34568,36,Adult,121279,Ultra High,3_person,married_couple,2,F&B Eatery/Limited-Service Restaurants,Public_transport,Car
364,28,Young Adult,29712,Low,2_person,nonfamily_single,2,F&B Eatery/Full-Service Restaurants,Public_transport,Walking
14648,69,Elderly,36627,Moderate,2_person,nonfamily_single,1,F&B Eatery/Full-Service Restaurants,Car,Car
15082,18,Teen,0,Debt,4_person,married_couple,1,F&B Eatery/Limited-Service Restaurants,Public_transport,Public_transport
55381,25,Young Adult,197726,Ultra High,2_person,nonfamily_single,0,F&B Eatery/Drinking Places,Walking,Walking
32031,38,Adult,10734,Low,7_plus_person,married_couple,1,F&B Eatery/Snack and Nonalcoholic Beverage Bars,Car,Walking
6038,32,Adult,23230,Low,2_person,nonfamily_single,1,F&B Eatery/Full-Service Restaurants,Public_transport,Public_transport
8221,44,Middle Age,87673,High,2_person,married_couple,0,F&B Eatery/Snack and Nonalcoholic Beverage Bars,Walking,Public_transport
66907,28,Young Adult,81035,High,3_person,nonfamily_single,1,F&B Eatery/Snack and Nonalcoholic Beverage Bars,Car,Walking
13895,69,Elderly,12965,Low,2_person,married_couple,1,F&B Eatery/Full-Service Restaurants,Public_transport,Car
32345,70,Elderly,190818,Ultra High,1_person,living_alone,1,F&B Eatery/Snack and Nonalcoholic Beverage Bars,Car,Car
2801,30,Young Adult,50621,Moderate,4_person,married_couple,0,F&B Eatery/Full-Service Restaurants,Public_transport,Public_transport
57480,60,Senior,623137,Ultra High,3_person,married_couple,3_plus,F&B Eatery/Full-Service Restaurants,Car,Car
35690,25,Young Adult,10314,Low,6_person,nonfamily_single,3_plus,F&B Eatery/Snack and Nonalcoholic Beverage Bars,Car,Car
65109,49,Middle Age,53635,Moderate,2_person,married_couple,1,F&B Eatery/Drinking Places,Public_transport,Car
12856,63,Elderly,0,Debt,6_person,married_couple,1,F&B Eatery/Limited-Service Restaurants,Car,Car
66512,27,Young Adult,63276,High,2_person,nonfamily_single,0,F&B Eatery/Drinking Places,Walking,Walking
24853,30,Young Adult,63747,High,1_person,living_alone,1,F&B Eatery/Drinking Places,Car,Walking
63674,35,Adult,597961,Ultra High,2_person,married_couple,2,F&B Eatery/Full-Service Restaurants,Car,Car
51872,77,Elderly,0,Debt,3_person,family_single,1,F&B Eatery/Full-Service Restaurants,Car,Car
1245,71,Elderly,52707,Moderate,1_person,living_alone,1,F&B Eatery/Drinking Places,Car,Car
22745,57,Senior,112368,Very High,2_person,nonfamily_single,1,F&B Eatery/Full-Service Restaurants,Public_transport,Car
20921,58,Senior,257863,Ultra High,3_person,married_couple,2,F&B Eatery/Full-Service Restaurants,Walking,Car
13746,28,Young Adult,51012,Moderate,2_person,nonfamily_single,1,F&B Eatery/Full-Service Restaurants,Walking,Car
30615,26,Young Adult,12129,Low,3_person,married_couple,2,F&B Eatery/Full-Service Restaurants,Public_transport,Public_transport
36821,68,Elderly,3864,Low,2_person,married_couple,0,F&B Eatery/Snack and Nonalcoholic Beverage Bars,Public_transport,Public_transport
38699,46,Middle Age,58999,Moderate,4_person,married_couple,3_plus,F&B Eatery/Full-Service Restaurants,Public_transport,Car
3239,56,Senior,9661,Low,5_person,married_couple,1,F&B Eatery/Full-Service Restaurants,Car,Car
32876,31,Adult,78791,High,3_person,family_single,3_plus,F&B Eatery/Snack and Nonalcoholic Beverage Bars,Public_transport,Car
59974,22,Young Adult,0,Debt,3_person,family_single,1,F&B Eatery/Limited-Service Restaurants,Car,Walking
16150,77,Elderly,64672,High,2_person,married_couple,0,F&B Eatery/Drinking Places,Car,Public_transport
31100,27,Young Adult,89641,High,2_person,married_couple,1,F&B Eatery/Snack and Nonalcoholic Beverage Bars,Walking,Walking
57955,61,Elderly,8889,Low,7_plus_person,nonfamily_single,0,F&B Eatery/Snack and Nonalcoholic Beverage Bars,Walking,Public_transport
58827,33,Adult,21609,Low,5_person,family_single,1,F&B Eatery/Full-Service Restaurants,Public_transport,Car
14728,60,Senior,171221,Ultra High,2_person,married_couple,0,F&B Eatery/Snack and Nonalcoholic Beverage Bars,Public_transport,Public_transport
18158,47,Middle Age,65659,High,6_person,married_couple,3_plus,F&B Eatery/Full-Service Restaurants,Walking,Car
63347,40,Adult,45379,Moderate,3_person,nonfamily_single,1,F&B Eatery/Full-Service Restaurants,Walking,Car
6475,69,Elderly,165528,Ultra High,4_person,family_single,3_plus,F&B Eatery/Full-Service Restaurants,Car,Car
11319,40,Adult,35655,Moderate,4_person,family_single,3_plus,F&B Eatery/Limited-Service Restaurants,Public_transport,Walking
57285,67,Elderly,8158,Low,4_person,family_single,3_plus,F&B Eatery/Full-Service Restaurants,Walking,Car
55091,63,Elderly,3636,Low,2_person,married_couple,2,F&B Eatery/Full-Service Restaurants,Car,Car
22228,26,Young Adult,64828,High,3_person,nonfamily_single,1,F&B Eatery/Snack and Nonalcoholic Beverage Bars,Walking,Walking
36302,65,Elderly,4545,Low,5_person,married_couple,2,F&B Eatery/Snack and Nonalcoholic Beverage Bars,Walking,Car
4394,25,Young Adult,17980,Low,7_plus_person,family_single,3_plus,F&B Eatery/Full-Service Restaurants,Car,Car
22257,55,Senior,15152,Low,2_person,married_couple,1,F&B Eatery/Limited-Service Restaurants,Car,Car
44098,41,Middle Age,117220,Very High,1_person,living_alone,0,F&B Eatery/Limited-Service Restaurants,Walking,Public_transport
47734,40,Adult,20610,Low,1_person,living_alone,0,F&B Eatery/Full-Service Restaurants,Walking,Walking
65964,66,Elderly,394966,Ultra High,2_person,nonfamily_single,2,F&B Eatery/Full-Service Restaurants,Car,Car
50333,28,Young Adult,113449,Very High,2_person,married_couple,1,F&B Eatery/Full-Service Restaurants,Walking,Walking
23195,80,Elderly,44762,Moderate,1_person,living_alone,1,F&B Eatery/Limited-Service Restaurants,Car,Car
20774,25,Young Adult,86251,High,3_person,nonfamily_single,0,F&B Eatery/Full-Service Restaurants,Walking,Walking
20732,43,Middle Age,45456,Moderate,5_person,married_couple,3_plus,F&B Eatery/Limited-Service Restaurants,Car,Car
3567,86,Elderly,70847,High,1_person,living_alone,1,F&B Eatery/Limited-Service Restaurants,Car,Car
55781,52,Senior,0,Debt,5_person,married_couple,1,F&B Eatery/Full-Service Restaurants,Public_transport,Car
40201,37,Adult,179480,Ultra High,2_person,nonfamily_single,0,F&B Eatery/Snack and Nonalcoholic Beverage Bars,Walking,Walking
56336,36,Adult,268362,Ultra High,4_person,married_couple,1,F&B Eatery/Drinking Places,Walking,Public_transport
61380,25,Young Adult,0,Debt,1_person,living_alone,0,F&B Eatery/Snack and Nonalcoholic Beverage Bars,Walking,Walking
25734,54,Senior,11284,Low,2_person,family_single,1,F&B Eatery/Full-Service Restaurants,Car,Car
21534,27,Young Adult,33813,Moderate,4_person,married_couple,1,F&B Eatery/Limited-Service Restaurants,Walking,Walking
62561,83,Elderly,9280,Low,2_person,married_couple,1,F&B Eatery/Full-Service Restaurants,Car,Car
11317,24,Young Adult,0,Debt,3_person,family_single,1,F&B Eatery/Full-Service Restaurants,Car,Walking
38262,37,Adult,50507,Moderate,2_person,nonfamily_single,1,F&B Eatery/Snack and Nonalcoholic Beverage Bars,Public_transport,Car
65500,31,Adult,0,Debt,1_person,living_alone,0,F&B Eatery/Limited-Service Restaurants,Public_transport,Walking
17357,73,Elderly,8889,Low,7_plus_person,nonfamily_single,0,F&B Eatery/Full-Service Restaurants,Walking,Public_transport
37067,70,Elderly,1581,Low,1_person,living_alone,0,F&B Eatery/Full-Service Restaurants,Public_transport,Walking
56080,45,Middle Age,21609,Low,2_person,family_single,0,F&B Eatery/Full-Service Restaurants,Walking,Walking
52805,62,Elderly,20180,Low,1_person,living_alone,0,F&B Eatery/Special Food Services,Walking,Walking
38640,34,Adult,18151,Low,3_person,family_single,1,F&B Eatery/Drinking Places,Public_transport,Car
37606,40,Adult,202029,Ultra High,1_person,living_alone,1,F&B Eatery/Snack and Nonalcoholic Beverage Bars,Walking,Car
40366,76,Elderly,17328,Low,2_person,nonfamily_single,1,F&B Eatery/Snack and Nonalcoholic Beverage Bars,Public_transport,Car
23761,34,Adult,18384,Low,5_person,nonfamily_single,0,F&B Eatery/Limited-Service Restaurants,Public_transport,Public_transport
19420,35,Adult,633360,Ultra High,4_person,married_couple,1,F&B Eatery/Drinking Places,Public_transport,Public_transport
1789,25,Young Adult,20629,Low,2_person,nonfamily_single,2,F&B Eatery/Snack and Nonalcoholic Beverage Bars,Public_transport,Walking
61904,70,Elderly,20629,Low,2_person,married_couple,1,F&B Eatery/Limited-Service Restaurants,Car,Car
13739,45,Middle Age,216094,Ultra High,1_person,living_alone,1,F&B Eatery/Snack and Nonalcoholic Beverage Bars,Car,Car
13662,76,Elderly,7677,Low,1_person,living_alone,0,F&B Eatery/Snack and Nonalcoholic Beverage Bars,Walking,Walking
52240,31,Adult,54151,Moderate,1_person,living_alone,1,F&B Eatery/Snack and Nonalcoholic Beverage Bars,Walking,Car
39963,23,Young Adult,59898,Moderate,3_person,nonfamily_single,2,F&B Eatery/Full-Service Restaurants,Car,Car
32383,24,Young Adult,12022,Low,3_person,family_single,0,F&B Eatery/Snack and Nonalcoholic Beverage Bars,Walking,Walking
25651,22,Young Adult,0,Debt,2_person,nonfamily_single,0,F&B Eatery/Limited-Service Restaurants,Walking,Walking
29256,47,Middle Age,199070,Ultra High,3_person,married_couple,2,F&B Eatery/Snack and Nonalcoholic Beverage Bars,Public_transport,Car
56403,35,Adult,98194,Very High,3_person,married_couple,2,F&B Eatery/Full-Service Restaurants,Public_transport,Car
47514,94,Elderly,6482,Low,4_person,married_couple,1,F&B Eatery/Full-Service Restaurants,Walking,Car
40232,35,Adult,10546,Low,2_person,family_single,1,F&B Eatery/Full-Service Restaurants,Car,Car
51977,79,Elderly,12828,Low,2_person,family_single,1,F&B Eatery/Limited-Service Restaurants,Car,Car
9230,49,Middle Age,51862,Moderate,1_person,living_alone,0,F&B Eatery/Limited-Service Restaurants,Car,Walking
63940,27,Young Adult,9075,Low,2_person,family_single,0,F&B Eatery/Limited-Service Restaurants,Walking,Walking
39098,61,Elderly,9724,Low,4_person,married_couple,1,F&B Eatery/Snack and Nonalcoholic Beverage Bars,Walking,Car
10,61,Elderly,13310,Low,2_person,family_single,1,F&B Eatery/Full-Service Restaurants,Car,Car
10839,63,Elderly,80811,High,2_person,family_single,2,F&B Eatery/Limited-Service Restaurants,Car,Car
38636,56,Senior,0,Debt,2_person,married_couple,2,F&B Eatery/Full-Service Restaurants,Public_transport,Car
8855,71,Elderly,8643,Low,1_person,living_alone,2,F&B Eatery/Full-Service Restaurants,Car,Car
17810,31,Adult,54023,Moderate,3_person,married_couple,1,F&B Eatery/Full-Service Restaurants,Walking,Car
1403,58,Senior,93390,Very High,2_person,married_couple,2,F&B Eatery/Full-Service Restaurants,Walking,Car
44225,29,Young Adult,71170,High,2_person,nonfamily_single,1,F&B Eatery/Full-Service Restaurants,Walking,Walking
65173,55,Senior,48511,Moderate,5_person,married_couple,3_plus,F&B Eatery/Limited-Service Restaurants,Car,Car
49932,21,Young Adult,0,Debt,4_person,married_couple,2,F&B Eatery/Full-Service Restaurants,Car,Car
53966,38,Adult,196182,Ultra High,1_person,living_alone,1,F&B Eatery/Full-Service Restaurants,Car,Car
60810,24,Young Adult,63276,High,2_person,nonfamily_single,0,F&B Eatery/Limited-Service Restaurants,Walking,Walking
61985,36,Adult,216604,Ultra High,4_person,married_couple,1,F&B Eatery/Full-Service Restaurants,Public_transport,Public_transport
31958,26,Young Adult,100904,Very High,3_person,nonfamily_single,3_plus,F&B Eatery/Full-Service Restaurants,Car,Car
48230,28,Young Adult,633360,Ultra High,3_person,married_couple,2,F&B Eatery/Full-Service Restaurants,Walking,Car
10585,30,Young Adult,108047,Very High,2_person,married_couple,1,F&B Eatery/Drinking Places,Car,Walking
56721,54,Senior,14276,Low,1_person,living_alone,0,F&B Eatery/Full-Service Restaurants,Public_transport,Public_transport
51936,39,Adult,147644,Ultra High,2_person,married_couple,1,F&B Eatery/Limited-Service Restaurants,Walking,Car
61263,75,Elderly,5483,Low,1_person,living_alone,0,F&B Eatery/Snack and Nonalcoholic Beverage Bars,Car,Walking
2431,95,Elderly,10124,Low,1_person,living_alone,0,F&B Eatery/Limited-Service Restaurants,Walking,Walking
8515,42,Middle Age,0,Debt,3_person,married_couple,1,F&B Eatery/Limited-Service Restaurants,Public_transport,Car
34112,64,Elderly,0,Debt,3_person,married_couple,1,F&B Eatery/Full-Service Restaurants,Public_transport,Car
22620,42,Middle Age,100483,Very High,1_person,living_alone,1,F&B Eatery/Limited-Service Restaurants,Car,Car
372,44,Middle Age,134088,Ultra High,1_person,living_alone,1,F&B Eatery/Snack and Nonalcoholic Beverage Bars,Public_transport,Car
48574,31,Adult,9661,Low,3_person,married_couple,1,F&B Eatery/Full-Service Restaurants,Walking,Walking
909,40,Adult,63276,High,3_person,married_couple,1,F&B Eatery/Full-Service Restaurants,Car,Car
14915,41,Middle Age,17175,Low,6_person,married_couple,3_plus,F&B Eatery/Full-Service Restaurants,Public_transport,Car
64008,32,Adult,84368,High,6_person,married_couple,2,F&B Eatery/Snack and Nonalcoholic Beverage Bars,Car,Walking
61822,90,Elderly,10372,Low,1_person,living_alone,0,F&B Eatery/Snack and Nonalcoholic Beverage Bars,Public_transport,Walking
52551,34,Adult,148529,Ultra High,2_person,nonfamily_single,1,F&B Eatery/Full-Service Restaurants,Walking,Car
49648,36,Adult,27551,Low,1_person,living_alone,1,F&B Eatery/Limited-Service Restaurants,Public_transport,Public_transport
2402,28,Young Adult,0,Debt,5_person,married_couple,3_plus,F&B Eatery/Drinking Places,Car,Car
43081,20,Young Adult,40075,Moderate,7_plus_person,family_single,1,F&B Eatery/Limited-Service Restaurants,Public_transport,Car
50458,74,Elderly,14370,Low,2_person,married_couple,1,F&B Eatery/Snack and Nonalcoholic Beverage Bars,Public_transport,Car
32161,46,Middle Age,99019,Very High,1_person,living_alone,1,F&B Eatery/Full-Service Restaurants,Public_transport,Car
28743,42,Middle Age,27011,Low,1_person,living_alone,0,F&B Eatery/Full-Service Restaurants,Public_transport,Walking
48978,75,Elderly,2626,Low,6_person,married_couple,3_plus,F&B Eatery/Full-Service Restaurants,Car,Car
11662,31,Adult,103145,Very High,2_person,nonfamily_single,1,F&B Eatery/Limited-Service Restaurants,Public_transport,Car
21686,68,Elderly,46402,Moderate,3_person,family_single,1,F&B Eatery/Full-Service Restaurants,Car,Car
39534,31,Adult,52730,Moderate,4_person,married_couple,1,F&B Eatery/Full-Service Restaurants,Walking,Public_transport
11415,29,Young Adult,41258,Moderate,2_person,nonfamily_single,1,F&B Eatery/Limited-Service Restaurants,Public_transport,Car
34012,58,Senior,54347,Moderate,3_person,married_couple,2,F&B Eatery/Full-Service Restaurants,Car,Car
53517,72,Elderly,85862,High,7_plus_person,married_couple,1,F&B Eatery/Full-Service Restaurants,Car,Car
53711,34,Adult,85875,High,2_person,nonfamily_single,1,F&B Eatery/Full-Service Restaurants,Car,Car
1195,47,Middle Age,268362,Ultra High,1_person,living_alone,1,F&B Eatery/Full-Service Restaurants,Walking,Car
35758,21,Young Adult,0,Debt,3_person,nonfamily_single,0,F&B Eatery/Snack and Nonalcoholic Beverage Bars,Walking,Walking
54105,53,Senior,18182,Low,1_person,living_alone,0,F&B Eatery/Snack and Nonalcoholic Beverage Bars,Public_transport,Public_transport
29902,29,Young Adult,45084,Moderate,2_person,nonfamily_single,1,F&B Eatery/Full-Service Restaurants,Car,Car
50575,58,Senior,77358,High,3_person,family_single,1,F&B Eatery/Full-Service Restaurants,Car,Car
15704,34,Adult,2784,Low,6_person,married_couple,2,F&B Eatery/Full-Service Restaurants,Car,Car
50873,31,Adult,19185,Low,2_person,married_couple,2,F&B Eatery/Snack and Nonalcoholic Beverage Bars,Car,Walking
256,70,Elderly,42186,Moderate,1_person,living_alone,1,F&B Eatery/Full-Service Restaurants,Public_transport,Car
16365,29,Young Adult,0,Debt,2_person,married_couple,0,F&B Eatery/Snack and Nonalcoholic Beverage Bars,Walking,Walking
8205,29,Young Adult,71170,High,2_person,nonfamily_single,1,F&B Eatery/Snack and Nonalcoholic Beverage Bars,Walking,Walking
1409,30,Young Adult,129716,Ultra High,2_person,married_couple,1,F&B Eatery/Full-Service Restaurants,Car,Walking
67173,40,Adult,287981,Ultra High,4_person,married_couple,1,F&B Eatery/Snack and Nonalcoholic Beverage Bars,Walking,Public_transport
47537,28,Young Adult,80811,High,2_person,nonfamily_single,1,F&B Eatery/Full-Service Restaurants,Public_transport,Walking
20061,20,Young Adult,0,Debt,4_person,nonfamily_single,1,F&B Eatery/Snack and Nonalcoholic Beverage Bars,Walking,Walking
4725,60,Senior,0,Debt,5_person,married_couple,3_plus,F&B Eatery/Snack and Nonalcoholic Beverage Bars,Public_transport,Car
53768,58,Senior,6118,Low,1_person,living_alone,1,F&B Eatery/Full-Service Restaurants,Car,Car
64353,31,Adult,30253,Moderate,1_person,living_alone,0,F&B Eatery/Full-Service Restaurants,Walking,Walking
24722,63,Elderly,42937,Moderate,2_person,married_couple,1,F&B Eatery/Snack and Nonalcoholic Beverage Bars,Public_transport,Car
25192,66,Elderly,111115,Very High,2_person,nonfamily_single,2,F&B Eatery/Snack and Nonalcoholic Beverage Bars,Car,Car
66237,63,Elderly,197514,Ultra High,2_person,married_couple,0,F&B Eatery/Full-Service Restaurants,Public_transport,Public_transport
29508,80,Elderly,329105,Ultra High,7_plus_person,married_couple,1,F&B Eatery/Snack and Nonalcoholic Beverage Bars,Walking,Car
10055,63,Elderly,0,Debt,3_person,married_couple,0,F&B Eatery/Full-Service Restaurants,Public_transport,Public_transport
28952,61,Elderly,8889,Low,7_plus_person,nonfamily_single,0,F&B Eatery/Full-Service Restaurants,Public_transport,Public_transport
50384,31,Adult,101014,Very High,2_person,married_couple,1,F&B Eatery/Drinking Places,Car,Car
58260,21,Young Adult,0,Debt,3_person,nonfamily_single,0,F&B Eatery/Snack and Nonalcoholic Beverage Bars,Walking,Walking
4784,66,Elderly,14337,Low,1_person,living_alone,3_plus,F&B Eatery/Full-Service Restaurants,Car,Car
13663,72,Elderly,1792,Low,2_person,family_single,0,F&B Eatery/Full-Service Restaurants,Walking,Walking
7522,79,Elderly,18982,Low,2_person,married_couple,1,F&B Eatery/Snack and Nonalcoholic Beverage Bars,Car,Car
9304,20,Young Adult,0,Debt,1_person,living_alone,0,F&B Eatery/Full-Service Restaurants,Walking,Walking
15870,26,Young Adult,50507,Moderate,6_person,married_couple,1,F&B Eatery/Limited-Service Restaurants,Public_transport,Public_transport
1725,20,Young Adult,6060,Low,3_person,nonfamily_single,2,F&B Eatery/Full-Service Restaurants,Car,Walking
59900,44,Middle Age,85610,High,4_person,married_couple,2,F&B Eatery/Full-Service Restaurants,Car,Car
66027,54,Senior,67044,High,7_plus_person,family_single,1,F&B Eatery/Limited-Service Restaurants,Public_transport,Car
21823,55,Senior,22146,Low,4_person,married_couple,1,F&B Eatery/Full-Service Restaurants,Car,Walking
21514,59,Senior,0,Debt,2_person,family_single,0,F&B Eatery/Full-Service Restaurants,Public_transport,Walking
5912,26,Young Adult,17071,Low,2_person,married_couple,2,F&B Eatery/Full-Service Restaurants,Public_transport,Public_transport
46484,46,Middle Age,9091,Low,1_person,living_alone,0,F&B Eatery/Snack and Nonalcoholic Beverage Bars,Public_transport,Walking
24843,74,Elderly,13096,Low,1_person,living_alone,0,F&B Eatery/Full-Service Restaurants,Public_transport,Walking
63708,34,Adult,150282,Ultra High,1_person,living_alone,0,F&B Eatery/Drinking Places,Walking,Walking
13886,36,Adult,21092,Low,4_person,married_couple,2,F&B Eatery/Snack and Nonalcoholic Beverage Bars,Car,Car
57815,28,Young Adult,36100,Moderate,3_person,nonfamily_single,0,F&B Eatery/Limited-Service Restaurants,Walking,Walking
55279,31,Adult,79095,High,2_person,nonfamily_single,1,F&B Eatery/Special Food Services,Car,Car
38379,33,Adult,68549,High,3_person,married_couple,2,F&B Eatery/Limited-Service Restaurants,Car,Car
56428,26,Young Adult,47678,Moderate,2_person,nonfamily_single,1,F&B Eatery/Full-Service Restaurants,Car,Car
49098,28,Young Adult,1054,Low,3_person,nonfamily_single,1,F&B Eatery/Full-Service Restaurants,Public_transport,Walking
22891,26,Young Adult,65385,High,3_person,nonfamily_single,3_plus,F&B Eatery/Full-Service Restaurants,Public_transport,Car
25964,26,Young Adult,54023,Moderate,4_person,married_couple,2,F&B Eatery/Limited-Service Restaurants,Car,Car
64930,65,Elderly,101333,Very High,7_plus_person,family_single,2,F&B Eatery/Full-Service Restaurants,Car,Car
57440,30,Young Adult,0,Debt,3_person,married_couple,0,F&B Eatery/Full-Service Restaurants,Public_transport,Walking
59435,77,Elderly,0,Debt,1_person,living_alone,0,F&B Eatery/Snack and Nonalcoholic Beverage Bars,Public_transport,Walking
1379,42,Middle Age,97987,Very High,1_person,living_alone,1,F&B Eatery/Limited-Service Restaurants,Public_transport,Car
7689,37,Adult,58689,Moderate,2_person,married_couple,1,F&B Eatery/Full-Service Restaurants,Car,Car
3688,30,Young Adult,64406,High,2_person,family_single,1,F&B Eatery/Full-Service Restaurants,Car,Walking
28287,64,Elderly,11777,Low,2_person,family_single,1,F&B Eatery/Limited-Service Restaurants,Walking,Car
22258,22,Young Adult,35557,Moderate,7_plus_person,nonfamily_single,2,F&B Eatery/Snack and Nonalcoholic Beverage Bars,Car,Car
28067,32,Adult,42937,Moderate,1_person,living_alone,1,F&B Eatery/Full-Service Restaurants,Car,Car
53911,78,Elderly,2576,Low,2_person,married_couple,0,F&B Eatery/Full-Service Restaurants,Public_transport,Public_transport
61863,22,Young Adult,10314,Low,3_person,nonfamily_single,2,F&B Eatery/Full-Service Restaurants,Public_transport,Walking
10435,33,Adult,72201,High,2_person,nonfamily_single,0,F&B Eatery/Full-Service Restaurants,Walking,Walking
34413,58,Senior,1313,Low,1_person,living_alone,0,F&B Eatery/Full-Service Restaurants,Walking,Public_transport
15659,25,Young Adult,44352,Moderate,1_person,living_alone,0,F&B Eatery/Snack and Nonalcoholic Beverage Bars,Walking,Walking
36558,29,Young Adult,81035,High,3_person,family_single,1,F&B Eatery/Full-Service Restaurants,Car,Walking
41580,36,Adult,6188,Low,4_person,married_couple,1,F&B Eatery/Limited-Service Restaurants,Car,Public_transport
16182,31,Adult,19697,Low,2_person,nonfamily_single,0,F&B Eatery/Full-Service Restaurants,Walking,Walking
54951,30,Young Adult,51517,Moderate,2_person,nonfamily_single,1,F&B Eatery/Snack and Nonalcoholic Beverage Bars,Car,Car
652,37,Adult,92316,Very High,7_plus_person,married_couple,3_plus,F&B Eatery/Snack and Nonalcoholic Beverage Bars,Car,Public_transport
66708,29,Young Adult,49509,Moderate,2_person,married_couple,0,F&B Eatery/Full-Service Restaurants,Public_transport,Walking
54462,64,Elderly,112267,Very High,2_person,married_couple,1,F&B Eatery/Drinking Places,Public_transport,Car
44433,31,Adult,43218,Moderate,2_person,married_couple,1,F&B Eatery/Limited-Service Restaurants,Car,Car
24256,16,Teen,0,Debt,4_person,married_couple,1,F&B Eatery/Full-Service Restaurants,Public_transport,Public_transport
52835,20,Young Adult,72201,High,2_person,nonfamily_single,0,F&B Eatery/Limited-Service Restaurants,Walking,Walking
3621,47,Middle Age,94914,Very High,1_person,living_alone,1,F&B Eatery/Snack and Nonalcoholic Beverage Bars,Public_transport,Car
5328,55,Senior,108047,Very High,2_person,married_couple,1,F&B Eatery/Full-Service Restaurants,Car,Car
7219,28,Young Adult,30943,Moderate,5_person,married_couple,1,F&B Eatery/Full-Service Restaurants,Walking,Public_transport
65124,68,Elderly,22691,Low,2_person,married_couple,1,F&B Eatery/Full-Service Restaurants,Car,Car
56248,61,Elderly,0,Debt,2_person,married_couple,1,F&B Eatery/Snack and Nonalcoholic Beverage Bars,Car,Car
11162,57,Senior,40405,Moderate,5_person,married_couple,1,F&B Eatery/Snack and Nonalcoholic Beverage Bars,Car,Car
12,25,Young Adult,21516,Low,3_person,family_single,0,F&B Eatery/Snack and Nonalcoholic Beverage Bars,Public_transport,Walking
6152,61,Elderly,0,Debt,5_person,married_couple,2,F&B Eatery/Drinking Places,Public_transport,Car
11663,31,Adult,52730,Moderate,4_person,married_couple,1,F&B Eatery/Snack and Nonalcoholic Beverage Bars,Walking,Public_transport
2810,33,Adult,17717,Low,6_person,family_single,0,F&B Eatery/Full-Service Restaurants,Public_transport,Public_transport
26902,24,Young Adult,36497,Moderate,2_person,married_couple,0,F&B Eatery/Full-Service Restaurants,Car,Walking
66780,30,Young Adult,75760,High,3_person,married_couple,3_plus,F&B Eatery/Full-Service Restaurants,Public_transport,Car
35457,49,Middle Age,8990,Low,7_plus_person,married_couple,1,F&B Eatery/Full-Service Restaurants,Walking,Car
11161,30,Young Adult,64828,High,2_person,nonfamily_single,0,F&B Eatery/Snack and Nonalcoholic Beverage Bars,Car,Walking
46246,41,Middle Age,154183,Ultra High,4_person,married_couple,2,F&B Eatery/Limited-Service Restaurants,Public_transport,Car
59554,59,Senior,11600,Low,1_person,living_alone,1,F&B Eatery/Snack and Nonalcoholic Beverage Bars,Walking,Car
61490,29,Young Adult,86745,High,3_person,nonfamily_single,2,F&B Eatery/Full-Service Restaurants,Public_transport,Walking
45384,21,Young Adult,42937,Moderate,4_person,nonfamily_single,0,F&B Eatery/Limited-Service Restaurants,Walking,Walking
42626,26,Young Adult,0,Debt,3_person,nonfamily_single,0,F&B Eatery/Full-Service Restaurants,Walking,Walking
30628,31,Adult,0,Debt,3_person,married_couple,1,F&B Eatery/Full-Service Restaurants,Car,Car
44563,65,Elderly,606143,Ultra High,1_person,living_alone,1,F&B Eatery/Full-Service Restaurants,Car,Car
57630,69,Elderly,77358,High,3_person,married_couple,2,F&B Eatery/Full-Service Restaurants,Car,Car
12363,62,Elderly,19988,Low,2_person,married_couple,1,F&B Eatery/Full-Service Restaurants,Car,Car
15222,19,Young Adult,0,Debt,2_person,family_single,0,F&B Eatery/Limited-Service Restaurants,Walking,Walking
52068,67,Elderly,105055,Very High,4_person,married_couple,1,F&B Eatery/Limited-Service Restaurants,Car,Car
51310,27,Young Adult,92933,Very High,1_person,living_alone,1,F&B Eatery/Full-Service Restaurants,Car,Car
1506,71,Elderly,32060,Moderate,1_person,living_alone,1,F&B Eatery/Limited-Service Restaurants,Car,Car
37134,63,Elderly,8889,Low,7_plus_person,family_single,1,F&B Eatery/Full-Service Restaurants,Car,Car
43356,73,Elderly,22485,Low,3_person,married_couple,1,F&B Eatery/Full-Service Restaurants,Walking,Car
29047,64,Elderly,68069,High,2_person,family_single,2,F&B Eatery/Full-Service Restaurants,Car,Car
47160,65,Elderly,8889,Low,7_plus_person,nonfamily_single,0,F&B Eatery/Full-Service Restaurants,Walking,Public_transport
34898,86,Elderly,10520,Low,1_person,living_alone,0,F&B Eatery/Snack and Nonalcoholic Beverage Bars,Public_transport,Walking
57715,21,Young Adult,0,Debt,4_person,nonfamily_single,0,F&B Eatery/Snack and Nonalcoholic Beverage Bars,Walking,Walking
34416,52,Senior,25786,Low,2_person,married_couple,1,F&B Eatery/Snack and Nonalcoholic Beverage Bars,Public_transport,Car
21274,46,Middle Age,188927,Ultra High,2_person,nonfamily_single,1,F&B Eatery/Full-Service Restaurants,Public_transport,Car
15928,82,Elderly,21683,Low,2_person,family_single,0,F&B Eatery/Full-Service Restaurants,Public_transport,Walking
49882,57,Senior,3133,Low,3_person,nonfamily_single,0,F&B Eatery/Snack and Nonalcoholic Beverage Bars,Public_transport,Public_transport
6766,57,Senior,14478,Low,4_person,married_couple,0,F&B Eatery/Full-Service Restaurants,Walking,Public_transport
38374,54,Senior,0,Debt,3_person,married_couple,2,F&B Eatery/Full-Service Restaurants,Car,Car
36912,23,Young Adult,60113,High,2_person,nonfamily_single,0,F&B Eatery/Special Food Services,Walking,Walking
40969,49,Middle Age,0,Debt,4_person,married_couple,2,F&B Eatery/Full-Service Restaurants,Public_transport,Car
6722,29,Young Adult,36911,Moderate,2_person,nonfamily_single,1,F&B Eatery/Snack and Nonalcoholic Beverage Bars,Public_transport,Car
47598,22,Young Adult,0,Debt,3_person,nonfamily_single,1,F&B Eatery/Snack and Nonalcoholic Beverage Bars,Walking,Walking
42705,47,Middle Age,16207,Low,3_person,family_single,3_plus,F&B Eatery/Full-Service Restaurants,Public_transport,Car
46371,65,Elderly,9918,Low,1_person,living_alone,0,F&B Eatery/Limited-Service Restaurants,Walking,Walking
66286,52,Senior,124449,Ultra High,5_person,married_couple,3_plus,F&B Eatery/Full-Service Restaurants,Walking,Public_transport
45365,46,Middle Age,173954,Ultra High,2_person,family_single,1,F&B Eatery/Limited-Service Restaurants,Car,Car
21605,26,Young Adult,270117,Ultra High,2_person,nonfamily_single,1,F&B Eatery/Snack and Nonalcoholic Beverage Bars,Walking,Walking
19093,73,Elderly,8889,Low,7_plus_person,nonfamily_single,0,F&B Eatery/Snack and Nonalcoholic Beverage Bars,Public_transport,Public_transport
58107,69,Elderly,15253,Low,2_person,married_couple,1,F&B Eatery/Full-Service Restaurants,Public_transport,Car
22286,29,Young Adult,70710,High,2_person,family_single,0,F&B Eatery/Limited-Service Restaurants,Walking,Walking
63299,25,Young Adult,131551,Ultra High,2_person,nonfamily_single,1,F&B Eatery/Full-Service Restaurants,Public_transport,Walking
14963,78,Elderly,46971,Moderate,2_person,married_couple,1,F&B Eatery/Full-Service Restaurants,Walking,Car
20460,31,Adult,43474,Moderate,2_person,nonfamily_single,1,F&B Eatery/Full-Service Restaurants,Car,Car
5295,27,Young Adult,0,Debt,2_person,married_couple,0,F&B Eatery/Full-Service Restaurants,Public_transport,Walking
66243,32,Adult,58885,Moderate,2_person,nonfamily_single,2,F&B Eatery/Full-Service Restaurants,Car,Car
34311,34,Adult,0,Debt,2_person,family_single,1,F&B Eatery/Limited-Service Restaurants,Car,Public_transport
12120,23,Young Adult,30056,Moderate,3_person,married_couple,2,F&B Eatery/Snack and Nonalcoholic Beverage Bars,Walking,Car
19510,23,Young Adult,4125,Low,5_person,nonfamily_single,1,F&B Eatery/Full-Service Restaurants,Walking,Car
50308,32,Adult,261964,Ultra High,1_person,living_alone,1,F&B Eatery/Full-Service Restaurants,Walking,Car
3414,70,Elderly,9124,Low,2_person,nonfamily_single,1,F&B Eatery/Snack and Nonalcoholic Beverage Bars,Car,Car
47928,35,Adult,82516,High,3_person,nonfamily_single,2,F&B Eatery/Drinking Places,Walking,Car
22369,32,Adult,64406,High,2_person,nonfamily_single,2,F&B Eatery/Full-Service Restaurants,Car,Car
14408,35,Adult,164805,Ultra High,2_person,married_couple,1,F&B Eatery/Full-Service Restaurants,Walking,Car
47661,26,Young Adult,50621,Moderate,3_person,nonfamily_single,1,F&B Eatery/Full-Service Restaurants,Car,Car
32583,33,Adult,18566,Low,2_person,family_single,0,F&B Eatery/Full-Service Restaurants,Walking,Public_transport
32800,20,Young Adult,0,Debt,5_person,married_couple,1,F&B Eatery/Snack and Nonalcoholic Beverage Bars,Car,Public_transport
7187,72,Elderly,85862,High,7_plus_person,married_couple,1,F&B Eatery/Limited-Service Restaurants,Car,Car
65737,54,Senior,9768,Low,1_person,living_alone,0,F&B Eatery/Snack and Nonalcoholic Beverage Bars,Public_transport,Public_transport
27713,21,Young Adult,0,Debt,3_person,family_single,0,F&B Eatery/Full-Service Restaurants,Walking,Walking
46930,40,Adult,0,Debt,3_person,married_couple,1,F&B Eatery/Limited-Service Restaurants,Public_transport,Car
42296,54,Senior,11593,Low,1_person,living_alone,0,F&B Eatery/Full-Service Restaurants,Public_transport,Public_transport
61125,56,Senior,51572,Moderate,5_person,married_couple,1,F&B Eatery/Full-Service Restaurants,Walking,Car
12213,30,Young Adult,106065,Very High,2_person,married_couple,1,F&B Eatery/Full-Service Restaurants,Car,Walking
60600,34,Adult,207079,Ultra High,4_person,married_couple,1,F&B Eatery/Full-Service Restaurants,Public_transport,Public_transport
22684,88,Elderly,9491,Low,2_person,married_couple,1,F&B Eatery/Snack and Nonalcoholic Beverage Bars,Car,Car
50762,28,Young Adult,1054,Low,3_person,nonfamily_single,1,F&B Eatery/Full-Service Restaurants,Walking,Walking
17323,28,Young Adult,0,Debt,3_person,married_couple,0,F&B Eatery/Limited-Service Restaurants,Walking,Walking
18680,81,Elderly,23104,Low,7_plus_person,married_couple,1,F&B Eatery/Limited-Service Restaurants,Car,Car
53175,19,Young Adult,0,Debt,4_person,married_couple,1,F&B Eatery/Snack and Nonalcoholic Beverage Bars,Walking,Car
17325,53,Senior,19536,Low,3_person,married_couple,1,F&B Eatery/Limited-Service Restaurants,Walking,Car
30783,62,Elderly,9446,Low,1_person,living_alone,1,F&B Eatery/Drinking Places,Public_transport,Car
8749,79,Elderly,7323,Low,2_person,married_couple,0,F&B Eatery/Full-Service Restaurants,Walking,Public_transport
33513,50,Middle Age,20835,Low,7_plus_person,married_couple,3_plus,F&B Eatery/Full-Service Restaurants,Public_transport,Car
4083,30,Young Adult,97242,Very High,4_person,married_couple,1,F&B Eatery/Drinking Places,Walking,Walking
21774,49,Middle Age,0,Debt,1_person,living_alone,0,F&B Eatery/Full-Service Restaurants,Public_transport,Walking
27846,57,Senior,126044,Ultra High,2_person,married_couple,1,F&B Eatery/Drinking Places,Car,Car
21966,73,Elderly,11139,Low,4_person,family_single,1,F&B Eatery/Limited-Service Restaurants,Car,Car
35645,20,Young Adult,24150,Low,4_person,married_couple,1,F&B Eatery/Full-Service Restaurants,Public_transport,Public_transport
60295,73,Elderly,56737,Moderate,1_person,living_alone,1,F&B Eatery/Snack and Nonalcoholic Beverage Bars,Car,Car
53853,32,Adult,93789,Very High,2_person,nonfamily_single,0,F&B Eatery/Drinking Places,Car,Walking
42701,73,Elderly,8909,Low,4_person,married_couple,3_plus,F&B Eatery/Limited-Service Restaurants,Car,Car
62408,33,Adult,0,Debt,4_person,married_couple,2,F&B Eatery/Full-Service Restaurants,Car,Car
2651,29,Young Adult,0,Debt,3_person,nonfamily_single,2,F&B Eatery/Snack and Nonalcoholic Beverage Bars,Car,Walking
38142,83,Elderly,7779,Low,3_person,married_couple,1,F&B Eatery/Snack and Nonalcoholic Beverage Bars,Car,Car
21329,30,Young Adult,158190,Ultra High,2_person,married_couple,1,F&B Eatery/Drinking Places,Public_transport,Walking
22030,31,Adult,73471,High,3_person,married_couple,2,F&B Eatery/Limited-Service Restaurants,Walking,Car
11595,21,Young Adult,2701,Low,5_person,nonfamily_single,0,F&B Eatery/Limited-Service Restaurants,Walking,Walking
18205,42,Middle Age,27909,Low,4_person,married_couple,0,F&B Eatery/Full-Service Restaurants,Public_transport,Public_transport
1312,66,Elderly,51572,Moderate,3_person,family_single,2,F&B Eatery/Full-Service Restaurants,Car,Car
560,58,Senior,144403,Ultra High,3_person,married_couple,2,F&B Eatery/Snack and Nonalcoholic Beverage Bars,Car,Car
7146,27,Young Adult,12583,Low,4_person,nonfamily_single,0,F&B Eatery/Full-Service Restaurants,Public_transport,Walking
33725,27,Young Adult,61618,High,2_person,nonfamily_single,0,F&B Eatery/Full-Service Restaurants,Public_transport,Walking
34878,80,Elderly,329105,Ultra High,7_plus_person,married_couple,1,F&B Eatery/Snack and Nonalcoholic Beverage Bars,Car,Car
51376,77,Elderly,42246,Moderate,2_person,married_couple,2,F&B Eatery/Snack and Nonalcoholic Beverage Bars,Car,Car
37876,43,Middle Age,129764,Ultra High,2_person,married_couple,2,F&B Eatery/Limited-Service Restaurants,Public_transport,Car
39994,34,Adult,150282,Ultra High,1_person,living_alone,0,F&B Eatery/Drinking Places,Walking,Walking
40399,27,Young Adult,116006,Very High,3_person,nonfamily_single,1,F&B Eatery/Full-Service Restaurants,Walking,Car
31759,62,Elderly,0,Debt,2_person,married_couple,2,F&B Eatery/Full-Service Restaurants,Car,Car
5387,68,Elderly,24135,Low,2_person,family_single,2,F&B Eatery/Full-Service Restaurants,Car,Car
9852,53,Senior,9293,Low,2_person,nonfamily_single,1,F&B Eatery/Full-Service Restaurants,Car,Car
66676,23,Young Adult,1753,Low,5_person,nonfamily_single,2,F&B Eatery/Limited-Service Restaurants,Car,Car
43271,61,Elderly,11593,Low,1_person,living_alone,0,F&B Eatery/Drinking Places,Walking,Walking
56142,24,Young Adult,0,Debt,3_person,family_single,1,F&B Eatery/Full-Service Restaurants,Public_transport,Walking
13535,38,Adult,32203,Moderate,1_person,living_alone,1,F&B Eatery/Full-Service Restaurants,Public_transport,Car
43728,80,Elderly,5062,Low,3_person,married_couple,2,F&B Eatery/Limited-Service Restaurants,Car,Car
59479,37,Adult,0,Debt,3_person,married_couple,1,F&B Eatery/Drinking Places,Car,Car
41615,81,Elderly,25416,Low,1_person,living_alone,1,F&B Eatery/Limited-Service Restaurants,Car,Car
45679,25,Young Adult,16207,Low,4_person,family_single,2,F&B Eatery/Full-Service Restaurants,Walking,Public_transport
36142,35,Adult,31638,Moderate,2_person,family_single,1,F&B Eatery/Full-Service Restaurants,Walking,Car
63204,76,Elderly,164000,Ultra High,7_plus_person,married_couple,1,F&B Eatery/Snack and Nonalcoholic Beverage Bars,Car,Car
11197,84,Elderly,73437,High,2_person,married_couple,1,F&B Eatery/Snack and Nonalcoholic Beverage Bars,Car,Car
56688,28,Young Adult,81035,High,2_person,nonfamily_single,2,F&B Eatery/Drinking Places,Walking,Walking
50621,21,Young Adult,0,Debt,6_person,nonfamily_single,3_plus,F&B Eatery/Full-Service Restaurants,Car,Public_transport
10391,39,Adult,0,Debt,2_person,married_couple,1,F&B Eatery/Drinking Places,Walking,Car
19344,54,Senior,639500,Ultra High,3_person,married_couple,1,F&B Eatery/Limited-Service Restaurants,Walking,Car
37408,57,Senior,82516,High,2_person,married_couple,0,F&B Eatery/Limited-Service Restaurants,Car,Public_transport
35167,31,Adult,42138,Moderate,3_person,married_couple,1,F&B Eatery/Limited-Service Restaurants,Car,Car
7310,71,Elderly,74666,High,2_person,married_couple,0,F&B Eatery/Snack and Nonalcoholic Beverage Bars,Car,Public_transport
54639,29,Young Adult,58003,Moderate,2_person,nonfamily_single,1,F&B Eatery/Special Food Services,Public_transport,Car
17276,73,Elderly,0,Debt,1_person,living_alone,0,F&B Eatery/Limited-Service Restaurants,Public_transport,Walking
41101,20,Young Adult,0,Debt,2_person,nonfamily_single,0,F&B Eatery/Full-Service Restaurants,Walking,Walking
44768,72,Elderly,32181,Moderate,2_person,nonfamily_single,1,F&B Eatery/Limited-Service Restaurants,Car,Car
46792,32,Adult,137098,Ultra High,2_person,nonfamily_single,0,F&B Eatery/Snack and Nonalcoholic Beverage Bars,Public_transport,Walking
7737,30,Young Adult,70230,High,2_person,nonfamily_single,1,F&B Eatery/Snack and Nonalcoholic Beverage Bars,Walking,Walking
25557,29,Young Adult,15288,Low,1_person,living_alone,1,F&B Eatery/Full-Service Restaurants,Car,Walking
9597,30,Young Adult,96610,Very High,3_person,married_couple,1,F&B Eatery/Snack and Nonalcoholic Beverage Bars,Walking,Walking
36617,65,Elderly,1010,Low,1_person,living_alone,1,F&B Eatery/Full-Service Restaurants,Car,Car
35393,29,Young Adult,32203,Moderate,4_person,nonfamily_single,1,F&B Eatery/Full-Service Restaurants,Walking,Car
33012,28,Young Adult,21468,Low,3_person,nonfamily_single,1,F&B Eatery/Snack and Nonalcoholic Beverage Bars,Public_transport,Walking
11340,27,Young Adult,56184,Moderate,2_person,nonfamily_single,1,F&B Eatery/Limited-Service Restaurants,Walking,Car
52300,49,Middle Age,17389,Low,1_person,living_alone,0,F&B Eatery/Snack and Nonalcoholic Beverage Bars,Walking,Walking
30418,44,Middle Age,25282,Low,4_person,family_single,2,F&B Eatery/Full-Service Restaurants,Public_transport,Public_transport
30807,77,Elderly,39442,Moderate,2_person,married_couple,2,F&B Eatery/Snack and Nonalcoholic Beverage Bars,Car,Car
3346,26,Young Adult,56729,Moderate,6_person,nonfamily_single,0,F&B Eatery/Full-Service Restaurants,Walking,Walking
19257,35,Adult,103184,Very High,3_person,family_single,1,F&B Eatery/Snack and Nonalcoholic Beverage Bars,Walking,Car
15835,25,Young Adult,42937,Moderate,1_person,living_alone,0,F&B Eatery/Drinking Places,Walking,Walking
65730,49,Middle Age,44947,Moderate,6_person,married_couple,3_plus,F&B Eatery/Snack and Nonalcoholic Beverage Bars,Car,Car
41065,40,Adult,43436,Moderate,4_person,married_couple,2,F&B Eatery/Limited-Service Restaurants,Car,Public_transport
28261,30,Young Adult,84368,High,2_person,married_couple,0,F&B Eatery/Drinking Places,Walking,Public_transport
55705,39,Adult,58588,Moderate,2_person,nonfamily_single,2,F&B Eatery/Snack and Nonalcoholic Beverage Bars,Public_transport,Car
8959,18,Teen,17935,Low,5_person,married_couple,3_plus,F&B Eatery/Snack and Nonalcoholic Beverage Bars,Car,Walking
49228,38,Adult,113459,Very High,2_person,nonfamily_single,0,F&B Eatery/Limited-Service Restaurants,Walking,Walking
32584,22,Young Adult,52730,Moderate,1_person,living_alone,0,F&B Eatery/Snack and Nonalcoholic Beverage Bars,Public_transport,Walking
19971,42,Middle Age,90913,Very High,1_person,living_alone,0,F&B Eatery/Full-Service Restaurants,Public_transport,Public_transport
60864,55,Senior,16207,Low,2_person,nonfamily_single,0,F&B Eatery/Limited-Service Restaurants,Public_transport,Public_transport
61485,35,Adult,10804,Low,7_plus_person,married_couple,0,F&B Eatery/Snack and Nonalcoholic Beverage Bars,Public_transport,Public_transport
28876,23,Young Adult,36278,Moderate,4_person,nonfamily_single,0,F&B Eatery/Full-Service Restaurants,Walking,Walking
23178,21,Young Adult,0,Debt,2_person,nonfamily_single,0,F&B Eatery/Full-Service Restaurants,Walking,Walking
39419,21,Young Adult,64828,High,2_person,family_single,1,F&B Eatery/Full-Service Restaurants,Walking,Walking
4947,67,Elderly,113459,Very High,1_person,living_alone,1,F&B Eatery/Drinking Places,Public_transport,Car
8627,30,Young Adult,75760,High,2_person,nonfamily_single,1,F&B Eatery/Full-Service Restaurants,Car,Walking
43220,25,Young Adult,78415,High,2_person,nonfamily_single,1,F&B Eatery/Full-Service Restaurants,Walking,Walking
16218,65,Elderly,124254,Ultra High,2_person,nonfamily_single,1,F&B Eatery/Full-Service Restaurants,Car,Car
9967,28,Young Adult,56948,Moderate,2_person,family_single,0,F&B Eatery/Full-Service Restaurants,Walking,Walking
56158,31,Adult,19697,Low,2_person,nonfamily_single,0,F&B Eatery/Snack and Nonalcoholic Beverage Bars,Public_transport,Walking
60318,52,Senior,80508,High,2_person,family_single,0,F&B Eatery/Snack and Nonalcoholic Beverage Bars,Public_transport,Public_transport
93,18,Teen,0,Debt,3_person,family_single,1,F&B Eatery/Limited-Service Restaurants,Walking,Walking
21550,35,Adult,0,Debt,6_person,family_single,1,F&B Eatery/Limited-Service Restaurants,Public_transport,Car
50021,23,Young Adult,7192,Low,7_plus_person,family_single,1,F&B Eatery/Full-Service Restaurants,Car,Walking
28583,69,Elderly,17295,Low,3_person,family_single,2,F&B Eatery/Snack and Nonalcoholic Beverage Bars,Car,Car
51883,73,Elderly,101564,Very High,2_person,married_couple,1,F&B Eatery/Full-Service Restaurants,Car,Car
28314,28,Young Adult,56892,Moderate,1_person,living_alone,0,F&B Eatery/Snack and Nonalcoholic Beverage Bars,Walking,Walking
39939,38,Adult,84368,High,2_person,married_couple,1,F&B Eatery/Drinking Places,Walking,Car
6791,59,Senior,47231,Moderate,1_person,living_alone,1,F&B Eatery/Special Food Services,Car,Car
41907,38,Adult,52726,Moderate,3_person,family_single,3_plus,F&B Eatery/Full-Service Restaurants,Car,Car
53962,75,Elderly,479625,Ultra High,1_person,living_alone,1,F&B Eatery/Special Food Services,Car,Car
27757,40,Adult,627753,Ultra High,2_person,nonfamily_single,1,F&B Eatery/Snack and Nonalcoholic Beverage Bars,Car,Car
52910,85,Elderly,3585,Low,2_person,married_couple,1,F&B Eatery/Drinking Places,Car,Car
67276,64,Elderly,45084,Moderate,1_person,living_alone,3_plus,F&B Eatery/Limited-Service Restaurants,Public_transport,Car
51490,60,Senior,0,Debt,2_person,married_couple,2,F&B Eatery/Full-Service Restaurants,Car,Car
57020,63,Elderly,0,Debt,5_person,married_couple,3_plus,F&B Eatery/Full-Service Restaurants,Car,Car
13450,60,Senior,129500,Ultra High,1_person,living_alone,1,F&B Eatery/Drinking Places,Public_transport,Car
62422,95,Elderly,10124,Low,1_person,living_alone,0,F&B Eatery/Snack and Nonalcoholic Beverage Bars,Walking,Walking
40612,73,Elderly,0,Debt,3_person,family_single,0,F&B Eatery/Full-Service Restaurants,Walking,Walking
16331,64,Elderly,1501,Low,2_person,nonfamily_single,2,F&B Eatery/Full-Service Restaurants,Car,Car
58873,61,Elderly,48478,Moderate,1_person,living_alone,1,F&B Eatery/Full-Service Restaurants,Car,Car
1885,34,Adult,60608,High,2_person,married_couple,0,F&B Eatery/Full-Service Restaurants,Car,Public_transport
64691,56,Senior,0,Debt,2_person,married_couple,3_plus,F&B Eatery/Full-Service Restaurants,Car,Car
59786,63,Elderly,0,Debt,6_person,married_couple,1,F&B Eatery/Limited-Service Restaurants,Public_transport,Car
12786,57,Senior,53672,Moderate,4_person,married_couple,1,F&B Eatery/Snack and Nonalcoholic Beverage Bars,Car,Public_transport
5773,49,Middle Age,0,Debt,2_person,nonfamily_single,2,F&B Eatery/Drinking Places,Car,Public_transport
56028,71,Elderly,171014,Ultra High,1_person,living_alone,0,F&B Eatery/Full-Service Restaurants,Walking,Public_transport
20707,73,Elderly,27802,Low,1_person,living_alone,1,F&B Eatery/Limited-Service Restaurants,Car,Car
30160,42,Middle Age,10804,Low,3_person,family_single,1,F&B Eatery/Full-Service Restaurants,Car,Car
40958,31,Adult,113897,Very High,2_person,nonfamily_single,2,F&B Eatery/Snack and Nonalcoholic Beverage Bars,Car,Car
57096,42,Middle Age,39395,Moderate,3_person,family_single,1,F&B Eatery/Full-Service Restaurants,Public_transport,Car
2,44,Middle Age,26817,Low,3_person,married_couple,2,F&B Eatery/Full-Service Restaurants,Walking,Car
54407,24,Young Adult,51862,Moderate,3_person,nonfamily_single,0,F&B Eatery/Snack and Nonalcoholic Beverage Bars,Public_transport,Walking
16091,39,Adult,203955,Ultra High,3_person,married_couple,1,F&B Eatery/Full-Service Restaurants,Public_transport,Car
2759,62,Elderly,26786,Low,2_person,family_single,1,F&B Eatery/Drinking Places,Car,Car
62301,29,Young Adult,21697,Low,4_person,family_single,0,F&B Eatery/Full-Service Restaurants,Public_transport,Walking
56487,25,Young Adult,45084,Moderate,2_person,nonfamily_single,0,F&B Eatery/Full-Service Restaurants,Walking,Walking
44990,37,Adult,61887,High,4_person,married_couple,2,F&B Eatery/Full-Service Restaurants,Car,Car
27928,27,Young Adult,33813,Moderate,4_person,married_couple,1,F&B Eatery/Full-Service Restaurants,Public_transport,Walking
26013,43,Middle Age,40075,Moderate,6_person,married_couple,1,F&B Eatery/Full-Service Restaurants,Car,Public_transport
9425,49,Middle Age,8990,Low,7_plus_person,married_couple,1,F&B Eatery/Full-Service Restaurants,Car,Car
27775,41,Middle Age,103464,Very High,4_person,married_couple,1,F&B Eatery/Full-Service Restaurants,Public_transport,Car
65937,38,Adult,181523,Ultra High,1_person,living_alone,1,F&B Eatery/Full-Service Restaurants,Public_transport,Car
40617,60,Senior,0,Debt,3_person,nonfamily_single,1,F&B Eatery/Snack and Nonalcoholic Beverage Bars,Car,Car
3175,26,Young Adult,61887,High,2_person,nonfamily_single,1,F&B Eatery/Full-Service Restaurants,Walking,Walking
26425,47,Middle Age,121217,Ultra High,7_plus_person,married_couple,1,F&B Eatery/Full-Service Restaurants,Public_transport,Walking
11294,22,Young Adult,0,Debt,4_person,nonfamily_single,0,F&B Eatery/Snack and Nonalcoholic Beverage Bars,Walking,Walking
48437,33,Adult,74264,High,1_person,living_alone,1,F&B Eatery/Snack and Nonalcoholic Beverage Bars,Walking,Car
16304,29,Young Adult,52,Low,3_person,family_single,0,F&B Eatery/Limited-Service Restaurants,Public_transport,Walking
35233,70,Elderly,0,Debt,5_person,family_single,2,F&B Eatery/Full-Service Restaurants,Walking,Car
63165,41,Middle Age,20202,Low,3_person,married_couple,1,F&B Eatery/Limited-Service Restaurants,Car,Car
30958,21,Young Adult,0,Debt,3_person,nonfamily_single,0,F&B Eatery/Limited-Service Restaurants,Walking,Walking
54545,27,Young Adult,73740,High,2_person,nonfamily_single,1,F&B Eatery/Limited-Service Restaurants,Public_transport,Walking
54556,25,Young Adult,41057,Moderate,2_person,married_couple,0,F&B Eatery/Snack and Nonalcoholic Beverage Bars,Car,Walking
14274,69,Elderly,9491,Low,1_person,living_alone,0,F&B Eatery/Limited-Service Restaurants,Public_transport,Walking
7848,82,Elderly,299599,Ultra High,1_person,living_alone,1,F&B Eatery/Full-Service Restaurants,Car,Car
48380,45,Middle Age,361008,Ultra High,2_person,married_couple,2,F&B Eatery/Full-Service Restaurants,Walking,Car
42314,27,Young Adult,7514,Low,2_person,married_couple,0,F&B Eatery/Limited-Service Restaurants,Public_transport,Public_transport
25025,57,Senior,41864,Moderate,5_person,married_couple,2,F&B Eatery/Limited-Service Restaurants,Car,Car
66001,79,Elderly,18982,Low,2_person,married_couple,1,F&B Eatery/Full-Service Restaurants,Car,Car
2511,37,Adult,77288,High,1_person,living_alone,1,F&B Eatery/Drinking Places,Car,Car
15248,41,Middle Age,67044,High,7_plus_person,family_single,2,F&B Eatery/Full-Service Restaurants,Car,Public_transport
61936,61,Elderly,0,Debt,2_person,nonfamily_single,0,F&B Eatery/Full-Service Restaurants,Public_transport,Walking
4491,29,Young Adult,7426,Low,2_person,nonfamily_single,0,F&B Eatery/Drinking Places,Walking,Walking
36389,28,Young Adult,77358,High,2_person,nonfamily_single,1,F&B Eatery/Drinking Places,Car,Walking
2317,25,Young Adult,51572,Moderate,2_person,nonfamily_single,1,F&B Eatery/Full-Service Restaurants,Car,Car
7086,22,Young Adult,3163,Low,6_person,nonfamily_single,0,F&B Eatery/Limited-Service Restaurants,Walking,Walking
18569,46,Middle Age,233078,Ultra High,3_person,family_single,1,F&B Eatery/Full-Service Restaurants,Car,Car
37245,30,Young Adult,45348,Moderate,3_person,family_single,0,F&B Eatery/Limited-Service Restaurants,Walking,Walking
10082,41,Middle Age,122742,Ultra High,4_person,married_couple,2,F&B Eatery/Snack and Nonalcoholic Beverage Bars,Car,Car
1155,42,Middle Age,48305,Moderate,3_person,family_single,1,F&B Eatery/Limited-Service Restaurants,Car,Car
2486,40,Adult,76771,High,3_person,married_couple,1,F&B Eatery/Full-Service Restaurants,Walking,Car
16713,28,Young Adult,74367,High,2_person,nonfamily_single,2,F&B Eatery/Limited-Service Restaurants,Car,Walking
57682,19,Young Adult,0,Debt,3_person,nonfamily_single,0,F&B Eatery/Limited-Service Restaurants,Walking,Walking
26728,60,Senior,0,Debt,7_plus_person,married_couple,2,F&B Eatery/Full-Service Restaurants,Car,Walking
22948,81,Elderly,273353,Ultra High,2_person,married_couple,0,F&B Eatery/Drinking Places,Car,Public_transport
35995,26,Young Adult,41258,Moderate,3_person,nonfamily_single,2,F&B Eatery/Snack and Nonalcoholic Beverage Bars,Walking,Car
55673,28,Young Adult,41258,Moderate,3_person,nonfamily_single,2,F&B Eatery/Full-Service Restaurants,Walking,Car
47783,60,Senior,22473,Low,2_person,married_couple,2,F&B Eatery/Limited-Service Restaurants,Public_transport,Car
19381,86,Elderly,42508,Moderate,2_person,married_couple,2,F&B Eatery/Snack and Nonalcoholic Beverage Bars,Car,Car
19551,23,Young Adult,24754,Low,3_person,nonfamily_single,1,F&B Eatery/Full-Service Restaurants,Public_transport,Walking
13541,33,Adult,73233,High,3_person,family_single,1,F&B Eatery/Limited-Service Restaurants,Public_transport,Car
60025,43,Middle Age,63487,High,2_person,married_couple,2,F&B Eatery/Drinking Places,Public_transport,Car
4392,38,Adult,59057,Moderate,3_person,family_single,1,F&B Eatery/Drinking Places,Walking,Car
60029,20,Young Adult,8436,Low,3_person,married_couple,2,F&B Eatery/Snack and Nonalcoholic Beverage Bars,Car,Public_transport
59022,28,Young Adult,139548,Ultra High,2_person,nonfamily_single,2,F&B Eatery/Snack and Nonalcoholic Beverage Bars,Walking,Car
55989,51,Senior,52527,Moderate,2_person,family_single,1,F&B Eatery/Limited-Service Restaurants,Car,Car
18847,75,Elderly,268502,Ultra High,1_person,living_alone,1,F&B Eatery/Full-Service Restaurants,Car,Car
56922,73,Elderly,9283,Low,6_person,married_couple,2,F&B Eatery/Full-Service Restaurants,Car,Car
19230,59,Senior,1296,Low,2_person,family_single,2,F&B Eatery/Full-Service Restaurants,Car,Car
8872,64,Elderly,143426,Ultra High,2_person,married_couple,1,F&B Eatery/Limited-Service Restaurants,Car,Car
23970,33,Adult,49497,Moderate,2_person,nonfamily_single,1,F&B Eatery/Snack and Nonalcoholic Beverage Bars,Walking,Car
8859,42,Middle Age,6395,Low,3_person,married_couple,1,F&B Eatery/Full-Service Restaurants,Walking,Car
32328,24,Young Adult,61167,High,3_person,nonfamily_single,1,F&B Eatery/Limited-Service Restaurants,Walking,Walking
34959,58,Senior,25786,Low,2_person,nonfamily_single,2,F&B Eatery/Limited-Service Restaurants,Car,Car
9921,69,Elderly,0,Debt,4_person,family_single,2,F&B Eatery/Drinking Places,Car,Car
40769,56,Senior,39977,Moderate,3_person,family_single,2,F&B Eatery/Full-Service Restaurants,Car,Car
45784,39,Adult,19192,Low,5_person,family_single,1,F&B Eatery/Snack and Nonalcoholic Beverage Bars,Public_transport,Car
6668,29,Young Adult,26365,Low,2_person,nonfamily_single,0,F&B Eatery/Full-Service Restaurants,Public_transport,Walking
13358,78,Elderly,9724,Low,2_person,family_single,0,F&B Eatery/Limited-Service Restaurants,Walking,Walking
18454,38,Adult,31638,Moderate,4_person,married_couple,1,F&B Eatery/Full-Service Restaurants,Walking,Public_transport
40931,51,Senior,16135,Low,1_person,living_alone,1,F&B Eatery/Full-Service Restaurants,Car,Car
49832,70,Elderly,330317,Ultra High,7_plus_person,married_couple,1,F&B Eatery/Full-Service Restaurants,Public_transport,Car
23977,29,Young Adult,158190,Ultra High,4_person,nonfamily_single,1,F&B Eatery/Full-Service Restaurants,Walking,Public_transport
22686,29,Young Adult,83842,High,2_person,nonfamily_single,0,F&B Eatery/Limited-Service Restaurants,Walking,Walking
12818,21,Young Adult,0,Debt,2_person,nonfamily_single,0,F&B Eatery/Full-Service Restaurants,Walking,Walking
52568,40,Adult,194294,Ultra High,5_person,married_couple,2,F&B Eatery/Full-Service Restaurants,Car,Walking
38677,30,Young Adult,61618,High,3_person,nonfamily_single,1,F&B Eatery/Full-Service Restaurants,Public_transport,Walking
56261,39,Adult,83313,High,3_person,married_couple,2,F&B Eatery/Full-Service Restaurants,Car,Car
31385,34,Adult,72201,High,1_person,living_alone,1,F&B Eatery/Snack and Nonalcoholic Beverage Bars,Walking,Car
34502,78,Elderly,0,Debt,2_person,married_couple,1,F&B Eatery/Limited-Service Restaurants,Car,Car
38015,64,Elderly,55428,Moderate,1_person,living_alone,1,F&B Eatery/Limited-Service Restaurants,Car,Car
50250,40,Adult,97987,Very High,4_person,married_couple,2,F&B Eatery/Drinking Places,Car,Car
57554,34,Adult,71215,High,2_person,married_couple,1,F&B Eatery/Full-Service Restaurants,Car,Car
40088,62,Elderly,293952,Ultra High,1_person,living_alone,2,F&B Eatery/Snack and Nonalcoholic Beverage Bars,Car,Car
20431,59,Senior,70658,High,2_person,married_couple,2,F&B Eatery/Snack and Nonalcoholic Beverage Bars,Car,Car
59262,51,Senior,81821,High,2_person,married_couple,2,F&B Eatery/Snack and Nonalcoholic Beverage Bars,Car,Car
46910,44,Middle Age,633360,Ultra High,2_person,married_couple,1,F&B Eatery/Drinking Places,Walking,Car
59842,35,Adult,184556,Ultra High,1_person,living_alone,1,F&B Eatery/Full-Service Restaurants,Car,Car
31472,34,Adult,89736,High,1_person,living_alone,1,F&B Eatery/Full-Service Restaurants,Walking,Car
38066,71,Elderly,9875,Low,1_person,living_alone,2,F&B Eatery/Full-Service Restaurants,Public_transport,Car
62851,31,Adult,129656,Ultra High,2_person,married_couple,1,F&B Eatery/Snack and Nonalcoholic Beverage Bars,Car,Car
18706,34,Adult,121217,Ultra High,2_person,nonfamily_single,2,F&B Eatery/Snack and Nonalcoholic Beverage Bars,Public_transport,Car
37008,30,Young Adult,53672,Moderate,1_person,living_alone,1,F&B Eatery/Full-Service Restaurants,Car,Car
56670,65,Elderly,9179,Low,1_person,living_alone,0,F&B Eatery/Limited-Service Restaurants,Public_transport,Walking
10095,35,Adult,13408,Low,3_person,family_single,0,F&B Eatery/Full-Service Restaurants,Walking,Public_transport
13934,40,Adult,146774,Ultra High,2_person,nonfamily_single,0,F&B Eatery/Full-Service Restaurants,Walking,Walking
55897,35,Adult,82516,High,1_person,living_alone,0,F&B Eatery/Drinking Places,Walking,Walking
27331,26,Young Adult,32490,Moderate,3_person,nonfamily_single,2,F&B Eatery/Full-Service Restaurants,Public_transport,Car
16205,65,Elderly,43218,Moderate,3_person,family_single,1,F&B Eatery/Snack and Nonalcoholic Beverage Bars,Walking,Car
57253,73,Elderly,15819,Low,2_person,married_couple,2,F&B Eatery/Full-Service Restaurants,Car,Car
51644,33,Adult,0,Debt,3_person,family_single,1,F&B Eatery/Full-Service Restaurants,Public_transport,Public_transport
7612,38,Adult,70710,High,2_person,nonfamily_single,1,F&B Eatery/Full-Service Restaurants,Car,Car
23286,28,Young Adult,64406,High,3_person,married_couple,0,F&B Eatery/Full-Service Restaurants,Walking,Public_transport
42537,38,Adult,36100,Moderate,3_person,married_couple,1,F&B Eatery/Snack and Nonalcoholic Beverage Bars,Car,Car
11934,69,Elderly,195564,Ultra High,3_person,family_single,1,F&B Eatery/Drinking Places,Car,Car
21618,49,Middle Age,0,Debt,3_person,married_couple,1,F&B Eatery/Full-Service Restaurants,Car,Car
19656,38,Adult,135120,Ultra High,2_person,nonfamily_single,1,F&B Eatery/Limited-Service Restaurants,Car,Car
10141,24,Young Adult,22689,Low,3_person,nonfamily_single,0,F&B Eatery/Full-Service Restaurants,Car,Walking
21657,33,Adult,72730,High,2_person,nonfamily_single,1,F&B Eatery/Full-Service Restaurants,Walking,Car
64203,26,Young Adult,80508,High,2_person,nonfamily_single,2,F&B Eatery/Full-Service Restaurants,Public_transport,Walking
2889,70,Elderly,0,Debt,2_person,married_couple,1,F&B Eatery/Limited-Service Restaurants,Public_transport,Car
30897,53,Senior,309435,Ultra High,2_person,married_couple,2,F&B Eatery/Limited-Service Restaurants,Car,Car
60301,61,Elderly,12965,Low,2_person,married_couple,0,F&B Eatery/Full-Service Restaurants,Walking,Public_transport
54097,27,Young Adult,6464,Low,1_person,living_alone,0,F&B Eatery/Full-Service Restaurants,Public_transport,Walking
788,25,Young Adult,60608,High,3_person,nonfamily_single,1,F&B Eatery/Snack and Nonalcoholic Beverage Bars,Walking,Walking
10131,52,Senior,5273,Low,4_person,married_couple,1,F&B Eatery/Snack and Nonalcoholic Beverage Bars,Car,Walking
19731,28,Young Adult,26836,Low,3_person,family_single,1,F&B Eatery/Snack and Nonalcoholic Beverage Bars,Walking,Walking
24874,37,Adult,92830,Very High,1_person,living_alone,1,F&B Eatery/Limited-Service Restaurants,Car,Car
60289,37,Adult,75632,High,3_person,family_single,2,F&B Eatery/Full-Service Restaurants,Walking,Car
25738,21,Young Adult,5273,Low,1_person,living_alone,1,F&B Eatery/Full-Service Restaurants,Car,Walking
56749,45,Middle Age,32414,Moderate,7_plus_person,family_single,2,F&B Eatery/Full-Service Restaurants,Car,Car
54437,48,Middle Age,57264,Moderate,3_person,married_couple,1,F&B Eatery/Drinking Places,Car,Car
19569,19,Young Adult,0,Debt,2_person,family_single,0,F&B Eatery/Snack and Nonalcoholic Beverage Bars,Walking,Walking
46404,42,Middle Age,0,Debt,7_plus_person,family_single,3_plus,F&B Eatery/Full-Service Restaurants,Walking,Walking
36169,54,Senior,14869,Low,1_person,living_alone,0,F&B Eatery/Full-Service Restaurants,Walking,Public_transport
56169,53,Senior,53672,Moderate,5_person,married_couple,3_plus,F&B Eatery/Drinking Places,Walking,Car
22580,19,Young Adult,0,Debt,2_person,nonfamily_single,0,F&B Eatery/Snack and Nonalcoholic Beverage Bars,Walking,Walking
24078,29,Young Adult,51572,Moderate,2_person,nonfamily_single,1,F&B Eatery/Full-Service Restaurants,Car,Car
63282,34,Adult,12480,Low,6_person,family_single,1,F&B Eatery/Full-Service Restaurants,Car,Public_transport
36145,49,Middle Age,22146,Low,5_person,married_couple,1,F&B Eatery/Limited-Service Restaurants,Public_transport,Car
61489,22,Young Adult,11010,Low,5_person,married_couple,2,F&B Eatery/Full-Service Restaurants,Public_transport,Public_transport
33351,20,Young Adult,0,Debt,2_person,nonfamily_single,1,F&B Eatery/Full-Service Restaurants,Public_transport,Walking
9972,56,Senior,582882,Ultra High,1_person,living_alone,1,F&B Eatery/Full-Service Restaurants,Public_transport,Car
60488,70,Elderly,6666,Low,7_plus_person,married_couple,1,F&B Eatery/Snack and Nonalcoholic Beverage Bars,Car,Car
28363,23,Young Adult,4435,Low,2_person,nonfamily_single,0,F&B Eatery/Full-Service Restaurants,Walking,Walking
25705,22,Young Adult,9661,Low,3_person,married_couple,3_plus,F&B Eatery/Full-Service Restaurants,Walking,Public_transport
61962,32,Adult,56948,Moderate,4_person,nonfamily_single,2,F&B Eatery/Full-Service Restaurants,Car,Car
32449,73,Elderly,18982,Low,2_person,married_couple,1,F&B Eatery/Limited-Service Restaurants,Car,Car
16733,80,Elderly,8889,Low,7_plus_person,nonfamily_single,0,F&B Eatery/Snack and Nonalcoholic Beverage Bars,Public_transport,Public_transport
56357,61,Elderly,65659,High,2_person,nonfamily_single,1,F&B Eatery/Snack and Nonalcoholic Beverage Bars,Walking,Car
57789,43,Middle Age,50621,Moderate,3_person,married_couple,1,F&B Eatery/Full-Service Restaurants,Car,Car
19733,30,Young Adult,345750,Ultra High,3_person,nonfamily_single,1,F&B Eatery/Snack and Nonalcoholic Beverage Bars,Public_transport,Walking
47965,56,Senior,45456,Moderate,2_person,married_couple,1,F&B Eatery/Full-Service Restaurants,Walking,Car
46665,34,Adult,158190,Ultra High,4_person,married_couple,2,F&B Eatery/Limited-Service Restaurants,Car,Public_transport
41002,36,Adult,23723,Low,7_plus_person,married_couple,3_plus,F&B Eatery/Drinking Places,Car,Car
801,37,Adult,639500,Ultra High,4_person,married_couple,1,F&B Eatery/Snack and Nonalcoholic Beverage Bars,Car,Public_transport
52683,19,Young Adult,0,Debt,7_plus_person,married_couple,3_plus,F&B Eatery/Limited-Service Restaurants,Car,Car
59568,20,Young Adult,0,Debt,6_person,married_couple,3_plus,F&B Eatery/Full-Service Restaurants,Public_transport,Car
41941,55,Senior,61478,High,4_person,married_couple,2,F&B Eatery/Limited-Service Restaurants,Public_transport,Car
30984,34,Adult,338739,Ultra High,1_person,living_alone,1,F&B Eatery/Full-Service Restaurants,Walking,Car
11650,95,Elderly,16873,Low,1_person,living_alone,1,F&B Eatery/Full-Service Restaurants,Car,Car
25368,46,Middle Age,3864,Low,1_person,living_alone,0,F&B Eatery/Snack and Nonalcoholic Beverage Bars,Walking,Walking
17273,43,Middle Age,0,Debt,5_person,married_couple,1,F&B Eatery/Full-Service Restaurants,Car,Car
37941,26,Young Adult,52730,Moderate,2_person,nonfamily_single,1,F&B Eatery/Full-Service Restaurants,Public_transport,Car
39267,51,Senior,38387,Moderate,3_person,married_couple,1,F&B Eatery/Limited-Service Restaurants,Walking,Car
59289,24,Young Adult,24849,Low,4_person,family_single,1,F&B Eatery/Limited-Service Restaurants,Car,Car
49024,26,Young Adult,35355,Moderate,2_person,nonfamily_single,1,F&B Eatery/Snack and Nonalcoholic Beverage Bars,Public_transport,Car
27940,40,Adult,202484,Ultra High,2_person,married_couple,1,F&B Eatery/Full-Service Restaurants,Car,Car
60440,60,Senior,116690,Very High,1_person,living_alone,1,F&B Eatery/Limited-Service Restaurants,Walking,Car
17352,28,Young Adult,92830,Very High,2_person,nonfamily_single,0,F&B Eatery/Snack and Nonalcoholic Beverage Bars,Public_transport,Walking
45615,21,Young Adult,0,Debt,2_person,nonfamily_single,0,F&B Eatery/Full-Service Restaurants,Walking,Walking
52243,35,Adult,39195,Moderate,4_person,nonfamily_single,0,F&B Eatery/Drinking Places,Public_transport,Public_transport
28618,30,Young Adult,68689,High,2_person,married_couple,1,F&B Eatery/Snack and Nonalcoholic Beverage Bars,Public_transport,Walking
18320,40,Adult,50507,Moderate,6_person,family_single,1,F&B Eatery/Snack and Nonalcoholic Beverage Bars,Walking,Car
32222,29,Young Adult,46158,Moderate,3_person,nonfamily_single,3_plus,F&B Eatery/Snack and Nonalcoholic Beverage Bars,Car,Car
40477,34,Adult,0,Debt,6_person,married_couple,2,F&B Eatery/Full-Service Restaurants,Car,Car
6853,28,Young Adult,21092,Low,7_plus_person,family_single,3_plus,F&B Eatery/Limited-Service Restaurants,Public_transport,Car
35524,74,Elderly,12542,Low,1_person,living_alone,0,F&B Eatery/Limited-Service Restaurants,Public_transport,Walking
6458,30,Young Adult,63333,High,2_person,married_couple,1,F&B Eatery/Snack and Nonalcoholic Beverage Bars,Public_transport,Walking
29388,79,Elderly,22146,Low,2_person,family_single,1,F&B Eatery/Full-Service Restaurants,Public_transport,Car
41876,27,Young Adult,45383,Moderate,4_person,family_single,0,F&B Eatery/Limited-Service Restaurants,Public_transport,Walking
14855,29,Young Adult,32270,Moderate,4_person,nonfamily_single,1,F&B Eatery/Limited-Service Restaurants,Car,Car
12809,60,Senior,73611,High,2_person,married_couple,0,F&B Eatery/Snack and Nonalcoholic Beverage Bars,Public_transport,Public_transport
47560,20,Young Adult,0,Debt,4_person,married_couple,2,F&B Eatery/Full-Service Restaurants,Public_transport,Car
13806,31,Adult,64406,High,2_person,married_couple,1,F&B Eatery/Drinking Places,Car,Car
18000,59,Senior,33839,Moderate,2_person,married_couple,2,F&B Eatery/Full-Service Restaurants,Public_transport,Car
39710,35,Adult,186692,Ultra High,5_person,married_couple,3_plus,F&B Eatery/Snack and Nonalcoholic Beverage Bars,Public_transport,Car
66589,59,Senior,8182,Low,3_person,family_single,1,F&B Eatery/Limited-Service Restaurants,Car,Car
34938,36,Adult,111115,Very High,2_person,married_couple,0,F&B Eatery/Full-Service Restaurants,Walking,Public_transport
62515,82,Elderly,5959,Low,3_person,married_couple,1,F&B Eatery/Full-Service Restaurants,Car,Car
43106,69,Elderly,0,Debt,3_person,family_single,2,F&B Eatery/Full-Service Restaurants,Walking,Car
37855,30,Young Adult,13709,Low,2_person,nonfamily_single,1,F&B Eatery/Drinking Places,Walking,Walking
44827,49,Middle Age,5402,Low,2_person,married_couple,2,F&B Eatery/Full-Service Restaurants,Car,Car
36490,68,Elderly,8889,Low,7_plus_person,nonfamily_single,0,F&B Eatery/Full-Service Restaurants,Car,Public_transport
8077,30,Young Adult,0,Debt,3_person,married_couple,1,F&B Eatery/Full-Service Restaurants,Car,Public_transport
2956,26,Young Adult,168126,Ultra High,3_person,nonfamily_single,0,F&B Eatery/Snack and Nonalcoholic Beverage Bars,Walking,Walking
58747,48,Middle Age,11389,Low,4_person,married_couple,0,F&B Eatery/Full-Service Restaurants,Walking,Public_transport
32112,24,Young Adult,6440,Low,2_person,family_single,1,F&B Eatery/Special Food Services,Public_transport,Walking
16016,29,Young Adult,40075,Moderate,2_person,nonfamily_single,0,F&B Eatery/Full-Service Restaurants,Walking,Walking
63503,64,Elderly,53672,Moderate,2_person,married_couple,1,F&B Eatery/Limited-Service Restaurants,Car,Car
38383,80,Elderly,7220,Low,2_person,family_single,1,F&B Eatery/Full-Service Restaurants,Car,Car
46614,38,Adult,50507,Moderate,2_person,married_couple,1,F&B Eatery/Full-Service Restaurants,Public_transport,Car
10974,42,Middle Age,90913,Very High,5_person,married_couple,2,F&B Eatery/Limited-Service Restaurants,Car,Car
66825,29,Young Adult,85862,High,2_person,nonfamily_single,1,F&B Eatery/Drinking Places,Public_transport,Walking
48880,30,Young Adult,134989,Ultra High,2_person,nonfamily_single,0,F&B Eatery/Drinking Places,Public_transport,Walking
45647,29,Young Adult,39977,Moderate,2_person,nonfamily_single,1,F&B Eatery/Full-Service Restaurants,Public_transport,Car
13444,56,Senior,21468,Low,5_person,family_single,0,F&B Eatery/Limited-Service Restaurants,Walking,Walking
13824,28,Young Adult,82516,High,2_person,nonfamily_single,3_plus,F&B Eatery/Snack and Nonalcoholic Beverage Bars,Walking,Car
46144,26,Young Adult,595338,Ultra High,3_person,nonfamily_single,0,F&B Eatery/Full-Service Restaurants,Walking,Walking
10067,32,Adult,63276,High,7_plus_person,married_couple,1,F&B Eatery/Full-Service Restaurants,Walking,Public_transport
28341,41,Middle Age,0,Debt,4_person,married_couple,1,F&B Eatery/Full-Service Restaurants,Walking,Car
42249,62,Elderly,0,Debt,2_person,married_couple,1,F&B Eatery/Snack and Nonalcoholic Beverage Bars,Public_transport,Car
26940,86,Elderly,6327,Low,4_person,married_couple,1,F&B Eatery/Full-Service Restaurants,Car,Car
35169,29,Young Adult,32692,Moderate,4_person,nonfamily_single,1,F&B Eatery/Full-Service Restaurants,Car,Car
40879,66,Elderly,7515,Low,2_person,married_couple,1,F&B Eatery/Full-Service Restaurants,Public_transport,Car
12397,29,Young Adult,108047,Very High,2_person,nonfamily_single,1,F&B Eatery/Full-Service Restaurants,Car,Car
39291,24,Young Adult,66440,High,2_person,nonfamily_single,0,F&B Eatery/Full-Service Restaurants,Public_transport,Walking
29217,54,Senior,50507,Moderate,3_person,married_couple,3_plus,F&B Eatery/Snack and Nonalcoholic Beverage Bars,Public_transport,Public_transport
15702,25,Young Adult,16162,Low,6_person,nonfamily_single,1,F&B Eatery/Special Food Services,Walking,Public_transport
56718,85,Elderly,62235,High,1_person,living_alone,3_plus,F&B Eatery/Full-Service Restaurants,Car,Car
57170,28,Young Adult,126268,Ultra High,1_person,living_alone,0,F&B Eatery/Limited-Service Restaurants,Walking,Walking
32060,50,Middle Age,308404,Ultra High,3_person,married_couple,1,F&B Eatery/Full-Service Restaurants,Public_transport,Car
55483,30,Young Adult,56948,Moderate,2_person,nonfamily_single,1,F&B Eatery/Limited-Service Restaurants,Public_transport,Car
11139,46,Middle Age,0,Debt,5_person,married_couple,2,F&B Eatery/Limited-Service Restaurants,Public_transport,Car
26382,61,Elderly,65659,High,2_person,nonfamily_single,1,F&B Eatery/Snack and Nonalcoholic Beverage Bars,Car,Car
23616,67,Elderly,49400,Moderate,3_person,nonfamily_single,1,F&B Eatery/Snack and Nonalcoholic Beverage Bars,Car,Car
53030,40,Adult,10804,Low,6_person,family_single,1,F&B Eatery/Full-Service Restaurants,Walking,Public_transport
23296,34,Adult,65587,High,2_person,married_couple,0,F&B Eatery/Full-Service Restaurants,Walking,Public_transport
18385,23,Young Adult,3241,Low,6_person,family_single,3_plus,F&B Eatery/Full-Service Restaurants,Walking,Car
34470,41,Middle Age,20202,Low,3_person,family_single,1,F&B Eatery/Limited-Service Restaurants,Car,Car
57890,25,Young Adult,50507,Moderate,4_person,nonfamily_single,2,F&B Eatery/Drinking Places,Public_transport,Public_transport
38409,26,Young Adult,26817,Low,1_person,living_alone,1,F&B Eatery/Limited-Service Restaurants,Car,Walking
29521,36,Adult,124842,Ultra High,6_person,married_couple,3_plus,F&B Eatery/Full-Service Restaurants,Walking,Car
62303,23,Young Adult,4408,Low,2_person,married_couple,1,F&B Eatery/Snack and Nonalcoholic Beverage Bars,Public_transport,Public_transport
33892,26,Young Adult,42194,Moderate,3_person,married_couple,3_plus,F&B Eatery/Full-Service Restaurants,Public_transport,Car
37289,65,Elderly,-4538,Debt,6_person,nonfamily_single,0,F&B Eatery/Full-Service Restaurants,Public_transport,Public_transport
47845,72,Elderly,13333,Low,3_person,family_single,2,F&B Eatery/Full-Service Restaurants,Car,Car
47207,50,Middle Age,25099,Low,3_person,family_single,1,F&B Eatery/Limited-Service Restaurants,Car,Car
818,28,Young Adult,0,Debt,3_person,nonfamily_single,0,F&B Eatery/Full-Service Restaurants,Walking,Walking
27599,66,Elderly,35423,Moderate,2_person,married_couple,1,F&B Eatery/Snack and Nonalcoholic Beverage Bars,Car,Car
45771,39,Adult,424260,Ultra High,2_person,nonfamily_single,1,F&B Eatery/Full-Service Restaurants,Walking,Car
52693,40,Adult,287981,Ultra High,4_person,married_couple,1,F&B Eatery/Limited-Service Restaurants,Public_transport,Public_transport
57764,73,Elderly,32414,Moderate,4_person,family_single,1,F&B Eatery/Snack and Nonalcoholic Beverage Bars,Car,Car
7764,53,Senior,31638,Moderate,3_person,married_couple,3_plus,F&B Eatery/Full-Service Restaurants,Car,Public_transport
7727,31,Adult,75931,High,2_person,family_single,1,F&B Eatery/Limited-Service Restaurants,Car,Car
42531,58,Senior,0,Debt,4_person,married_couple,1,F&B Eatery/Full-Service Restaurants,Car,Car
60474,50,Middle Age,27113,Low,2_person,married_couple,1,F&B Eatery/Full-Service Restaurants,Car,Car
9735,34,Adult,124254,Ultra High,2_person,married_couple,1,F&B Eatery/Full-Service Restaurants,Walking,Car
46926,23,Young Adult,0,Debt,7_plus_person,family_single,1,F&B Eatery/Full-Service Restaurants,Car,Walking
21923,26,Young Adult,21092,Low,2_person,nonfamily_single,0,F&B Eatery/Snack and Nonalcoholic Beverage Bars,Public_transport,Walking
18595,34,Adult,65587,High,2_person,married_couple,0,F&B Eatery/Full-Service Restaurants,Public_transport,Public_transport
20493,36,Adult,72350,High,2_person,married_couple,1,F&B Eatery/Full-Service Restaurants,Public_transport,Car
59576,63,Elderly,21247,Low,2_person,married_couple,2,F&B Eatery/Full-Service Restaurants,Car,Car
44380,50,Middle Age,27011,Low,3_person,married_couple,1,F&B Eatery/Full-Service Restaurants,Public_transport,Car
35901,94,Elderly,48486,Moderate,1_person,living_alone,0,F&B Eatery/Full-Service Restaurants,Walking,Public_transport
37032,29,Young Adult,43218,Moderate,2_person,married_couple,0,F&B Eatery/Full-Service Restaurants,Public_transport,Walking
15329,20,Young Adult,0,Debt,3_person,nonfamily_single,0,F&B Eatery/Drinking Places,Public_transport,Walking
7972,18,Teen,8384,Low,6_person,married_couple,3_plus,F&B Eatery/Drinking Places,Car,Walking
4677,50,Middle Age,11885,Low,3_person,married_couple,1,F&B Eatery/Full-Service Restaurants,Walking,Car
19131,68,Elderly,58895,Moderate,1_person,living_alone,0,F&B Eatery/Snack and Nonalcoholic Beverage Bars,Car,Public_transport
22322,33,Adult,21092,Low,3_person,married_couple,0,F&B Eatery/Drinking Places,Walking,Public_transport
53472,46,Middle Age,26836,Low,3_person,family_single,3_plus,F&B Eatery/Snack and Nonalcoholic Beverage Bars,Walking,Car
60258,22,Young Adult,0,Debt,4_person,married_couple,1,F&B Eatery/Snack and Nonalcoholic Beverage Bars,Public_transport,Car
51259,37,Adult,165032,Ultra High,2_person,nonfamily_single,1,F&B Eatery/Snack and Nonalcoholic Beverage Bars,Car,Car
46088,27,Young Adult,4745,Low,3_person,nonfamily_single,1,F&B Eatery/Limited-Service Restaurants,Walking,Walking
61982,74,Elderly,84044,High,2_person,married_couple,1,F&B Eatery/Limited-Service Restaurants,Car,Car
25761,74,Elderly,448062,Ultra High,1_person,living_alone,1,F&B Eatery/Full-Service Restaurants,Car,Car
16246,27,Young Adult,32324,Moderate,3_person,nonfamily_single,1,F&B Eatery/Full-Service Restaurants,Car,Car
28549,65,Elderly,8889,Low,7_plus_person,nonfamily_single,0,F&B Eatery/Limited-Service Restaurants,Public_transport,Public_transport
44648,52,Senior,10335,Low,2_person,family_single,0,F&B Eatery/Drinking Places,Public_transport,Public_transport
52186,47,Middle Age,7514,Low,4_person,married_couple,3_plus,F&B Eatery/Snack and Nonalcoholic Beverage Bars,Public_transport,Car
4331,38,Adult,378804,Ultra High,1_person,living_alone,1,F&B Eatery/Drinking Places,Walking,Car
39830,25,Young Adult,70710,High,2_person,nonfamily_single,0,F&B Eatery/Limited-Service Restaurants,Walking,Walking
4663,21,Young Adult,0,Debt,2_person,nonfamily_single,1,F&B Eatery/Full-Service Restaurants,Walking,Walking
65562,58,Senior,25786,Low,2_person,nonfamily_single,2,F&B Eatery/Snack and Nonalcoholic Beverage Bars,Car,Car
27862,40,Adult,0,Debt,7_plus_person,married_couple,1,F&B Eatery/Snack and Nonalcoholic Beverage Bars,Walking,Car
6696,26,Young Adult,55557,Moderate,4_person,nonfamily_single,1,F&B Eatery/Full-Service Restaurants,Public_transport,Car
35135,70,Elderly,86477,High,2_person,married_couple,1,F&B Eatery/Full-Service Restaurants,Car,Car
11157,52,Senior,19721,Low,4_person,family_single,0,F&B Eatery/Full-Service Restaurants,Walking,Walking
9721,30,Young Adult,56990,Moderate,2_person,nonfamily_single,1,F&B Eatery/Snack and Nonalcoholic Beverage Bars,Car,Car
13928,34,Adult,5402,Low,4_person,married_couple,2,F&B Eatery/Full-Service Restaurants,Car,Car
5956,72,Elderly,22146,Low,3_person,family_single,1,F&B Eatery/Full-Service Restaurants,Car,Car
49592,36,Adult,5050,Low,1_person,living_alone,1,F&B Eatery/Snack and Nonalcoholic Beverage Bars,Public_transport,Public_transport
47074,41,Middle Age,52527,Moderate,2_person,married_couple,1,F&B Eatery/Full-Service Restaurants,Public_transport,Car
16142,25,Young Adult,78874,High,2_person,nonfamily_single,1,F&B Eatery/Full-Service Restaurants,Walking,Walking
34414,63,Elderly,0,Debt,6_person,married_couple,1,F&B Eatery/Limited-Service Restaurants,Public_transport,Car
37563,36,Adult,153339,Ultra High,4_person,married_couple,2,F&B Eatery/Full-Service Restaurants,Public_transport,Public_transport
18824,27,Young Adult,7426,Low,2_person,nonfamily_single,0,F&B Eatery/Limited-Service Restaurants,Walking,Walking
12884,49,Middle Age,0,Debt,2_person,married_couple,1,F&B Eatery/Full-Service Restaurants,Walking,Car
15401,62,Elderly,151521,Ultra High,2_person,married_couple,1,F&B Eatery/Full-Service Restaurants,Car,Car
49984,22,Young Adult,27012,Low,4_person,nonfamily_single,1,F&B Eatery/Limited-Service Restaurants,Public_transport,Car
31113,28,Young Adult,47457,Moderate,2_person,nonfamily_single,2,F&B Eatery/Limited-Service Restaurants,Public_transport,Car
47078,30,Young Adult,69150,High,2_person,family_single,1,F&B Eatery/Drinking Places,Walking,Walking
52216,62,Elderly,0,Debt,2_person,family_single,0,F&B Eatery/Limited-Service Restaurants,Car,Walking
62286,40,Adult,14491,Low,3_person,married_couple,1,F&B Eatery/Drinking Places,Public_transport,Walking
50376,88,Elderly,36067,Moderate,2_person,family_single,2,F&B Eatery/Full-Service Restaurants,Car,Car
34258,74,Elderly,0,Debt,3_person,married_couple,1,F&B Eatery/Full-Service Restaurants,Walking,Car
18976,21,Young Adult,8909,Low,2_person,family_single,1,F&B Eatery/Limited-Service Restaurants,Walking,Walking
36015,27,Young Adult,4646,Low,7_plus_person,family_single,1,F&B Eatery/Full-Service Restaurants,Car,Walking
6849,56,Senior,410517,Ultra High,1_person,living_alone,0,F&B Eatery/Snack and Nonalcoholic Beverage Bars,Walking,Public_transport
64318,18,Teen,2020,Low,7_plus_person,family_single,3_plus,F&B Eatery/Snack and Nonalcoholic Beverage Bars,Public_transport,Car
1425,84,Elderly,63950,High,2_person,married_couple,1,F&B Eatery/Limited-Service Restaurants,Public_transport,Car
34764,31,Adult,92830,Very High,2_person,married_couple,2,F&B Eatery/Limited-Service Restaurants,Public_transport,Car
11864,39,Adult,26836,Low,5_person,married_couple,1,F&B Eatery/Full-Service Restaurants,Walking,Car
35459,51,Senior,52730,Moderate,2_person,nonfamily_single,2,F&B Eatery/Limited-Service Restaurants,Public_transport,Car
28708,26,Young Adult,108047,Very High,2_person,nonfamily_single,1,F&B Eatery/Snack and Nonalcoholic Beverage Bars,Walking,Car
58078,72,Elderly,87673,High,2_person,family_single,1,F&B Eatery/Drinking Places,Car,Car
42487,39,Adult,44352,Moderate,3_person,family_single,0,F&B Eatery/Full-Service Restaurants,Public_transport,Walking
31639,34,Adult,30943,Moderate,6_person,married_couple,2,F&B Eatery/Snack and Nonalcoholic Beverage Bars,Car,Car
43209,24,Young Adult,32203,Moderate,3_person,nonfamily_single,3_plus,F&B Eatery/Full-Service Restaurants,Walking,Car
50538,35,Adult,11885,Low,4_person,married_couple,0,F&B Eatery/Drinking Places,Walking,Public_transport
63412,37,Adult,36100,Moderate,5_person,married_couple,3_plus,F&B Eatery/Full-Service Restaurants,Public_transport,Car
6843,48,Middle Age,210921,Ultra High,5_person,married_couple,2,F&B Eatery/Full-Service Restaurants,Walking,Car
32275,23,Young Adult,0,Debt,5_person,family_single,2,F&B Eatery/Limited-Service Restaurants,Car,Car
49390,25,Young Adult,70230,High,3_person,nonfamily_single,2,F&B Eatery/Snack and Nonalcoholic Beverage Bars,Public_transport,Walking
45853,41,Middle Age,14046,Low,4_person,married_couple,1,F&B Eatery/Snack and Nonalcoholic Beverage Bars,Car,Car
28225,21,Young Adult,0,Debt,4_person,married_couple,1,F&B Eatery/Limited-Service Restaurants,Public_transport,Car
47776,28,Young Adult,84156,High,2_person,married_couple,1,F&B Eatery/Limited-Service Restaurants,Walking,Walking
8572,64,Elderly,50507,Moderate,6_person,nonfamily_single,1,F&B Eatery/Full-Service Restaurants,Car,Car
41916,31,Adult,40405,Moderate,2_person,family_single,1,F&B Eatery/Full-Service Restaurants,Walking,Car
10813,27,Young Adult,103725,Very High,2_person,married_couple,1,F&B Eatery/Full-Service Restaurants,Public_transport,Walking
35029,27,Young Adult,15666,Low,4_person,married_couple,1,F&B Eatery/Full-Service Restaurants,Public_transport,Public_transport
63667,43,Middle Age,224041,Ultra High,5_person,married_couple,2,F&B Eatery/Drinking Places,Public_transport,Car
53439,42,Middle Age,55557,Moderate,7_plus_person,nonfamily_single,3_plus,F&B Eatery/Full-Service Restaurants,Car,Car
42320,26,Young Adult,132632,Ultra High,3_person,married_couple,1,F&B Eatery/Snack and Nonalcoholic Beverage Bars,Walking,Walking
3196,19,Young Adult,0,Debt,3_person,family_single,1,F&B Eatery/Full-Service Restaurants,Car,Walking
47268,79,Elderly,43799,Moderate,1_person,living_alone,2,F&B Eatery/Full-Service Restaurants,Car,Car
26613,35,Adult,63639,High,3_person,married_couple,1,F&B Eatery/Snack and Nonalcoholic Beverage Bars,Walking,Car
65260,21,Young Adult,0,Debt,2_person,nonfamily_single,1,F&B Eatery/Limited-Service Restaurants,Walking,Walking
486,31,Adult,19185,Low,2_person,married_couple,2,F&B Eatery/Full-Service Restaurants,Car,Walking
48676,28,Young Adult,5186,Low,3_person,family_single,0,F&B Eatery/Full-Service Restaurants,Public_transport,Walking
370,75,Elderly,167780,Ultra High,1_person,living_alone,1,F&B Eatery/Limited-Service Restaurants,Car,Car
21376,39,Adult,12965,Low,1_person,living_alone,0,F&B Eatery/Full-Service Restaurants,Public_transport,Walking
33551,90,Elderly,136151,Ultra High,1_person,living_alone,0,F&B Eatery/Drinking Places,Car,Public_transport
55748,53,Senior,161017,Ultra High,3_person,married_couple,2,F&B Eatery/Full-Service Restaurants,Car,Car
59444,53,Senior,72556,High,3_person,married_couple,1,F&B Eatery/Full-Service Restaurants,Walking,Car
27654,25,Young Adult,36911,Moderate,2_person,family_single,0,F&B Eatery/Snack and Nonalcoholic Beverage Bars,Walking,Walking
6382,49,Middle Age,596906,Ultra High,2_person,nonfamily_single,2,F&B Eatery/Snack and Nonalcoholic Beverage Bars,Walking,Car
65112,50,Middle Age,10804,Low,2_person,nonfamily_single,1,F&B Eatery/Full-Service Restaurants,Public_transport,Car
15407,44,Middle Age,107569,Very High,1_person,living_alone,1,F&B Eatery/Snack and Nonalcoholic Beverage Bars,Walking,Car
8837,27,Young Adult,64406,High,2_person,nonfamily_single,2,F&B Eatery/Special Food Services,Car,Walking
30408,30,Young Adult,6910,Low,7_plus_person,married_couple,3_plus,F&B Eatery/Full-Service Restaurants,Walking,Public_transport
19622,48,Middle Age,7071,Low,3_person,family_single,0,F&B Eatery/Full-Service Restaurants,Public_transport,Walking
16682,43,Middle Age,75632,High,2_person,nonfamily_single,1,F&B Eatery/Full-Service Restaurants,Car,Car
17257,67,Elderly,26836,Low,1_person,living_alone,1,F&B Eatery/Full-Service Restaurants,Public_transport,Car
49297,17,Teen,611,Low,3_person,married_couple,1,F&B Eatery/Snack and Nonalcoholic Beverage Bars,Public_transport,Walking
30869,72,Elderly,105355,Very High,2_person,married_couple,2,F&B Eatery/Snack and Nonalcoholic Beverage Bars,Car,Car
34815,61,Elderly,0,Debt,2_person,married_couple,1,F&B Eatery/Limited-Service Restaurants,Car,Car
32872,60,Senior,88022,High,3_person,family_single,2,F&B Eatery/Snack and Nonalcoholic Beverage Bars,Car,Car
24003,62,Elderly,23517,Low,3_person,nonfamily_single,3_plus,F&B Eatery/Snack and Nonalcoholic Beverage Bars,Car,Car
60510,61,Elderly,629320,Ultra High,1_person,living_alone,1,F&B Eatery/Snack and Nonalcoholic Beverage Bars,Public_transport,Car
51067,67,Elderly,273085,Ultra High,2_person,married_couple,2,F&B Eatery/Limited-Service Restaurants,Car,Car
55651,32,Adult,70138,High,2_person,nonfamily_single,1,F&B Eatery/Full-Service Restaurants,Walking,Car
13266,19,Young Adult,0,Debt,4_person,married_couple,1,F&B Eatery/Limited-Service Restaurants,Walking,Car
38452,80,Elderly,329105,Ultra High,7_plus_person,married_couple,1,F&B Eatery/Snack and Nonalcoholic Beverage Bars,Car,Car
23112,23,Young Adult,50507,Moderate,2_person,nonfamily_single,0,F&B Eatery/Snack and Nonalcoholic Beverage Bars,Walking,Walking
30336,59,Senior,25762,Low,2_person,married_couple,1,F&B Eatery/Full-Service Restaurants,Walking,Car
3632,37,Adult,42711,Moderate,2_person,nonfamily_single,1,F&B Eatery/Drinking Places,Public_transport,Car
16493,48,Middle Age,0,Debt,3_person,family_single,2,F&B Eatery/Snack and Nonalcoholic Beverage Bars,Public_transport,Car
45857,26,Young Adult,61887,High,2_person,nonfamily_single,1,F&B Eatery/Full-Service Restaurants,Car,Walking
15893,36,Adult,966,Low,7_plus_person,married_couple,1,F&B Eatery/Snack and Nonalcoholic Beverage Bars,Car,Walking
11656,33,Adult,41057,Moderate,1_person,living_alone,1,F&B Eatery/Full-Service Restaurants,Walking,Car
18522,60,Senior,308404,Ultra High,2_person,married_couple,2,F&B Eatery/Limited-Service Restaurants,Car,Car
16691,37,Adult,22779,Low,3_person,married_couple,0,F&B Eatery/Full-Service Restaurants,Walking,Public_transport
56786,31,Adult,32716,Moderate,2_person,nonfamily_single,0,F&B Eatery/Limited-Service Restaurants,Public_transport,Walking
25318,20,Young Adult,0,Debt,4_person,nonfamily_single,0,F&B Eatery/Full-Service Restaurants,Walking,Walking
12663,70,Elderly,5402,Low,3_person,family_single,2,F&B Eatery/Snack and Nonalcoholic Beverage Bars,Car,Car
669,33,Adult,16207,Low,3_person,married_couple,3_plus,F&B Eatery/Full-Service Restaurants,Walking,Car
15184,32,Adult,49497,Moderate,2_person,nonfamily_single,0,F&B Eatery/Full-Service Restaurants,Walking,Walking
57341,28,Young Adult,90913,Very High,2_person,married_couple,1,F&B Eatery/Snack and Nonalcoholic Beverage Bars,Public_transport,Walking
32873,25,Young Adult,7814,Low,4_person,nonfamily_single,2,F&B Eatery/Drinking Places,Public_transport,Car
23161,50,Middle Age,101014,Very High,1_person,living_alone,1,F&B Eatery/Full-Service Restaurants,Car,Car
52476,48,Middle Age,75141,High,1_person,living_alone,0,F&B Eatery/Snack and Nonalcoholic Beverage Bars,Public_transport,Public_transport
66684,27,Young Adult,0,Debt,3_person,nonfamily_single,0,F&B Eatery/Limited-Service Restaurants,Walking,Walking
53632,53,Senior,34350,Moderate,1_person,living_alone,1,F&B Eatery/Full-Service Restaurants,Walking,Car
44402,40,Adult,0,Debt,3_person,family_single,0,F&B Eatery/Drinking Places,Public_transport,Public_transport
61524,30,Young Adult,6482,Low,4_person,family_single,1,F&B Eatery/Snack and Nonalcoholic Beverage Bars,Walking,Car
34207,26,Young Adult,0,Debt,3_person,nonfamily_single,1,F&B Eatery/Snack and Nonalcoholic Beverage Bars,Walking,Walking
29097,65,Elderly,9179,Low,1_person,living_alone,0,F&B Eatery/Full-Service Restaurants,Public_transport,Walking
11039,65,Elderly,56729,Moderate,2_person,married_couple,1,F&B Eatery/Full-Service Restaurants,Car,Car
15775,25,Young Adult,2020,Low,1_person,living_alone,0,F&B Eatery/Full-Service Restaurants,Walking,Walking
20317,83,Elderly,187893,Ultra High,1_person,living_alone,0,F&B Eatery/Full-Service Restaurants,Public_transport,Public_transport
39465,25,Young Adult,56729,Moderate,5_person,nonfamily_single,1,F&B Eatery/Limited-Service Restaurants,Public_transport,Car
22958,45,Middle Age,0,Debt,5_person,married_couple,2,F&B Eatery/Full-Service Restaurants,Car,Car
37579,23,Young Adult,0,Debt,1_person,living_alone,0,F&B Eatery/Limited-Service Restaurants,Walking,Walking
58018,70,Elderly,67044,High,2_person,married_couple,2,F&B Eatery/Full-Service Restaurants,Car,Car
55273,76,Elderly,174148,Ultra High,2_person,married_couple,1,F&B Eatery/Drinking Places,Public_transport,Car
3258,28,Young Adult,61887,High,2_person,nonfamily_single,2,F&B Eatery/Full-Service Restaurants,Car,Walking
55283,27,Young Adult,0,Debt,3_person,nonfamily_single,1,F&B Eatery/Full-Service Restaurants,Public_transport,Walking
58278,26,Young Adult,20629,Low,2_person,family_single,2,F&B Eatery/Limited-Service Restaurants,Car,Walking
52138,27,Young Adult,44352,Moderate,3_person,family_single,1,F&B Eatery/Drinking Places,Walking,Car
34076,94,Elderly,5946,Low,1_person,living_alone,0,F&B Eatery/Limited-Service Restaurants,Public_transport,Walking
58673,29,Young Adult,67044,High,2_person,married_couple,1,F&B Eatery/Limited-Service Restaurants,Walking,Walking
29990,94,Elderly,15455,Low,1_person,living_alone,0,F&B Eatery/Full-Service Restaurants,Walking,Walking
13877,24,Young Adult,0,Debt,3_person,nonfamily_single,0,F&B Eatery/Snack and Nonalcoholic Beverage Bars,Public_transport,Walking
48825,23,Young Adult,18033,Low,3_person,nonfamily_single,0,F&B Eatery/Full-Service Restaurants,Walking,Walking
4944,25,Young Adult,65659,High,3_person,nonfamily_single,0,F&B Eatery/Full-Service Restaurants,Public_transport,Walking
40100,51,Senior,0,Debt,3_person,family_single,0,F&B Eatery/Snack and Nonalcoholic Beverage Bars,Walking,Walking
34332,21,Young Adult,2214,Low,2_person,family_single,0,F&B Eatery/Full-Service Restaurants,Public_transport,Walking
50986,28,Young Adult,64406,High,2_person,married_couple,1,F&B Eatery/Drinking Places,Public_transport,Walking
25762,26,Young Adult,31638,Moderate,4_person,nonfamily_single,2,F&B Eatery/Full-Service Restaurants,Car,Public_transport
33714,29,Young Adult,70230,High,3_person,family_single,2,F&B Eatery/Snack and Nonalcoholic Beverage Bars,Car,Walking
47690,36,Adult,94893,Very High,2_person,married_couple,1,F&B Eatery/Limited-Service Restaurants,Walking,Car
11760,39,Adult,84368,High,2_person,nonfamily_single,1,F&B Eatery/Snack and Nonalcoholic Beverage Bars,Car,Car
42733,30,Young Adult,103725,Very High,1_person,living_alone,0,F&B Eatery/Full-Service Restaurants,Walking,Walking
49573,29,Young Adult,42937,Moderate,4_person,nonfamily_single,3_plus,F&B Eatery/Snack and Nonalcoholic Beverage Bars,Car,Public_transport
30031,45,Middle Age,21361,Low,3_person,family_single,1,F&B Eatery/Limited-Service Restaurants,Public_transport,Car
60881,44,Middle Age,68069,High,2_person,family_single,1,F&B Eatery/Full-Service Restaurants,Public_transport,Car
39349,80,Elderly,5157,Low,2_person,married_couple,1,F&B Eatery/Snack and Nonalcoholic Beverage Bars,Car,Car
56950,41,Middle Age,150076,Ultra High,2_person,married_couple,1,F&B Eatery/Limited-Service Restaurants,Public_transport,Car
57785,42,Middle Age,160300,Ultra High,2_person,married_couple,1,F&B Eatery/Limited-Service Restaurants,Walking,Car
40727,43,Middle Age,73841,High,1_person,living_alone,1,F&B Eatery/Snack and Nonalcoholic Beverage Bars,Car,Car
17615,55,Senior,0,Debt,2_person,family_single,1,F&B Eatery/Limited-Service Restaurants,Car,Car
66794,24,Young Adult,0,Debt,1_person,living_alone,1,F&B Eatery/Full-Service Restaurants,Car,Walking
46942,37,Adult,84063,High,2_person,married_couple,0,F&B Eatery/Snack and Nonalcoholic Beverage Bars,Walking,Public_transport
35771,49,Middle Age,343449,Ultra High,2_person,married_couple,1,F&B Eatery/Limited-Service Restaurants,Walking,Car
24599,28,Young Adult,163593,Ultra High,4_person,married_couple,1,F&B Eatery/Special Food Services,Public_transport,Walking
11978,27,Young Adult,53672,Moderate,2_person,nonfamily_single,1,F&B Eatery/Full-Service Restaurants,Public_transport,Car
44484,54,Senior,141420,Ultra High,2_person,married_couple,2,F&B Eatery/Full-Service Restaurants,Car,Car
19747,79,Elderly,66017,High,1_person,living_alone,1,F&B Eatery/Snack and Nonalcoholic Beverage Bars,Car,Car
38157,46,Middle Age,317963,Ultra High,3_person,married_couple,2,F&B Eatery/Snack and Nonalcoholic Beverage Bars,Public_transport,Car
12055,75,Elderly,7779,Low,3_person,married_couple,1,F&B Eatery/Limited-Service Restaurants,Car,Car
60936,95,Elderly,37235,Moderate,1_person,living_alone,0,F&B Eatery/Limited-Service Restaurants,Car,Public_transport
34077,31,Adult,51675,Moderate,1_person,living_alone,1,F&B Eatery/Full-Service Restaurants,Walking,Car
11345,62,Elderly,9075,Low,1_person,living_alone,1,F&B Eatery/Snack and Nonalcoholic Beverage Bars,Car,Car
19859,62,Elderly,48511,Moderate,2_person,married_couple,2,F&B Eatery/Full-Service Restaurants,Car,Car
49941,48,Middle Age,0,Debt,2_person,married_couple,0,F&B Eatery/Full-Service Restaurants,Walking,Public_transport
31115,24,Young Adult,24849,Low,4_person,family_single,1,F&B Eatery/Limited-Service Restaurants,Public_transport,Car
2196,24,Young Adult,0,Debt,4_person,nonfamily_single,0,F&B Eatery/Full-Service Restaurants,Walking,Walking
4566,63,Elderly,35007,Moderate,6_person,married_couple,1,F&B Eatery/Drinking Places,Walking,Car
24124,37,Adult,147644,Ultra High,2_person,nonfamily_single,2,F&B Eatery/Full-Service Restaurants,Public_transport,Car
31891,29,Young Adult,69774,High,3_person,married_couple,2,F&B Eatery/Full-Service Restaurants,Car,Walking
52436,49,Middle Age,11807,Low,5_person,family_single,0,F&B Eatery/Full-Service Restaurants,Public_transport,Public_transport
36737,47,Middle Age,633360,Ultra High,2_person,nonfamily_single,1,F&B Eatery/Full-Service Restaurants,Public_transport,Car
35282,19,Young Adult,24647,Low,7_plus_person,married_couple,2,F&B Eatery/Full-Service Restaurants,Car,Car
21248,31,Adult,128931,Ultra High,2_person,married_couple,2,F&B Eatery/Full-Service Restaurants,Walking,Car
31095,28,Young Adult,74058,High,5_person,nonfamily_single,1,F&B Eatery/Full-Service Restaurants,Car,Car
12577,59,Senior,265039,Ultra High,1_person,living_alone,0,F&B Eatery/Full-Service Restaurants,Public_transport,Public_transport
42048,28,Young Adult,78040,High,1_person,living_alone,1,F&B Eatery/Full-Service Restaurants,Walking,Walking
15754,75,Elderly,285859,Ultra High,1_person,living_alone,1,F&B Eatery/Full-Service Restaurants,Car,Car
51805,80,Elderly,36594,Moderate,1_person,living_alone,1,F&B Eatery/Full-Service Restaurants,Car,Car
47013,25,Young Adult,0,Debt,3_person,nonfamily_single,1,F&B Eatery/Full-Service Restaurants,Public_transport,Walking
52038,25,Young Adult,121299,Ultra High,7_plus_person,nonfamily_single,2,F&B Eatery/Full-Service Restaurants,Public_transport,Walking
60789,29,Young Adult,48305,Moderate,3_person,nonfamily_single,3_plus,F&B Eatery/Snack and Nonalcoholic Beverage Bars,Car,Car
42026,61,Elderly,9724,Low,4_person,married_couple,1,F&B Eatery/Snack and Nonalcoholic Beverage Bars,Walking,Car
22611,27,Young Adult,17287,Low,1_person,living_alone,0,F&B Eatery/Full-Service Restaurants,Walking,Walking
22375,29,Young Adult,8643,Low,2_person,nonfamily_single,0,F&B Eatery/Snack and Nonalcoholic Beverage Bars,Public_transport,Walking
41473,22,Young Adult,7220,Low,4_person,married_couple,1,F&B Eatery/Full-Service Restaurants,Car,Public_transport
8791,48,Middle Age,101014,Very High,6_person,married_couple,3_plus,F&B Eatery/Limited-Service Restaurants,Public_transport,Public_transport
28264,42,Middle Age,118079,Very High,5_person,married_couple,3_plus,F&B Eatery/Limited-Service Restaurants,Car,Car
64807,42,Middle Age,55557,Moderate,7_plus_person,nonfamily_single,3_plus,F&B Eatery/Full-Service Restaurants,Car,Car
12881,19,Young Adult,0,Debt,2_person,nonfamily_single,0,F&B Eatery/Snack and Nonalcoholic Beverage Bars,Walking,Walking
20369,36,Adult,206290,Ultra High,4_person,married_couple,1,F&B Eatery/Full-Service Restaurants,Car,Public_transport
21390,25,Young Adult,1041,Low,7_plus_person,nonfamily_single,1,F&B Eatery/Snack and Nonalcoholic Beverage Bars,Walking,Walking
55366,48,Middle Age,44352,Moderate,3_person,family_single,3_plus,F&B Eatery/Snack and Nonalcoholic Beverage Bars,Public_transport,Car
11249,27,Young Adult,35355,Moderate,2_person,nonfamily_single,1,F&B Eatery/Full-Service Restaurants,Public_transport,Car
9777,74,Elderly,6440,Low,2_person,married_couple,2,F&B Eatery/Full-Service Restaurants,Walking,Car
58771,20,Young Adult,21092,Low,1_person,living_alone,1,F&B Eatery/Full-Service Restaurants,Public_transport,Walking
59241,30,Young Adult,52730,Moderate,2_person,nonfamily_single,1,F&B Eatery/Full-Service Restaurants,Car,Car
5257,62,Elderly,12317,Low,2_person,family_single,1,F&B Eatery/Limited-Service Restaurants,Car,Car
25179,59,Senior,0,Debt,2_person,married_couple,1,F&B Eatery/Full-Service Restaurants,Car,Car
58138,25,Young Adult,966,Low,1_person,living_alone,0,F&B Eatery/Full-Service Restaurants,Walking,Walking
13932,53,Senior,18566,Low,5_person,married_couple,1,F&B Eatery/Full-Service Restaurants,Car,Car
5322,40,Adult,14491,Low,3_person,married_couple,1,F&B Eatery/Drinking Places,Walking,Walking
50231,18,Teen,0,Debt,6_person,married_couple,2,F&B Eatery/Limited-Service Restaurants,Public_transport,Car
11586,57,Senior,979,Low,6_person,married_couple,1,F&B Eatery/Snack and Nonalcoholic Beverage Bars,Public_transport,Public_transport
29482,88,Elderly,37892,Moderate,2_person,married_couple,1,F&B Eatery/Full-Service Restaurants,Car,Car
26370,35,Adult,69150,High,1_person,living_alone,1,F&B Eatery/Full-Service Restaurants,Public_transport,Car
63346,39,Adult,196645,Ultra High,3_person,married_couple,1,F&B Eatery/Limited-Service Restaurants,Car,Car
36069,67,Elderly,270509,Ultra High,2_person,married_couple,2,F&B Eatery/Full-Service Restaurants,Car,Car
35201,27,Young Adult,34037,Moderate,6_person,nonfamily_single,3_plus,F&B Eatery/Snack and Nonalcoholic Beverage Bars,Car,Car
23227,78,Elderly,24754,Low,2_person,married_couple,2,F&B Eatery/Snack and Nonalcoholic Beverage Bars,Car,Car
12041,30,Young Adult,27011,Low,3_person,nonfamily_single,1,F&B Eatery/Full-Service Restaurants,Walking,Walking
38174,34,Adult,65587,High,2_person,married_couple,0,F&B Eatery/Full-Service Restaurants,Walking,Public_transport
26751,28,Young Adult,45456,Moderate,2_person,family_single,0,F&B Eatery/Drinking Places,Walking,Walking
33480,81,Elderly,21092,Low,1_person,living_alone,0,F&B Eatery/Full-Service Restaurants,Car,Walking
5783,27,Young Adult,0,Debt,3_person,nonfamily_single,0,F&B Eatery/Limited-Service Restaurants,Walking,Walking
4409,40,Adult,118079,Very High,3_person,married_couple,1,F&B Eatery/Limited-Service Restaurants,Public_transport,Car
11688,33,Adult,134088,Ultra High,4_person,married_couple,1,F&B Eatery/Drinking Places,Car,Public_transport
54412,42,Middle Age,55557,Moderate,7_plus_person,nonfamily_single,3_plus,F&B Eatery/Drinking Places,Public_transport,Car
38688,32,Adult,61618,High,2_person,family_single,2,F&B Eatery/Full-Service Restaurants,Public_transport,Car
42782,22,Young Adult,10734,Low,2_person,nonfamily_single,2,F&B Eatery/Full-Service Restaurants,Walking,Walking
61582,56,Senior,12881,Low,1_person,living_alone,1,F&B Eatery/Limited-Service Restaurants,Public_transport,Car
38179,33,Adult,144403,Ultra High,3_person,married_couple,1,F&B Eatery/Drinking Places,Car,Car
5574,33,Adult,56356,Moderate,2_person,nonfamily_single,1,F&B Eatery/Drinking Places,Car,Car
16934,35,Adult,55819,Moderate,1_person,living_alone,1,F&B Eatery/Limited-Service Restaurants,Car,Car
35825,30,Young Adult,56948,Moderate,2_person,nonfamily_single,1,F&B Eatery/Limited-Service Restaurants,Car,Car
36009,25,Young Adult,16503,Low,3_person,family_single,2,F&B Eatery/Full-Service Restaurants,Car,Walking
31498,71,Elderly,39977,Moderate,2_person,married_couple,3_plus,F&B Eatery/Limited-Service Restaurants,Car,Car
61743,42,Middle Age,113459,Very High,7_plus_person,married_couple,2,F&B Eatery/Drinking Places,Car,Walking
62566,29,Young Adult,47457,Moderate,2_person,family_single,1,F&B Eatery/Full-Service Restaurants,Walking,Car
64381,23,Young Adult,37816,Moderate,3_person,nonfamily_single,0,F&B Eatery/Snack and Nonalcoholic Beverage Bars,Public_transport,Walking
8493,64,Elderly,107277,Very High,1_person,living_alone,1,F&B Eatery/Full-Service Restaurants,Walking,Car
5435,76,Elderly,207321,Ultra High,2_person,married_couple,2,F&B Eatery/Full-Service Restaurants,Walking,Car
19648,39,Adult,595338,Ultra High,1_person,living_alone,1,F&B Eatery/Drinking Places,Walking,Car
42089,44,Middle Age,119197,Very High,1_person,living_alone,1,F&B Eatery/Full-Service Restaurants,Public_transport,Car
61644,27,Young Adult,84276,High,2_person,married_couple,1,F&B Eatery/Full-Service Restaurants,Public_transport,Walking
48373,33,Adult,63276,High,2_person,nonfamily_single,2,F&B Eatery/Full-Service Restaurants,Car,Car
54213,60,Senior,14069,Low,1_person,living_alone,1,F&B Eatery/Drinking Places,Walking,Car
41212,18,Teen,0,Debt,3_person,married_couple,1,F&B Eatery/Limited-Service Restaurants,Car,Car
43877,29,Young Adult,53672,Moderate,2_person,nonfamily_single,0,F&B Eatery/Drinking Places,Public_transport,Walking
47279,29,Young Adult,0,Debt,6_person,married_couple,2,F&B Eatery/Snack and Nonalcoholic Beverage Bars,Walking,Car
32471,21,Young Adult,0,Debt,3_person,married_couple,2,F&B Eatery/Drinking Places,Car,Public_transport
18482,72,Elderly,10229,Low,1_person,living_alone,1,F&B Eatery/Snack and Nonalcoholic Beverage Bars,Walking,Car
44999,37,Adult,185661,Ultra High,4_person,married_couple,1,F&B Eatery/Full-Service Restaurants,Walking,Public_transport
23385,27,Young Adult,101014,Very High,1_person,living_alone,0,F&B Eatery/Full-Service Restaurants,Walking,Walking
62972,22,Young Adult,0,Debt,4_person,nonfamily_single,0,F&B Eatery/Limited-Service Restaurants,Public_transport,Walking
40060,78,Elderly,10804,Low,1_person,living_alone,0,F&B Eatery/Drinking Places,Walking,Walking
28312,33,Adult,38163,Moderate,2_person,family_single,1,F&B Eatery/Full-Service Restaurants,Walking,Car
36439,35,Adult,151521,Ultra High,2_person,nonfamily_single,1,F&B Eatery/Full-Service Restaurants,Public_transport,Car
66932,39,Adult,103617,Very High,4_person,married_couple,1,F&B Eatery/Snack and Nonalcoholic Beverage Bars,Public_transport,Car
37909,19,Young Adult,3030,Low,5_person,married_couple,2,F&B Eatery/Snack and Nonalcoholic Beverage Bars,Car,Public_transport
43397,24,Young Adult,3241,Low,4_person,married_couple,3_plus,F&B Eatery/Limited-Service Restaurants,Car,Car
20800,31,Adult,107344,Very High,2_person,married_couple,0,F&B Eatery/Limited-Service Restaurants,Walking,Public_transport
41093,18,Teen,3232,Low,3_person,family_single,2,F&B Eatery/Limited-Service Restaurants,Car,Walking
49956,25,Young Adult,129962,Ultra High,3_person,nonfamily_single,1,F&B Eatery/Snack and Nonalcoholic Beverage Bars,Car,Walking
41708,32,Adult,15819,Low,7_plus_person,married_couple,1,F&B Eatery/Limited-Service Restaurants,Public_transport,Walking
26872,38,Adult,1265,Low,2_person,family_single,1,F&B Eatery/Full-Service Restaurants,Walking,Car
50361,29,Young Adult,32203,Moderate,2_person,nonfamily_single,2,F&B Eatery/Full-Service Restaurants,Car,Car
10394,23,Young Adult,19597,Low,1_person,living_alone,2,F&B Eatery/Snack and Nonalcoholic Beverage Bars,Car,Walking
65324,30,Young Adult,61586,High,2_person,nonfamily_single,2,F&B Eatery/Full-Service Restaurants,Walking,Walking
2934,23,Young Adult,15342,Low,6_person,family_single,1,F&B Eatery/Limited-Service Restaurants,Public_transport,Public_transport
10794,34,Adult,46415,Moderate,4_person,married_couple,1,F&B Eatery/Snack and Nonalcoholic Beverage Bars,Walking,Public_transport
48075,66,Elderly,151521,Ultra High,2_person,married_couple,1,F&B Eatery/Full-Service Restaurants,Walking,Car
4311,33,Adult,104044,Very High,1_person,living_alone,3_plus,F&B Eatery/Drinking Places,Car,Car
14691,55,Senior,10071,Low,2_person,nonfamily_single,0,F&B Eatery/Full-Service Restaurants,Walking,Public_transport
39365,63,Elderly,53672,Moderate,4_person,married_couple,3_plus,F&B Eatery/Snack and Nonalcoholic Beverage Bars,Walking,Car
21371,50,Middle Age,0,Debt,1_person,living_alone,1,F&B Eatery/Full-Service Restaurants,Public_transport,Public_transport
26986,40,Adult,97023,Very High,2_person,married_couple,1,F&B Eatery/Full-Service Restaurants,Walking,Car
1353,34,Adult,30943,Moderate,3_person,family_single,1,F&B Eatery/Full-Service Restaurants,Car,Car
12489,52,Senior,59824,Moderate,3_person,married_couple,0,F&B Eatery/Full-Service Restaurants,Public_transport,Public_transport
21217,21,Young Adult,12655,Low,6_person,married_couple,1,F&B Eatery/Limited-Service Restaurants,Walking,Public_transport
5752,76,Elderly,24754,Low,1_person,living_alone,1,F&B Eatery/Snack and Nonalcoholic Beverage Bars,Public_transport,Car
59763,21,Young Adult,805,Low,5_person,nonfamily_single,0,F&B Eatery/Drinking Places,Walking,Walking
37066,48,Middle Age,21609,Low,5_person,married_couple,3_plus,F&B Eatery/Full-Service Restaurants,Walking,Car
53695,63,Elderly,52730,Moderate,3_person,family_single,3_plus,F&B Eatery/Drinking Places,Car,Car
64426,46,Middle Age,24754,Low,1_person,living_alone,0,F&B Eatery/Limited-Service Restaurants,Walking,Walking
24406,34,Adult,78361,High,1_person,living_alone,1,F&B Eatery/Full-Service Restaurants,Car,Car
16440,29,Young Adult,15152,Low,4_person,married_couple,2,F&B Eatery/Snack and Nonalcoholic Beverage Bars,Car,Car
3412,35,Adult,361008,Ultra High,2_person,married_couple,2,F&B Eatery/Snack and Nonalcoholic Beverage Bars,Walking,Car
10416,50,Middle Age,48621,Moderate,3_person,married_couple,1,F&B Eatery/Full-Service Restaurants,Walking,Car
19239,37,Adult,107344,Very High,1_person,living_alone,1,F&B Eatery/Snack and Nonalcoholic Beverage Bars,Car,Car
400,16,Teen,1620,Low,5_person,family_single,1,F&B Eatery/Drinking Places,Walking,Car
35754,61,Elderly,60608,High,3_person,married_couple,2,F&B Eatery/Snack and Nonalcoholic Beverage Bars,Car,Car
45532,27,Young Adult,46297,Moderate,2_person,nonfamily_single,1,F&B Eatery/Limited-Service Restaurants,Car,Car
16043,28,Young Adult,35355,Moderate,3_person,married_couple,0,F&B Eatery/Full-Service Restaurants,Public_transport,Walking
43019,25,Young Adult,0,Debt,4_person,nonfamily_single,0,F&B Eatery/Snack and Nonalcoholic Beverage Bars,Public_transport,Walking
39373,40,Adult,10546,Low,3_person,family_single,1,F&B Eatery/Special Food Services,Walking,Car
21182,29,Young Adult,82516,High,2_person,nonfamily_single,1,F&B Eatery/Limited-Service Restaurants,Public_transport,Walking
30255,42,Middle Age,40791,Moderate,6_person,married_couple,3_plus,F&B Eatery/Snack and Nonalcoholic Beverage Bars,Car,Car
25570,24,Young Adult,0,Debt,2_person,nonfamily_single,0,F&B Eatery/Snack and Nonalcoholic Beverage Bars,Walking,Walking
26205,23,Young Adult,0,Debt,7_plus_person,family_single,3_plus,F&B Eatery/Full-Service Restaurants,Walking,Car
4846,55,Senior,13288,Low,1_person,living_alone,0,F&B Eatery/Full-Service Restaurants,Walking,Public_transport
24386,27,Young Adult,6854,Low,2_person,nonfamily_single,1,F&B Eatery/Snack and Nonalcoholic Beverage Bars,Car,Walking
48279,63,Elderly,15152,Low,2_person,family_single,1,F&B Eatery/Snack and Nonalcoholic Beverage Bars,Car,Car
42367,20,Young Adult,0,Debt,3_person,nonfamily_single,0,F&B Eatery/Snack and Nonalcoholic Beverage Bars,Walking,Walking
12664,33,Adult,270117,Ultra High,1_person,living_alone,1,F&B Eatery/Full-Service Restaurants,Walking,Car
6554,69,Elderly,25310,Low,2_person,married_couple,2,F&B Eatery/Drinking Places,Public_transport,Car
41548,28,Young Adult,41258,Moderate,1_person,living_alone,0,F&B Eatery/Snack and Nonalcoholic Beverage Bars,Walking,Walking
29401,80,Elderly,8889,Low,7_plus_person,nonfamily_single,0,F&B Eatery/Full-Service Restaurants,Walking,Public_transport
63856,64,Elderly,8664,Low,2_person,nonfamily_single,1,F&B Eatery/Drinking Places,Public_transport,Car
56410,62,Elderly,8870,Low,2_person,family_single,2,F&B Eatery/Full-Service Restaurants,Car,Car
59822,33,Adult,15126,Low,2_person,married_couple,2,F&B Eatery/Drinking Places,Car,Walking
43565,47,Middle Age,15342,Low,3_person,married_couple,1,F&B Eatery/Full-Service Restaurants,Car,Car
38549,51,Senior,124254,Ultra High,2_person,married_couple,1,F&B Eatery/Limited-Service Restaurants,Walking,Car
45009,32,Adult,18367,Low,2_person,nonfamily_single,1,F&B Eatery/Snack and Nonalcoholic Beverage Bars,Public_transport,Public_transport
19657,20,Young Adult,0,Debt,3_person,nonfamily_single,0,F&B Eatery/Snack and Nonalcoholic Beverage Bars,Walking,Walking
46715,27,Young Adult,0,Debt,4_person,married_couple,1,F&B Eatery/Full-Service Restaurants,Car,Car
597,47,Middle Age,134181,Ultra High,3_person,married_couple,2,F&B Eatery/Full-Service Restaurants,Car,Car
1102,74,Elderly,10734,Low,5_person,married_couple,1,F&B Eatery/Drinking Places,Car,Car
7233,54,Senior,77358,High,1_person,living_alone,1,F&B Eatery/Snack and Nonalcoholic Beverage Bars,Car,Car
47456,27,Young Adult,4040,Low,5_person,family_single,3_plus,F&B Eatery/Full-Service Restaurants,Walking,Walking
58732,64,Elderly,0,Debt,3_person,family_single,2,F&B Eatery/Full-Service Restaurants,Public_transport,Car
44504,43,Middle Age,75632,High,2_person,nonfamily_single,1,F&B Eatery/Full-Service Restaurants,Car,Car
31106,43,Middle Age,48478,Moderate,3_person,married_couple,1,F&B Eatery/Limited-Service Restaurants,Car,Car
66038,39,Adult,62221,High,7_plus_person,family_single,1,F&B Eatery/Full-Service Restaurants,Walking,Public_transport
519,83,Elderly,22279,Low,1_person,living_alone,1,F&B Eatery/Snack and Nonalcoholic Beverage Bars,Car,Car
34523,22,Young Adult,0,Debt,4_person,married_couple,3_plus,F&B Eatery/Snack and Nonalcoholic Beverage Bars,Public_transport,Car
37276,24,Young Adult,40405,Moderate,5_person,married_couple,2,F&B Eatery/Full-Service Restaurants,Walking,Car
34131,53,Senior,0,Debt,4_person,family_single,1,F&B Eatery/Full-Service Restaurants,Car,Car
45687,59,Senior,154717,Ultra High,2_person,married_couple,0,F&B Eatery/Full-Service Restaurants,Walking,Public_transport
40719,26,Young Adult,8436,Low,4_person,family_single,1,F&B Eatery/Limited-Service Restaurants,Car,Car
48877,28,Young Adult,5186,Low,3_person,family_single,0,F&B Eatery/Full-Service Restaurants,Public_transport,Walking
5263,78,Elderly,13613,Low,1_person,living_alone,0,F&B Eatery/Full-Service Restaurants,Car,Walking
33837,42,Middle Age,161017,Ultra High,2_person,nonfamily_single,2,F&B Eatery/Full-Service Restaurants,Public_transport,Car
47952,34,Adult,126774,Ultra High,2_person,married_couple,2,F&B Eatery/Full-Service Restaurants,Public_transport,Car
8419,42,Middle Age,44352,Moderate,5_person,married_couple,1,F&B Eatery/Limited-Service Restaurants,Walking,Car
17463,19,Young Adult,16531,Low,5_person,family_single,1,F&B Eatery/Drinking Places,Public_transport,Car
60088,28,Young Adult,100483,Very High,1_person,living_alone,1,F&B Eatery/Full-Service Restaurants,Walking,Car
26784,33,Adult,633865,Ultra High,1_person,living_alone,0,F&B Eatery/Full-Service Restaurants,Walking,Walking
22995,28,Young Adult,77781,High,2_person,married_couple,2,F&B Eatery/Snack and Nonalcoholic Beverage Bars,Walking,Walking
24230,52,Senior,9508,Low,2_person,family_single,1,F&B Eatery/Full-Service Restaurants,Car,Car
32694,22,Young Adult,3163,Low,6_person,nonfamily_single,0,F&B Eatery/Full-Service Restaurants,Car,Walking
665,38,Adult,119170,Very High,4_person,married_couple,2,F&B Eatery/Snack and Nonalcoholic Beverage Bars,Public_transport,Car
31320,32,Adult,0,Debt,5_person,married_couple,1,F&B Eatery/Snack and Nonalcoholic Beverage Bars,Car,Car
60346,18,Teen,0,Debt,5_person,family_single,1,F&B Eatery/Snack and Nonalcoholic Beverage Bars,Walking,Car
13796,32,Adult,52604,Moderate,3_person,married_couple,2,F&B Eatery/Full-Service Restaurants,Car,Car
66541,44,Middle Age,88022,High,4_person,family_single,1,F&B Eatery/Full-Service Restaurants,Car,Public_transport
49868,84,Elderly,6060,Low,2_person,married_couple,0,F&B Eatery/Limited-Service Restaurants,Public_transport,Public_transport
62280,53,Senior,1080,Low,3_person,married_couple,1,F&B Eatery/Full-Service Restaurants,Walking,Car
29171,32,Adult,103145,Very High,3_person,nonfamily_single,1,F&B Eatery/Full-Service Restaurants,Public_transport,Car
25605,32,Adult,31638,Moderate,3_person,married_couple,1,F&B Eatery/Full-Service Restaurants,Car,Car
34467,40,Adult,19448,Low,3_person,nonfamily_single,0,F&B Eatery/Snack and Nonalcoholic Beverage Bars,Public_transport,Walking
28419,74,Elderly,17071,Low,2_person,married_couple,3_plus,F&B Eatery/Limited-Service Restaurants,Car,Car
44932,30,Young Adult,75931,High,2_person,nonfamily_single,1,F&B Eatery/Snack and Nonalcoholic Beverage Bars,Public_transport,Walking
18261,30,Young Adult,56948,Moderate,2_person,nonfamily_single,1,F&B Eatery/Limited-Service Restaurants,Car,Car
60268,18,Teen,8858,Low,2_person,family_single,1,F&B Eatery/Limited-Service Restaurants,Public_transport,Walking
23704,73,Elderly,32324,Moderate,2_person,married_couple,1,F&B Eatery/Drinking Places,Walking,Car
65003,63,Elderly,20629,Low,1_person,living_alone,0,F&B Eatery/Full-Service Restaurants,Public_transport,Walking
23184,61,Elderly,48621,Moderate,2_person,married_couple,1,F&B Eatery/Full-Service Restaurants,Walking,Car
37684,28,Young Adult,0,Debt,2_person,nonfamily_single,2,F&B Eatery/Limited-Service Restaurants,Car,Walking
7065,26,Young Adult,50621,Moderate,3_person,nonfamily_single,1,F&B Eatery/Full-Service Restaurants,Car,Car
66779,31,Adult,64828,High,4_person,nonfamily_single,2,F&B Eatery/Limited-Service Restaurants,Public_transport,Public_transport
2979,23,Young Adult,0,Debt,3_person,married_couple,2,F&B Eatery/Full-Service Restaurants,Walking,Public_transport
16988,38,Adult,52730,Moderate,4_person,nonfamily_single,2,F&B Eatery/Drinking Places,Car,Car
13750,21,Young Adult,17175,Low,4_person,nonfamily_single,1,F&B Eatery/Limited-Service Restaurants,Car,Car
41758,63,Elderly,96973,Very High,1_person,living_alone,1,F&B Eatery/Limited-Service Restaurants,Car,Car
6861,30,Young Adult,0,Debt,2_person,married_couple,2,F&B Eatery/Limited-Service Restaurants,Car,Public_transport
8168,63,Elderly,81773,High,1_person,living_alone,1,F&B Eatery/Full-Service Restaurants,Car,Car
18897,38,Adult,121217,Ultra High,3_person,married_couple,1,F&B Eatery/Limited-Service Restaurants,Car,Car
32450,29,Young Adult,97242,Very High,2_person,nonfamily_single,1,F&B Eatery/Full-Service Restaurants,Car,Car
65357,52,Senior,32414,Moderate,3_person,married_couple,1,F&B Eatery/Full-Service Restaurants,Public_transport,Car
8128,33,Adult,86491,High,3_person,married_couple,1,F&B Eatery/Full-Service Restaurants,Walking,Car
29011,32,Adult,30304,Moderate,3_person,family_single,0,F&B Eatery/Full-Service Restaurants,Public_transport,Walking
43876,69,Elderly,195564,Ultra High,3_person,family_single,1,F&B Eatery/Snack and Nonalcoholic Beverage Bars,Public_transport,Car
46412,41,Middle Age,202130,Ultra High,4_person,married_couple,2,F&B Eatery/Full-Service Restaurants,Car,Car
55744,73,Elderly,4401,Low,2_person,married_couple,0,F&B Eatery/Snack and Nonalcoholic Beverage Bars,Walking,Public_transport
53386,65,Elderly,15028,Low,1_person,living_alone,0,F&B Eatery/Limited-Service Restaurants,Public_transport,Walking
16475,68,Elderly,52527,Moderate,1_person,living_alone,0,F&B Eatery/Limited-Service Restaurants,Walking,Public_transport
48137,55,Senior,110424,Very High,1_person,living_alone,1,F&B Eatery/Snack and Nonalcoholic Beverage Bars,Car,Car
51729,50,Middle Age,44440,Moderate,2_person,family_single,1,F&B Eatery/Full-Service Restaurants,Car,Car
20229,64,Elderly,432,Low,3_person,married_couple,2,F&B Eatery/Full-Service Restaurants,Walking,Car
27250,82,Elderly,64056,High,2_person,married_couple,1,F&B Eatery/Limited-Service Restaurants,Walking,Car
41152,62,Elderly,0,Debt,2_person,married_couple,0,F&B Eatery/Full-Service Restaurants,Walking,Public_transport
38014,23,Young Adult,0,Debt,6_person,family_single,1,F&B Eatery/Limited-Service Restaurants,Walking,Public_transport
52960,72,Elderly,326301,Ultra High,2_person,married_couple,0,F&B Eatery/Full-Service Restaurants,Car,Public_transport
46232,45,Middle Age,30304,Moderate,5_person,married_couple,2,F&B Eatery/Full-Service Restaurants,Car,Car
39709,29,Young Adult,47457,Moderate,2_person,nonfamily_single,2,F&B Eatery/Limited-Service Restaurants,Walking,Car
53412,63,Elderly,27011,Low,1_person,living_alone,1,F&B Eatery/Full-Service Restaurants,Car,Car
36664,83,Elderly,35960,Moderate,1_person,living_alone,1,F&B Eatery/Full-Service Restaurants,Car,Car
20080,25,Young Adult,9283,Low,1_person,living_alone,1,F&B Eatery/Full-Service Restaurants,Walking,Walking
17733,24,Young Adult,18182,Low,3_person,nonfamily_single,0,F&B Eatery/Snack and Nonalcoholic Beverage Bars,Walking,Walking
34489,35,Adult,92830,Very High,1_person,living_alone,0,F&B Eatery/Snack and Nonalcoholic Beverage Bars,Walking,Walking
38674,77,Elderly,11020,Low,1_person,living_alone,0,F&B Eatery/Drinking Places,Walking,Walking
36545,52,Senior,74264,High,2_person,nonfamily_single,0,F&B Eatery/Snack and Nonalcoholic Beverage Bars,Walking,Public_transport
49510,82,Elderly,21683,Low,2_person,family_single,0,F&B Eatery/Drinking Places,Public_transport,Walking
15210,21,Young Adult,0,Debt,2_person,nonfamily_single,0,F&B Eatery/Full-Service Restaurants,Walking,Walking
64555,54,Senior,210921,Ultra High,2_person,married_couple,1,F&B Eatery/Snack and Nonalcoholic Beverage Bars,Walking,Car
15722,86,Elderly,70847,High,1_person,living_alone,1,F&B Eatery/Full-Service Restaurants,Car,Car
60918,29,Young Adult,52,Low,3_person,family_single,0,F&B Eatery/Limited-Service Restaurants,Walking,Walking
4050,63,Elderly,4218,Low,4_person,married_couple,3_plus,F&B Eatery/Full-Service Restaurants,Public_transport,Car
33382,62,Elderly,17928,Low,4_person,married_couple,2,F&B Eatery/Drinking Places,Public_transport,Car
45048,28,Young Adult,121012,Ultra High,2_person,family_single,2,F&B Eatery/Full-Service Restaurants,Public_transport,Public_transport
13894,77,Elderly,10124,Low,1_person,living_alone,0,F&B Eatery/Full-Service Restaurants,Walking,Walking
40473,44,Middle Age,118079,Very High,5_person,married_couple,1,F&B Eatery/Snack and Nonalcoholic Beverage Bars,Public_transport,Car
16956,83,Elderly,65760,High,2_person,married_couple,1,F&B Eatery/Drinking Places,Car,Car
44997,37,Adult,66989,High,2_person,nonfamily_single,1,F&B Eatery/Full-Service Restaurants,Walking,Car
51914,40,Adult,14491,Low,3_person,married_couple,1,F&B Eatery/Drinking Places,Car,Walking
19965,53,Senior,96610,Very High,2_person,nonfamily_single,2,F&B Eatery/Snack and Nonalcoholic Beverage Bars,Walking,Car
39873,34,Adult,0,Debt,4_person,married_couple,2,F&B Eatery/Drinking Places,Car,Car
6372,28,Young Adult,42937,Moderate,5_person,married_couple,3_plus,F&B Eatery/Limited-Service Restaurants,Car,Car
7244,65,Elderly,59469,Moderate,2_person,nonfamily_single,1,F&B Eatery/Full-Service Restaurants,Car,Car
44645,27,Young Adult,37570,Moderate,5_person,nonfamily_single,0,F&B Eatery/Limited-Service Restaurants,Public_transport,Public_transport
5062,32,Adult,18367,Low,2_person,nonfamily_single,1,F&B Eatery/Full-Service Restaurants,Public_transport,Public_transport
36370,25,Young Adult,64330,High,1_person,living_alone,0,F&B Eatery/Full-Service Restaurants,Public_transport,Walking
22139,85,Elderly,11389,Low,2_person,married_couple,2,F&B Eatery/Limited-Service Restaurants,Public_transport,Car
27563,28,Young Adult,0,Debt,4_person,nonfamily_single,3_plus,F&B Eatery/Full-Service Restaurants,Walking,Walking
15764,32,Adult,83547,High,2_person,married_couple,1,F&B Eatery/Limited-Service Restaurants,Walking,Car
44624,51,Senior,21468,Low,1_person,living_alone,1,F&B Eatery/Snack and Nonalcoholic Beverage Bars,Car,Car
23332,41,Middle Age,161017,Ultra High,1_person,living_alone,1,F&B Eatery/Full-Service Restaurants,Car,Car
40524,80,Elderly,31441,Moderate,2_person,family_single,3_plus,F&B Eatery/Snack and Nonalcoholic Beverage Bars,Car,Car
42406,24,Young Adult,50507,Moderate,2_person,nonfamily_single,1,F&B Eatery/Limited-Service Restaurants,Public_transport,Car
57442,57,Senior,185661,Ultra High,2_person,married_couple,1,F&B Eatery/Full-Service Restaurants,Public_transport,Car
25596,65,Elderly,34243,Moderate,1_person,living_alone,1,F&B Eatery/Full-Service Restaurants,Walking,Car
16412,27,Young Adult,52730,Moderate,4_person,nonfamily_single,3_plus,F&B Eatery/Limited-Service Restaurants,Walking,Public_transport
26442,36,Adult,0,Debt,2_person,nonfamily_single,1,F&B Eatery/Full-Service Restaurants,Car,Public_transport
43203,20,Young Adult,0,Debt,3_person,nonfamily_single,1,F&B Eatery/Full-Service Restaurants,Walking,Walking
10086,34,Adult,66989,High,4_person,family_single,2,F&B Eatery/Snack and Nonalcoholic Beverage Bars,Walking,Public_transport
26145,51,Senior,0,Debt,5_person,family_single,1,F&B Eatery/Full-Service Restaurants,Car,Car
30794,30,Young Adult,30943,Moderate,5_person,nonfamily_single,1,F&B Eatery/Drinking Places,Car,Car
19768,45,Middle Age,10756,Low,2_person,family_single,1,F&B Eatery/Snack and Nonalcoholic Beverage Bars,Walking,Car
10766,20,Young Adult,461,Low,3_person,nonfamily_single,0,F&B Eatery/Full-Service Restaurants,Walking,Walking
25958,23,Young Adult,51517,Moderate,2_person,nonfamily_single,0,F&B Eatery/Special Food Services,Walking,Walking
22401,26,Young Adult,94925,Very High,3_person,nonfamily_single,1,F&B Eatery/Full-Service Restaurants,Public_transport,Car
35724,62,Elderly,48933,Moderate,3_person,married_couple,2,F&B Eatery/Snack and Nonalcoholic Beverage Bars,Car,Car
7869,33,Adult,17175,Low,2_person,nonfamily_single,0,F&B Eatery/Limited-Service Restaurants,Walking,Walking
29823,49,Middle Age,56568,Moderate,5_person,married_couple,2,F&B Eatery/Full-Service Restaurants,Car,Car
44702,45,Middle Age,0,Debt,6_person,married_couple,3_plus,F&B Eatery/Full-Service Restaurants,Car,Car
44874,23,Young Adult,0,Debt,3_person,nonfamily_single,1,F&B Eatery/Snack and Nonalcoholic Beverage Bars,Walking,Walking
42438,26,Young Adult,0,Debt,2_person,nonfamily_single,0,F&B Eatery/Snack and Nonalcoholic Beverage Bars,Walking,Walking
5409,20,Young Adult,0,Debt,2_person,nonfamily_single,0,F&B Eatery/Full-Service Restaurants,Public_transport,Walking
25995,33,Adult,10314,Low,1_person,living_alone,0,F&B Eatery/Snack and Nonalcoholic Beverage Bars,Walking,Walking
40288,29,Young Adult,303043,Ultra High,2_person,married_couple,2,F&B Eatery/Limited-Service Restaurants,Walking,Car
50255,25,Young Adult,64828,High,3_person,nonfamily_single,1,F&B Eatery/Drinking Places,Car,Walking
37207,53,Senior,52,Low,4_person,family_single,2,F&B Eatery/Full-Service Restaurants,Public_transport,Car
44966,24,Young Adult,3757,Low,4_person,family_single,1,F&B Eatery/Full-Service Restaurants,Walking,Car
60140,64,Elderly,43449,Moderate,3_person,family_single,2,F&B Eatery/Full-Service Restaurants,Public_transport,Car
66994,41,Middle Age,215160,Ultra High,5_person,married_couple,1,F&B Eatery/Full-Service Restaurants,Car,Car
37458,19,Young Adult,0,Debt,2_person,nonfamily_single,0,F&B Eatery/Full-Service Restaurants,Walking,Walking
34326,73,Elderly,16101,Low,2_person,married_couple,1,F&B Eatery/Snack and Nonalcoholic Beverage Bars,Car,Car
10892,36,Adult,22473,Low,6_person,family_single,0,F&B Eatery/Full-Service Restaurants,Public_transport,Public_transport
35256,56,Senior,308404,Ultra High,2_person,married_couple,2,F&B Eatery/Snack and Nonalcoholic Beverage Bars,Car,Car
3291,25,Young Adult,70231,High,2_person,nonfamily_single,2,F&B Eatery/Full-Service Restaurants,Walking,Walking
18147,79,Elderly,65908,High,1_person,living_alone,1,F&B Eatery/Limited-Service Restaurants,Car,Car
36291,27,Young Adult,59824,Moderate,5_person,married_couple,3_plus,F&B Eatery/Limited-Service Restaurants,Walking,Car
37310,64,Elderly,90913,Very High,1_person,living_alone,1,F&B Eatery/Snack and Nonalcoholic Beverage Bars,Car,Car
15371,27,Young Adult,89895,High,1_person,living_alone,1,F&B Eatery/Full-Service Restaurants,Public_transport,Walking
3400,55,Senior,597961,Ultra High,2_person,family_single,0,F&B Eatery/Drinking Places,Walking,Public_transport
59067,45,Middle Age,42138,Moderate,2_person,married_couple,1,F&B Eatery/Full-Service Restaurants,Car,Car
53015,66,Elderly,169175,Ultra High,2_person,married_couple,2,F&B Eatery/Full-Service Restaurants,Car,Car
50041,68,Elderly,24135,Low,2_person,family_single,2,F&B Eatery/Limited-Service Restaurants,Car,Car
17350,25,Young Adult,60608,High,2_person,nonfamily_single,0,F&B Eatery/Drinking Places,Public_transport,Walking
2272,22,Young Adult,0,Debt,3_person,married_couple,1,F&B Eatery/Limited-Service Restaurants,Car,Public_transport
18758,25,Young Adult,58588,Moderate,2_person,family_single,2,F&B Eatery/Limited-Service Restaurants,Walking,Car
14429,81,Elderly,3816,Low,2_person,nonfamily_single,0,F&B Eatery/Full-Service Restaurants,Walking,Walking
63433,38,Adult,20629,Low,4_person,married_couple,1,F&B Eatery/Snack and Nonalcoholic Beverage Bars,Car,Public_transport
33001,56,Senior,45379,Moderate,1_person,living_alone,1,F&B Eatery/Full-Service Restaurants,Walking,Car
35454,50,Middle Age,0,Debt,1_person,living_alone,1,F&B Eatery/Drinking Places,Walking,Public_transport
30598,28,Young Adult,92830,Very High,2_person,nonfamily_single,2,F&B Eatery/Full-Service Restaurants,Car,Car
25112,19,Young Adult,0,Debt,2_person,family_single,1,F&B Eatery/Limited-Service Restaurants,Walking,Walking
45591,22,Young Adult,0,Debt,6_person,nonfamily_single,0,F&B Eatery/Full-Service Restaurants,Walking,Walking
9843,28,Young Adult,19322,Low,2_person,nonfamily_single,1,F&B Eatery/Full-Service Restaurants,Car,Walking
16676,33,Adult,24634,Low,5_person,family_single,1,F&B Eatery/Limited-Service Restaurants,Public_transport,Car
27412,37,Adult,26365,Low,3_person,family_single,1,F&B Eatery/Drinking Places,Walking,Car
61777,44,Middle Age,13408,Low,4_person,married_couple,1,F&B Eatery/Full-Service Restaurants,Car,Car
64357,31,Adult,53672,Moderate,3_person,married_couple,1,F&B Eatery/Full-Service Restaurants,Public_transport,Car
11392,26,Young Adult,32203,Moderate,6_person,nonfamily_single,0,F&B Eatery/Snack and Nonalcoholic Beverage Bars,Walking,Walking
19254,59,Senior,57966,Moderate,1_person,living_alone,0,F&B Eatery/Full-Service Restaurants,Walking,Public_transport
17261,56,Senior,72994,High,2_person,married_couple,1,F&B Eatery/Full-Service Restaurants,Walking,Car
29510,67,Elderly,6870,Low,2_person,married_couple,0,F&B Eatery/Full-Service Restaurants,Walking,Public_transport
27785,23,Young Adult,4408,Low,2_person,married_couple,1,F&B Eatery/Full-Service Restaurants,Car,Public_transport
9964,79,Elderly,18982,Low,2_person,married_couple,1,F&B Eatery/Full-Service Restaurants,Car,Car
10635,29,Young Adult,0,Debt,1_person,living_alone,0,F&B Eatery/Snack and Nonalcoholic Beverage Bars,Walking,Walking
32624,22,Young Adult,0,Debt,3_person,married_couple,2,F&B Eatery/Snack and Nonalcoholic Beverage Bars,Car,Public_transport
65381,81,Elderly,14764,Low,1_person,living_alone,0,F&B Eatery/Snack and Nonalcoholic Beverage Bars,Public_transport,Walking
42495,29,Young Adult,55819,Moderate,3_person,married_couple,1,F&B Eatery/Limited-Service Restaurants,Car,Car
42278,57,Senior,103145,Very High,2_person,nonfamily_single,1,F&B Eatery/Snack and Nonalcoholic Beverage Bars,Car,Car
13231,28,Young Adult,5152,Low,7_plus_person,nonfamily_single,1,F&B Eatery/Limited-Service Restaurants,Car,Walking
2739,73,Elderly,8889,Low,7_plus_person,nonfamily_single,0,F&B Eatery/Snack and Nonalcoholic Beverage Bars,Walking,Public_transport
13201,50,Middle Age,90169,Very High,3_person,married_couple,3_plus,F&B Eatery/Full-Service Restaurants,Walking,Walking
63143,95,Elderly,78357,High,5_person,married_couple,3_plus,F&B Eatery/Full-Service Restaurants,Car,Car
54471,60,Senior,101014,Very High,2_person,married_couple,2,F&B Eatery/Snack and Nonalcoholic Beverage Bars,Public_transport,Car
21263,49,Middle Age,47457,Moderate,2_person,married_couple,1,F&B Eatery/Limited-Service Restaurants,Public_transport,Car
4357,42,Middle Age,78949,High,1_person,living_alone,0,F&B Eatery/Full-Service Restaurants,Walking,Public_transport
43310,26,Young Adult,67044,High,2_person,nonfamily_single,1,F&B Eatery/Full-Service Restaurants,Car,Walking
28754,59,Senior,17717,Low,2_person,married_couple,2,F&B Eatery/Full-Service Restaurants,Public_transport,Car
19775,47,Middle Age,80811,High,2_person,nonfamily_single,1,F&B Eatery/Full-Service Restaurants,Car,Car
6642,40,Adult,286743,Ultra High,4_person,married_couple,0,F&B Eatery/Full-Service Restaurants,Walking,Walking
10420,23,Young Adult,18033,Low,3_person,nonfamily_single,0,F&B Eatery/Snack and Nonalcoholic Beverage Bars,Public_transport,Walking
59616,50,Middle Age,12881,Low,5_person,married_couple,3_plus,F&B Eatery/Snack and Nonalcoholic Beverage Bars,Car,Car
20802,35,Adult,39900,Moderate,2_person,married_couple,1,F&B Eatery/Limited-Service Restaurants,Walking,Car
42770,30,Young Adult,27011,Low,4_person,married_couple,1,F&B Eatery/Limited-Service Restaurants,Public_transport,Public_transport
37415,49,Middle Age,596906,Ultra High,2_person,nonfamily_single,2,F&B Eatery/Full-Service Restaurants,Car,Car
48340,73,Elderly,22485,Low,3_person,married_couple,1,F&B Eatery/Limited-Service Restaurants,Car,Car
47307,31,Adult,92830,Very High,2_person,married_couple,2,F&B Eatery/Snack and Nonalcoholic Beverage Bars,Car,Car
61927,56,Senior,25416,Low,4_person,married_couple,2,F&B Eatery/Drinking Places,Public_transport,Public_transport
41831,44,Middle Age,88022,High,4_person,family_single,1,F&B Eatery/Snack and Nonalcoholic Beverage Bars,Car,Public_transport
49508,31,Adult,83196,High,2_person,married_couple,2,F&B Eatery/Full-Service Restaurants,Walking,Car
27937,21,Young Adult,0,Debt,3_person,family_single,0,F&B Eatery/Limited-Service Restaurants,Walking,Walking
17070,70,Elderly,190818,Ultra High,1_person,living_alone,1,F&B Eatery/Full-Service Restaurants,Car,Car
20968,29,Young Adult,91839,Very High,2_person,nonfamily_single,2,F&B Eatery/Full-Service Restaurants,Public_transport,Car
48506,48,Middle Age,59901,Moderate,2_person,family_single,1,F&B Eatery/Full-Service Restaurants,Car,Car
17221,29,Young Adult,42937,Moderate,4_person,nonfamily_single,3_plus,F&B Eatery/Limited-Service Restaurants,Walking,Public_transport
56165,25,Young Adult,86251,High,3_person,nonfamily_single,0,F&B Eatery/Full-Service Restaurants,Walking,Walking
8458,31,Adult,64828,High,1_person,living_alone,1,F&B Eatery/Limited-Service Restaurants,Car,Car
5791,75,Elderly,10734,Low,6_person,married_couple,0,F&B Eatery/Full-Service Restaurants,Public_transport,Public_transport
26582,32,Adult,129818,Ultra High,1_person,living_alone,0,F&B Eatery/Full-Service Restaurants,Public_transport,Walking
1726,21,Young Adult,0,Debt,3_person,family_single,0,F&B Eatery/Full-Service Restaurants,Public_transport,Walking
39139,30,Young Adult,7192,Low,6_person,family_single,0,F&B Eatery/Drinking Places,Public_transport,Walking
18608,29,Young Adult,15819,Low,2_person,married_couple,2,F&B Eatery/Limited-Service Restaurants,Car,Public_transport
51514,26,Young Adult,26263,Low,4_person,nonfamily_single,0,F&B Eatery/Full-Service Restaurants,Public_transport,Walking
63250,80,Elderly,31441,Moderate,2_person,family_single,3_plus,F&B Eatery/Full-Service Restaurants,Car,Car
47322,91,Elderly,0,Debt,2_person,family_single,1,F&B Eatery/Full-Service Restaurants,Car,Car
19563,33,Adult,58003,Moderate,2_person,married_couple,0,F&B Eatery/Limited-Service Restaurants,Public_transport,Public_transport
43052,30,Young Adult,49566,Moderate,1_person,living_alone,1,F&B Eatery/Full-Service Restaurants,Walking,Car
58984,77,Elderly,12338,Low,1_person,living_alone,1,F&B Eatery/Snack and Nonalcoholic Beverage Bars,Public_transport,Car
37375,28,Young Adult,98757,Very High,2_person,nonfamily_single,1,F&B Eatery/Full-Service Restaurants,Public_transport,Car
60109,26,Young Adult,37981,Moderate,3_person,nonfamily_single,1,F&B Eatery/Full-Service Restaurants,Car,Car
46946,50,Middle Age,101082,Very High,3_person,married_couple,2,F&B Eatery/Full-Service Restaurants,Car,Walking
48521,73,Elderly,15558,Low,1_person,living_alone,0,F&B Eatery/Drinking Places,Public_transport,Walking
61954,75,Elderly,41129,Moderate,2_person,married_couple,1,F&B Eatery/Snack and Nonalcoholic Beverage Bars,Walking,Car
43883,28,Young Adult,55819,Moderate,2_person,family_single,1,F&B Eatery/Full-Service Restaurants,Car,Car
20607,21,Young Adult,0,Debt,4_person,nonfamily_single,0,F&B Eatery/Full-Service Restaurants,Walking,Walking
1067,24,Young Adult,0,Debt,4_person,nonfamily_single,0,F&B Eatery/Full-Service Restaurants,Walking,Walking
40048,25,Young Adult,53672,Moderate,3_person,married_couple,1,F&B Eatery/Drinking Places,Walking,Car
23763,19,Young Adult,3030,Low,5_person,married_couple,2,F&B Eatery/Drinking Places,Public_transport,Public_transport
24485,55,Senior,37570,Moderate,2_person,married_couple,1,F&B Eatery/Full-Service Restaurants,Walking,Car
11258,56,Senior,39977,Moderate,3_person,family_single,2,F&B Eatery/Snack and Nonalcoholic Beverage Bars,Car,Car
10940,24,Young Adult,4744,Low,2_person,nonfamily_single,0,F&B Eatery/Snack and Nonalcoholic Beverage Bars,Walking,Walking
59883,20,Young Adult,0,Debt,3_person,nonfamily_single,0,F&B Eatery/Limited-Service Restaurants,Walking,Walking
44149,59,Senior,1296,Low,2_person,family_single,2,F&B Eatery/Snack and Nonalcoholic Beverage Bars,Public_transport,Car
16006,56,Senior,19899,Low,1_person,living_alone,1,F&B Eatery/Full-Service Restaurants,Car,Car
23351,22,Young Adult,0,Debt,3_person,married_couple,2,F&B Eatery/Snack and Nonalcoholic Beverage Bars,Walking,Public_transport
28205,32,Adult,9670,Low,3_person,family_single,1,F&B Eatery/Snack and Nonalcoholic Beverage Bars,Public_transport,Car
38934,83,Elderly,9280,Low,2_person,married_couple,1,F&B Eatery/Full-Service Restaurants,Car,Car
6461,46,Middle Age,205059,Ultra High,4_person,married_couple,1,F&B Eatery/Full-Service Restaurants,Car,Car
19445,73,Elderly,54887,Moderate,1_person,living_alone,1,F&B Eatery/Full-Service Restaurants,Car,Car
889,44,Middle Age,0,Debt,4_person,married_couple,1,F&B Eatery/Full-Service Restaurants,Car,Car
33734,27,Young Adult,81204,High,3_person,nonfamily_single,1,F&B Eatery/Full-Service Restaurants,Walking,Walking
10481,30,Young Adult,47457,Moderate,2_person,married_couple,0,F&B Eatery/Full-Service Restaurants,Public_transport,Walking
5153,47,Middle Age,107569,Very High,2_person,married_couple,1,F&B Eatery/Limited-Service Restaurants,Public_transport,Car
34731,48,Middle Age,63276,High,7_plus_person,family_single,1,F&B Eatery/Full-Service Restaurants,Car,Car
27701,21,Young Adult,0,Debt,4_person,married_couple,2,F&B Eatery/Full-Service Restaurants,Car,Car
9850,21,Young Adult,6327,Low,6_person,nonfamily_single,0,F&B Eatery/Limited-Service Restaurants,Walking,Walking
12062,28,Young Adult,0,Debt,2_person,married_couple,0,F&B Eatery/Limited-Service Restaurants,Walking,Walking
14496,37,Adult,21468,Low,2_person,nonfamily_single,1,F&B Eatery/Limited-Service Restaurants,Public_transport,Public_transport
25703,54,Senior,79801,High,3_person,married_couple,1,F&B Eatery/Limited-Service Restaurants,Public_transport,Car
1909,28,Young Adult,0,Debt,2_person,married_couple,1,F&B Eatery/Full-Service Restaurants,Car,Public_transport
15690,34,Adult,85875,High,1_person,living_alone,1,F&B Eatery/Full-Service Restaurants,Walking,Car
8353,45,Middle Age,10546,Low,2_person,nonfamily_single,0,F&B Eatery/Full-Service Restaurants,Walking,Walking
39601,64,Elderly,0,Debt,2_person,married_couple,1,F&B Eatery/Snack and Nonalcoholic Beverage Bars,Car,Car
25892,85,Elderly,70860,High,2_person,married_couple,1,F&B Eatery/Snack and Nonalcoholic Beverage Bars,Car,Car
4134,39,Adult,15028,Low,2_person,nonfamily_single,0,F&B Eatery/Full-Service Restaurants,Public_transport,Walking
59431,54,Senior,19448,Low,7_plus_person,married_couple,2,F&B Eatery/Full-Service Restaurants,Car,Car
2738,48,Middle Age,8120,Low,3_person,married_couple,1,F&B Eatery/Full-Service Restaurants,Car,Car
2835,69,Elderly,256480,Ultra High,3_person,married_couple,1,F&B Eatery/Full-Service Restaurants,Public_transport,Car
26119,86,Elderly,10520,Low,1_person,living_alone,0,F&B Eatery/Snack and Nonalcoholic Beverage Bars,Public_transport,Walking
44223,28,Young Adult,36365,Moderate,2_person,nonfamily_single,1,F&B Eatery/Snack and Nonalcoholic Beverage Bars,Public_transport,Car
7213,31,Adult,0,Debt,3_person,married_couple,1,F&B Eatery/Limited-Service Restaurants,Car,Car
40373,29,Young Adult,52,Low,3_person,family_single,0,F&B Eatery/Full-Service Restaurants,Public_transport,Walking
33743,31,Adult,92830,Very High,2_person,married_couple,2,F&B Eatery/Limited-Service Restaurants,Walking,Car
35036,53,Senior,35069,Moderate,1_person,living_alone,1,F&B Eatery/Full-Service Restaurants,Public_transport,Car
36538,40,Adult,151531,Ultra High,3_person,married_couple,1,F&B Eatery/Full-Service Restaurants,Public_transport,Car
58362,72,Elderly,30163,Moderate,1_person,living_alone,1,F&B Eatery/Snack and Nonalcoholic Beverage Bars,Car,Car
47752,51,Senior,0,Debt,2_person,married_couple,0,F&B Eatery/Full-Service Restaurants,Public_transport,Public_transport
67021,23,Young Adult,12641,Low,3_person,family_single,1,F&B Eatery/Snack and Nonalcoholic Beverage Bars,Walking,Walking
132,30,Young Adult,65480,High,2_person,nonfamily_single,0,F&B Eatery/Full-Service Restaurants,Public_transport,Walking
42899,24,Young Adult,0,Debt,3_person,nonfamily_single,0,F&B Eatery/Full-Service Restaurants,Walking,Walking
47098,54,Senior,11284,Low,2_person,family_single,1,F&B Eatery/Full-Service Restaurants,Car,Car
33349,33,Adult,343933,Ultra High,3_person,married_couple,2,F&B Eatery/Drinking Places,Public_transport,Car
41563,56,Senior,601389,Ultra High,3_person,married_couple,2,F&B Eatery/Snack and Nonalcoholic Beverage Bars,Car,Car
9716,54,Senior,77288,High,3_person,married_couple,1,F&B Eatery/Full-Service Restaurants,Walking,Car
41803,43,Middle Age,25931,Low,3_person,family_single,1,F&B Eatery/Snack and Nonalcoholic Beverage Bars,Walking,Car
48760,40,Adult,0,Debt,5_person,married_couple,2,F&B Eatery/Full-Service Restaurants,Walking,Car
55991,21,Young Adult,0,Debt,3_person,nonfamily_single,0,F&B Eatery/Snack and Nonalcoholic Beverage Bars,Walking,Walking
33161,52,Senior,0,Debt,5_person,married_couple,2,F&B Eatery/Full-Service Restaurants,Walking,Car
42986,79,Elderly,23723,Low,1_person,living_alone,1,F&B Eatery/Drinking Places,Walking,Car
22942,44,Middle Age,27273,Low,3_person,family_single,1,F&B Eatery/Full-Service Restaurants,Walking,Car
63678,31,Adult,90913,Very High,2_person,nonfamily_single,1,F&B Eatery/Snack and Nonalcoholic Beverage Bars,Car,Car
29565,55,Senior,128,Low,1_person,living_alone,0,F&B Eatery/Snack and Nonalcoholic Beverage Bars,Public_transport,Public_transport
30815,47,Middle Age,75760,High,6_person,married_couple,1,F&B Eatery/Full-Service Restaurants,Car,Car
53080,82,Elderly,0,Debt,3_person,married_couple,1,F&B Eatery/Full-Service Restaurants,Car,Car
64281,57,Senior,16346,Low,2_person,married_couple,1,F&B Eatery/Limited-Service Restaurants,Public_transport,Car
65311,77,Elderly,290646,Ultra High,1_person,living_alone,0,F&B Eatery/Drinking Places,Car,Public_transport
41169,83,Elderly,10734,Low,2_person,family_single,0,F&B Eatery/Full-Service Restaurants,Walking,Walking
53188,38,Adult,97987,Very High,3_person,family_single,1,F&B Eatery/Full-Service Restaurants,Car,Car
50493,85,Elderly,27436,Low,2_person,family_single,0,F&B Eatery/Full-Service Restaurants,Walking,Walking
20661,63,Elderly,15471,Low,5_person,family_single,3_plus,F&B Eatery/Limited-Service Restaurants,Public_transport,Car
8183,34,Adult,0,Debt,3_person,married_couple,1,F&B Eatery/Snack and Nonalcoholic Beverage Bars,Car,Car
63710,24,Young Adult,34887,Moderate,4_person,nonfamily_single,1,F&B Eatery/Snack and Nonalcoholic Beverage Bars,Car,Car
67102,33,Adult,15126,Low,2_person,married_couple,2,F&B Eatery/Drinking Places,Car,Walking
44194,24,Young Adult,25762,Low,2_person,nonfamily_single,1,F&B Eatery/Limited-Service Restaurants,Walking,Walking
20595,36,Adult,87882,High,2_person,married_couple,0,F&B Eatery/Full-Service Restaurants,Walking,Public_transport
28074,19,Young Adult,0,Debt,4_person,married_couple,1,F&B Eatery/Limited-Service Restaurants,Public_transport,Car
24811,24,Young Adult,0,Debt,1_person,living_alone,0,F&B Eatery/Full-Service Restaurants,Walking,Walking
55929,50,Middle Age,11020,Low,2_person,family_single,0,F&B Eatery/Snack and Nonalcoholic Beverage Bars,Walking,Walking
37381,31,Adult,123774,Ultra High,4_person,married_couple,2,F&B Eatery/Limited-Service Restaurants,Public_transport,Public_transport
16607,21,Young Adult,0,Debt,3_person,nonfamily_single,0,F&B Eatery/Full-Service Restaurants,Public_transport,Walking
17358,59,Senior,34037,Moderate,1_person,living_alone,1,F&B Eatery/Full-Service Restaurants,Walking,Car
8593,28,Young Adult,0,Debt,4_person,nonfamily_single,0,F&B Eatery/Snack and Nonalcoholic Beverage Bars,Public_transport,Walking
27750,52,Senior,595338,Ultra High,2_person,married_couple,2,F&B Eatery/Drinking Places,Walking,Car
46936,24,Young Adult,55698,Moderate,2_person,nonfamily_single,1,F&B Eatery/Snack and Nonalcoholic Beverage Bars,Walking,Car
46687,72,Elderly,17395,Low,2_person,married_couple,2,F&B Eatery/Full-Service Restaurants,Car,Car
63326,49,Middle Age,322034,Ultra High,4_person,married_couple,2,F&B Eatery/Snack and Nonalcoholic Beverage Bars,Walking,Car
51887,48,Middle Age,0,Debt,4_person,married_couple,1,F&B Eatery/Snack and Nonalcoholic Beverage Bars,Public_transport,Car
20393,67,Elderly,10804,Low,2_person,married_couple,2,F&B Eatery/Full-Service Restaurants,Car,Car
10150,35,Adult,29092,Low,6_person,family_single,1,F&B Eatery/Limited-Service Restaurants,Car,Public_transport
22606,35,Adult,372869,Ultra High,2_person,married_couple,1,F&B Eatery/Full-Service Restaurants,Public_transport,Car
54160,66,Elderly,0,Debt,2_person,married_couple,3_plus,F&B Eatery/Snack and Nonalcoholic Beverage Bars,Car,Car
20982,42,Middle Age,22990,Low,1_person,living_alone,0,F&B Eatery/Full-Service Restaurants,Walking,Walking
19787,56,Senior,15819,Low,2_person,married_couple,1,F&B Eatery/Full-Service Restaurants,Car,Car
19899,65,Elderly,11163,Low,1_person,living_alone,0,F&B Eatery/Full-Service Restaurants,Walking,Walking
53035,52,Senior,64406,High,2_person,family_single,1,F&B Eatery/Limited-Service Restaurants,Car,Car
44958,61,Elderly,19288,Low,1_person,living_alone,1,F&B Eatery/Drinking Places,Walking,Car
65114,55,Senior,105481,Very High,1_person,living_alone,0,F&B Eatery/Full-Service Restaurants,Public_transport,Public_transport
55907,35,Adult,0,Debt,1_person,living_alone,0,F&B Eatery/Full-Service Restaurants,Public_transport,Walking
4712,42,Middle Age,0,Debt,4_person,married_couple,1,F&B Eatery/Limited-Service Restaurants,Walking,Car
35676,37,Adult,105460,Very High,2_person,nonfamily_single,0,F&B Eatery/Snack and Nonalcoholic Beverage Bars,Walking,Walking
60723,64,Elderly,45084,Moderate,1_person,living_alone,3_plus,F&B Eatery/Full-Service Restaurants,Walking,Car
62874,35,Adult,10505,Low,2_person,family_single,0,F&B Eatery/Limited-Service Restaurants,Public_transport,Public_transport
66733,26,Young Adult,64406,High,4_person,nonfamily_single,2,F&B Eatery/Full-Service Restaurants,Car,Car
8071,79,Elderly,65908,High,1_person,living_alone,1,F&B Eatery/Full-Service Restaurants,Car,Car
11767,21,Young Adult,1818,Low,3_person,nonfamily_single,0,F&B Eatery/Drinking Places,Walking,Walking
18807,46,Middle Age,20629,Low,4_person,family_single,0,F&B Eatery/Drinking Places,Public_transport,Walking
15890,26,Young Adult,21092,Low,3_person,married_couple,1,F&B Eatery/Full-Service Restaurants,Public_transport,Public_transport
65050,29,Young Adult,61167,High,2_person,nonfamily_single,2,F&B Eatery/Full-Service Restaurants,Car,Walking
38032,23,Young Adult,22712,Low,2_person,nonfamily_single,0,F&B Eatery/Full-Service Restaurants,Public_transport,Walking
55823,65,Elderly,1212,Low,2_person,married_couple,2,F&B Eatery/Limited-Service Restaurants,Car,Car
38931,23,Young Adult,10,Low,3_person,married_couple,2,F&B Eatery/Drinking Places,Walking,Public_transport
19932,28,Young Adult,36100,Moderate,2_person,nonfamily_single,1,F&B Eatery/Limited-Service Restaurants,Car,Car
24829,48,Middle Age,86437,High,2_person,married_couple,2,F&B Eatery/Full-Service Restaurants,Public_transport,Car
66180,32,Adult,136369,Ultra High,1_person,living_alone,0,F&B Eatery/Snack and Nonalcoholic Beverage Bars,Car,Walking
54847,26,Young Adult,38896,Moderate,2_person,nonfamily_single,0,F&B Eatery/Snack and Nonalcoholic Beverage Bars,Public_transport,Walking
21360,61,Elderly,0,Debt,3_person,family_single,2,F&B Eatery/Full-Service Restaurants,Car,Car
23932,70,Elderly,7084,Low,2_person,married_couple,0,F&B Eatery/Snack and Nonalcoholic Beverage Bars,Public_transport,Public_transport
5481,73,Elderly,185169,Ultra High,1_person,living_alone,1,F&B Eatery/Snack and Nonalcoholic Beverage Bars,Walking,Car
1531,27,Young Adult,102644,Very High,2_person,married_couple,1,F&B Eatery/Full-Service Restaurants,Public_transport,Walking
23958,65,Elderly,9075,Low,1_person,living_alone,0,F&B Eatery/Full-Service Restaurants,Public_transport,Walking
50311,82,Elderly,54272,Moderate,1_person,living_alone,0,F&B Eatery/Full-Service Restaurants,Walking,Public_transport
6895,22,Young Adult,47457,Moderate,3_person,nonfamily_single,0,F&B Eatery/Snack and Nonalcoholic Beverage Bars,Public_transport,Walking
21885,29,Young Adult,139548,Ultra High,2_person,nonfamily_single,2,F&B Eatery/Full-Service Restaurants,Public_transport,Car
27885,28,Young Adult,21468,Low,2_person,family_single,1,F&B Eatery/Full-Service Restaurants,Walking,Walking
65901,38,Adult,123774,Ultra High,3_person,married_couple,1,F&B Eatery/Full-Service Restaurants,Public_transport,Car
49961,34,Adult,53672,Moderate,2_person,nonfamily_single,2,F&B Eatery/Snack and Nonalcoholic Beverage Bars,Public_transport,Car
18768,31,Adult,97234,Very High,2_person,married_couple,0,F&B Eatery/Limited-Service Restaurants,Walking,Public_transport
47085,32,Adult,117488,Very High,2_person,married_couple,2,F&B Eatery/Snack and Nonalcoholic Beverage Bars,Car,Car
46368,24,Young Adult,12881,Low,3_person,family_single,0,F&B Eatery/Full-Service Restaurants,Public_transport,Walking
35418,47,Middle Age,139548,Ultra High,1_person,living_alone,0,F&B Eatery/Full-Service Restaurants,Walking,Walking
17459,34,Adult,0,Debt,7_plus_person,nonfamily_single,3_plus,F&B Eatery/Full-Service Restaurants,Car,Public_transport
67260,19,Young Adult,0,Debt,1_person,living_alone,0,F&B Eatery/Limited-Service Restaurants,Walking,Walking
65439,44,Middle Age,32829,Moderate,2_person,married_couple,1,F&B Eatery/Full-Service Restaurants,Car,Car
8789,34,Adult,73255,High,1_person,living_alone,1,F&B Eatery/Full-Service Restaurants,Walking,Car
48113,95,Elderly,19308,Low,3_person,family_single,3_plus,F&B Eatery/Snack and Nonalcoholic Beverage Bars,Car,Car
3190,81,Elderly,8664,Low,2_person,family_single,1,F&B Eatery/Full-Service Restaurants,Walking,Car
52772,29,Young Adult,18359,Low,6_person,married_couple,2,F&B Eatery/Snack and Nonalcoholic Beverage Bars,Car,Car
42662,26,Young Adult,15471,Low,4_person,nonfamily_single,1,F&B Eatery/Full-Service Restaurants,Walking,Car
25708,56,Senior,12790,Low,3_person,family_single,3_plus,F&B Eatery/Snack and Nonalcoholic Beverage Bars,Walking,Car
45117,28,Young Adult,139246,Ultra High,2_person,married_couple,1,F&B Eatery/Full-Service Restaurants,Car,Walking
3650,32,Adult,31130,Moderate,3_person,married_couple,1,F&B Eatery/Limited-Service Restaurants,Car,Car
57262,50,Middle Age,849531,Ultra High,1_person,living_alone,1,F&B Eatery/Snack and Nonalcoholic Beverage Bars,Walking,Car
59010,59,Senior,44011,Moderate,1_person,living_alone,0,F&B Eatery/Snack and Nonalcoholic Beverage Bars,Walking,Public_transport
56134,20,Young Adult,461,Low,3_person,nonfamily_single,0,F&B Eatery/Limited-Service Restaurants,Walking,Walking
20454,33,Adult,123774,Ultra High,3_person,nonfamily_single,1,F&B Eatery/Full-Service Restaurants,Car,Car
50546,38,Adult,161017,Ultra High,3_person,married_couple,2,F&B Eatery/Snack and Nonalcoholic Beverage Bars,Walking,Car
38744,20,Young Adult,0,Debt,3_person,nonfamily_single,1,F&B Eatery/Full-Service Restaurants,Car,Walking
3370,39,Adult,64981,High,5_person,married_couple,2,F&B Eatery/Full-Service Restaurants,Public_transport,Car
33435,31,Adult,154,Low,2_person,family_single,0,F&B Eatery/Full-Service Restaurants,Public_transport,Public_transport
58807,45,Middle Age,21609,Low,2_person,family_single,0,F&B Eatery/Snack and Nonalcoholic Beverage Bars,Public_transport,Walking
42372,32,Adult,38966,Moderate,4_person,family_single,1,F&B Eatery/Full-Service Restaurants,Car,Public_transport
20842,31,Adult,19185,Low,2_person,married_couple,2,F&B Eatery/Snack and Nonalcoholic Beverage Bars,Car,Walking
61399,26,Young Adult,72201,High,2_person,nonfamily_single,1,F&B Eatery/Snack and Nonalcoholic Beverage Bars,Car,Walking
1764,64,Elderly,9899,Low,2_person,married_couple,1,F&B Eatery/Drinking Places,Car,Car
64273,50,Middle Age,101065,Very High,5_person,married_couple,3_plus,F&B Eatery/Limited-Service Restaurants,Car,Car
59647,86,Elderly,39496,Moderate,3_person,married_couple,0,F&B Eatery/Full-Service Restaurants,Public_transport,Public_transport
58284,42,Middle Age,633360,Ultra High,3_person,family_single,2,F&B Eatery/Full-Service Restaurants,Walking,Car
33782,33,Adult,128813,Ultra High,1_person,living_alone,1,F&B Eatery/Full-Service Restaurants,Walking,Car
64461,39,Adult,47457,Moderate,2_person,nonfamily_single,1,F&B Eatery/Limited-Service Restaurants,Public_transport,Car
65639,29,Young Adult,0,Debt,2_person,nonfamily_single,0,F&B Eatery/Limited-Service Restaurants,Car,Walking
15629,22,Young Adult,47457,Moderate,3_person,nonfamily_single,0,F&B Eatery/Full-Service Restaurants,Walking,Walking
28527,34,Adult,128921,Ultra High,1_person,living_alone,0,F&B Eatery/Limited-Service Restaurants,Walking,Walking
7903,32,Adult,85862,High,2_person,nonfamily_single,1,F&B Eatery/Full-Service Restaurants,Public_transport,Car
28615,51,Senior,4007,Low,1_person,living_alone,0,F&B Eatery/Full-Service Restaurants,Public_transport,Public_transport
13334,24,Young Adult,64406,High,2_person,nonfamily_single,2,F&B Eatery/Snack and Nonalcoholic Beverage Bars,Car,Walking
18120,58,Senior,7299,Low,1_person,living_alone,1,F&B Eatery/Full-Service Restaurants,Walking,Car
14692,24,Young Adult,37570,Moderate,2_person,nonfamily_single,2,F&B Eatery/Full-Service Restaurants,Public_transport,Car
46219,69,Elderly,0,Debt,3_person,family_single,2,F&B Eatery/Snack and Nonalcoholic Beverage Bars,Car,Car
46761,34,Adult,137098,Ultra High,3_person,married_couple,2,F&B Eatery/Full-Service Restaurants,Car,Car
11539,51,Senior,44446,Moderate,1_person,living_alone,1,F&B Eatery/Full-Service Restaurants,Car,Car
17952,62,Elderly,62260,High,3_person,family_single,2,F&B Eatery/Snack and Nonalcoholic Beverage Bars,Walking,Car
49614,82,Elderly,299599,Ultra High,1_person,living_alone,1,F&B Eatery/Full-Service Restaurants,Car,Car
17127,80,Elderly,8889,Low,7_plus_person,nonfamily_single,0,F&B Eatery/Limited-Service Restaurants,Walking,Public_transport
41182,29,Young Adult,134088,Ultra High,2_person,nonfamily_single,1,F&B Eatery/Full-Service Restaurants,Walking,Walking
50830,64,Elderly,29294,Low,4_person,family_single,1,F&B Eatery/Full-Service Restaurants,Walking,Car
20378,34,Adult,43218,Moderate,3_person,married_couple,2,F&B Eatery/Snack and Nonalcoholic Beverage Bars,Car,Car
26555,39,Adult,85610,High,2_person,nonfamily_single,1,F&B Eatery/Full-Service Restaurants,Car,Car
28955,32,Adult,93346,Very High,2_person,nonfamily_single,0,F&B Eatery/Full-Service Restaurants,Public_transport,Walking
8817,25,Young Adult,139207,Ultra High,2_person,nonfamily_single,1,F&B Eatery/Limited-Service Restaurants,Walking,Walking
25692,53,Senior,12641,Low,2_person,family_single,0,F&B Eatery/Full-Service Restaurants,Walking,Public_transport
6284,25,Young Adult,6188,Low,6_person,nonfamily_single,2,F&B Eatery/Limited-Service Restaurants,Public_transport,Car
6273,52,Senior,10909,Low,3_person,family_single,2,F&B Eatery/Full-Service Restaurants,Car,Car
45712,64,Elderly,0,Debt,3_person,married_couple,0,F&B Eatery/Full-Service Restaurants,Walking,Public_transport
56747,89,Elderly,15758,Low,1_person,living_alone,0,F&B Eatery/Limited-Service Restaurants,Car,Walking
51863,32,Adult,78874,High,3_person,family_single,2,F&B Eatery/Snack and Nonalcoholic Beverage Bars,Walking,Car
8536,32,Adult,33494,Moderate,5_person,family_single,1,F&B Eatery/Full-Service Restaurants,Public_transport,Car
15651,84,Elderly,300370,Ultra High,2_person,married_couple,1,F&B Eatery/Limited-Service Restaurants,Public_transport,Car
54646,94,Elderly,33637,Moderate,1_person,living_alone,0,F&B Eatery/Full-Service Restaurants,Walking,Public_transport
45494,28,Young Adult,92316,Very High,2_person,nonfamily_single,1,F&B Eatery/Full-Service Restaurants,Walking,Car
30028,24,Young Adult,25253,Low,3_person,nonfamily_single,0,F&B Eatery/Limited-Service Restaurants,Walking,Walking
41964,75,Elderly,10734,Low,6_person,married_couple,0,F&B Eatery/Limited-Service Restaurants,Car,Public_transport
12641,25,Young Adult,42184,Moderate,1_person,living_alone,0,F&B Eatery/Full-Service Restaurants,Walking,Walking
65600,57,Senior,0,Debt,2_person,family_single,0,F&B Eatery/Full-Service Restaurants,Car,Walking
43239,32,Adult,121279,Ultra High,2_person,married_couple,1,F&B Eatery/Full-Service Restaurants,Car,Car
24665,24,Young Adult,40791,Moderate,3_person,nonfamily_single,3_plus,F&B Eatery/Full-Service Restaurants,Car,Car
20719,29,Young Adult,81152,High,2_person,nonfamily_single,1,F&B Eatery/Full-Service Restaurants,Public_transport,Walking
62535,60,Senior,171221,Ultra High,2_person,married_couple,0,F&B Eatery/Limited-Service Restaurants,Walking,Public_transport
59261,53,Senior,0,Debt,2_person,married_couple,1,F&B Eatery/Snack and Nonalcoholic Beverage Bars,Walking,Car
37094,30,Young Adult,45348,Moderate,3_person,nonfamily_single,2,F&B Eatery/Full-Service Restaurants,Car,Car
4662,27,Young Adult,52730,Moderate,7_plus_person,nonfamily_single,3_plus,F&B Eatery/Full-Service Restaurants,Walking,Car
21498,40,Adult,94914,Very High,4_person,married_couple,2,F&B Eatery/Full-Service Restaurants,Public_transport,Car
31359,61,Elderly,94914,Very High,2_person,married_couple,2,F&B Eatery/Drinking Places,Car,Car
56326,73,Elderly,9283,Low,6_person,married_couple,2,F&B Eatery/Full-Service Restaurants,Car,Car
8587,33,Adult,60608,High,4_person,nonfamily_single,2,F&B Eatery/Full-Service Restaurants,Walking,Public_transport
67229,44,Middle Age,154717,Ultra High,1_person,living_alone,0,F&B Eatery/Full-Service Restaurants,Public_transport,Walking
13306,35,Adult,52500,Moderate,1_person,living_alone,0,F&B Eatery/Full-Service Restaurants,Walking,Walking
32959,72,Elderly,19966,Low,4_person,family_single,1,F&B Eatery/Limited-Service Restaurants,Car,Car
21596,42,Middle Age,0,Debt,5_person,married_couple,1,F&B Eatery/Full-Service Restaurants,Car,Car
3641,32,Adult,63276,High,2_person,married_couple,0,F&B Eatery/Full-Service Restaurants,Walking,Public_transport
26336,27,Young Adult,50541,Moderate,3_person,nonfamily_single,1,F&B Eatery/Drinking Places,Walking,Car
15799,66,Elderly,20932,Low,7_plus_person,married_couple,3_plus,F&B Eatery/Drinking Places,Car,Car
41802,35,Adult,28308,Low,2_person,nonfamily_single,0,F&B Eatery/Full-Service Restaurants,Walking,Walking
34268,65,Elderly,41258,Moderate,1_person,living_alone,1,F&B Eatery/Full-Service Restaurants,Car,Car
21,29,Young Adult,91839,Very High,2_person,married_couple,1,F&B Eatery/Limited-Service Restaurants,Walking,Walking
36486,41,Middle Age,26048,Low,4_person,married_couple,0,F&B Eatery/Full-Service Restaurants,Walking,Public_transport
46159,78,Elderly,4508,Low,1_person,living_alone,1,F&B Eatery/Limited-Service Restaurants,Walking,Car
32563,49,Middle Age,138153,Ultra High,4_person,married_couple,2,F&B Eatery/Full-Service Restaurants,Walking,Car
35670,21,Young Adult,0,Debt,3_person,nonfamily_single,0,F&B Eatery/Full-Service Restaurants,Public_transport,Walking
36074,28,Young Adult,0,Debt,3_person,nonfamily_single,0,F&B Eatery/Full-Service Restaurants,Public_transport,Walking
57246,86,Elderly,3241,Low,2_person,married_couple,1,F&B Eatery/Drinking Places,Car,Car
5534,68,Elderly,24135,Low,2_person,family_single,2,F&B Eatery/Snack and Nonalcoholic Beverage Bars,Car,Car
61871,20,Young Adult,0,Debt,4_person,married_couple,1,F&B Eatery/Snack and Nonalcoholic Beverage Bars,Car,Car
19276,79,Elderly,26836,Low,1_person,living_alone,0,F&B Eatery/Drinking Places,Public_transport,Walking
43810,70,Elderly,6440,Low,2_person,married_couple,0,F&B Eatery/Limited-Service Restaurants,Walking,Public_transport
48119,28,Young Adult,46567,Moderate,3_person,married_couple,2,F&B Eatery/Snack and Nonalcoholic Beverage Bars,Car,Car
33547,28,Young Adult,0,Debt,4_person,nonfamily_single,0,F&B Eatery/Full-Service Restaurants,Walking,Walking
41757,42,Middle Age,0,Debt,3_person,married_couple,1,F&B Eatery/Limited-Service Restaurants,Public_transport,Car
56572,50,Middle Age,22728,Low,6_person,nonfamily_single,1,F&B Eatery/Limited-Service Restaurants,Car,Walking
15235,48,Middle Age,101014,Very High,1_person,living_alone,0,F&B Eatery/Full-Service Restaurants,Walking,Public_transport
36981,47,Middle Age,107344,Very High,4_person,married_couple,1,F&B Eatery/Limited-Service Restaurants,Car,Car
59587,30,Young Adult,0,Debt,6_person,married_couple,1,F&B Eatery/Full-Service Restaurants,Walking,Walking
22912,47,Middle Age,75760,High,6_person,married_couple,1,F&B Eatery/Special Food Services,Car,Car
36199,37,Adult,86437,High,2_person,married_couple,1,F&B Eatery/Full-Service Restaurants,Car,Car
17207,25,Young Adult,84368,High,2_person,nonfamily_single,1,F&B Eatery/Full-Service Restaurants,Car,Walking
64661,30,Young Adult,141420,Ultra High,3_person,married_couple,1,F&B Eatery/Snack and Nonalcoholic Beverage Bars,Public_transport,Walking
26841,49,Middle Age,343449,Ultra High,2_person,married_couple,1,F&B Eatery/Full-Service Restaurants,Car,Car
57187,72,Elderly,8964,Low,7_plus_person,married_couple,1,F&B Eatery/Snack and Nonalcoholic Beverage Bars,Walking,Car
36390,35,Adult,210921,Ultra High,2_person,nonfamily_single,2,F&B Eatery/Limited-Service Restaurants,Car,Car
4259,42,Middle Age,0,Debt,4_person,married_couple,1,F&B Eatery/Full-Service Restaurants,Car,Car
37493,18,Teen,0,Debt,5_person,married_couple,2,F&B Eatery/Full-Service Restaurants,Walking,Public_transport
1469,80,Elderly,73580,High,2_person,married_couple,1,F&B Eatery/Full-Service Restaurants,Car,Car
13322,26,Young Adult,65659,High,2_person,nonfamily_single,0,F&B Eatery/Drinking Places,Walking,Walking
58599,60,Senior,37132,Moderate,3_person,nonfamily_single,1,F&B Eatery/Limited-Service Restaurants,Car,Car
25496,55,Senior,0,Debt,2_person,married_couple,1,F&B Eatery/Drinking Places,Car,Car
57270,63,Elderly,10727,Low,1_person,living_alone,1,F&B Eatery/Full-Service Restaurants,Walking,Car
54154,36,Adult,72201,High,3_person,married_couple,1,F&B Eatery/Limited-Service Restaurants,Car,Car
62659,30,Young Adult,103034,Very High,4_person,nonfamily_single,2,F&B Eatery/Full-Service Restaurants,Public_transport,Car
8424,32,Adult,9446,Low,1_person,living_alone,0,F&B Eatery/Full-Service Restaurants,Public_transport,Walking
368,26,Young Adult,26836,Low,3_person,family_single,1,F&B Eatery/Limited-Service Restaurants,Car,Walking
968,76,Elderly,12760,Low,2_person,married_couple,1,F&B Eatery/Drinking Places,Walking,Car
44553,65,Elderly,84650,High,1_person,living_alone,1,F&B Eatery/Full-Service Restaurants,Walking,Car
31021,30,Young Adult,0,Debt,3_person,family_single,1,F&B Eatery/Full-Service Restaurants,Car,Walking
55534,50,Middle Age,54745,Moderate,4_person,married_couple,1,F&B Eatery/Snack and Nonalcoholic Beverage Bars,Public_transport,Car
13112,23,Young Adult,0,Debt,5_person,family_single,0,F&B Eatery/Drinking Places,Walking,Walking
9491,42,Middle Age,206290,Ultra High,5_person,married_couple,1,F&B Eatery/Full-Service Restaurants,Car,Car
16448,45,Middle Age,105671,Very High,4_person,married_couple,1,F&B Eatery/Special Food Services,Car,Car
30348,28,Young Adult,193220,Ultra High,2_person,nonfamily_single,1,F&B Eatery/Limited-Service Restaurants,Walking,Walking
11384,37,Adult,39597,Moderate,2_person,nonfamily_single,1,F&B Eatery/Full-Service Restaurants,Public_transport,Car
20594,31,Adult,151265,Ultra High,1_person,living_alone,0,F&B Eatery/Full-Service Restaurants,Walking,Walking
36613,53,Senior,12377,Low,4_person,married_couple,2,F&B Eatery/Limited-Service Restaurants,Car,Public_transport
11017,31,Adult,10734,Low,2_person,family_single,1,F&B Eatery/Snack and Nonalcoholic Beverage Bars,Public_transport,Car
21700,45,Middle Age,131318,Ultra High,3_person,married_couple,0,F&B Eatery/Limited-Service Restaurants,Public_transport,Walking
18105,35,Adult,0,Debt,1_person,living_alone,0,F&B Eatery/Limited-Service Restaurants,Walking,Walking
33172,35,Adult,18182,Low,2_person,nonfamily_single,1,F&B Eatery/Full-Service Restaurants,Walking,Public_transport
54476,71,Elderly,82764,High,2_person,nonfamily_single,0,F&B Eatery/Full-Service Restaurants,Public_transport,Public_transport
36828,27,Young Adult,10734,Low,1_person,living_alone,1,F&B Eatery/Full-Service Restaurants,Walking,Walking
67191,55,Senior,27011,Low,3_person,family_single,1,F&B Eatery/Full-Service Restaurants,Car,Car
10683,58,Senior,149560,Ultra High,5_person,married_couple,3_plus,F&B Eatery/Full-Service Restaurants,Public_transport,Public_transport
34592,19,Young Adult,0,Debt,2_person,family_single,0,F&B Eatery/Snack and Nonalcoholic Beverage Bars,Public_transport,Walking
66897,26,Young Adult,6327,Low,4_person,married_couple,1,F&B Eatery/Limited-Service Restaurants,Public_transport,Public_transport
10972,48,Middle Age,168302,Ultra High,2_person,married_couple,1,F&B Eatery/Snack and Nonalcoholic Beverage Bars,Car,Car
51507,40,Adult,139548,Ultra High,3_person,married_couple,2,F&B Eatery/Limited-Service Restaurants,Car,Car
66772,55,Senior,8331,Low,1_person,living_alone,0,F&B Eatery/Special Food Services,Public_transport,Public_transport
36526,25,Young Adult,21092,Low,4_person,nonfamily_single,1,F&B Eatery/Limited-Service Restaurants,Walking,Car
3232,69,Elderly,50774,Moderate,2_person,married_couple,1,F&B Eatery/Full-Service Restaurants,Car,Car
64176,84,Elderly,1404,Low,2_person,married_couple,0,F&B Eatery/Full-Service Restaurants,Public_transport,Public_transport
18302,28,Young Adult,20395,Low,7_plus_person,married_couple,1,F&B Eatery/Full-Service Restaurants,Car,Public_transport
31467,37,Adult,101014,Very High,3_person,married_couple,1,F&B Eatery/Limited-Service Restaurants,Public_transport,Car
7246,94,Elderly,30102,Moderate,3_person,married_couple,1,F&B Eatery/Snack and Nonalcoholic Beverage Bars,Car,Car
28511,49,Middle Age,81035,High,1_person,living_alone,0,F&B Eatery/Drinking Places,Walking,Public_transport
50721,20,Young Adult,0,Debt,7_plus_person,married_couple,3_plus,F&B Eatery/Full-Service Restaurants,Public_transport,Car
1831,49,Middle Age,112712,Very High,2_person,married_couple,1,F&B Eatery/Drinking Places,Walking,Car
41307,32,Adult,103145,Very High,3_person,nonfamily_single,1,F&B Eatery/Full-Service Restaurants,Walking,Car
1242,54,Senior,7514,Low,5_person,married_couple,3_plus,F&B Eatery/Full-Service Restaurants,Public_transport,Car
61061,66,Elderly,12971,Low,2_person,married_couple,1,F&B Eatery/Full-Service Restaurants,Public_transport,Car
52021,34,Adult,107377,Very High,3_person,nonfamily_single,3_plus,F&B Eatery/Full-Service Restaurants,Public_transport,Car
25735,30,Young Adult,0,Debt,2_person,nonfamily_single,0,F&B Eatery/Full-Service Restaurants,Walking,Walking
57595,23,Young Adult,37570,Moderate,2_person,nonfamily_single,0,F&B Eatery/Limited-Service Restaurants,Public_transport,Walking
50477,34,Adult,137098,Ultra High,3_person,married_couple,2,F&B Eatery/Full-Service Restaurants,Car,Car
4656,82,Elderly,21683,Low,2_person,family_single,0,F&B Eatery/Drinking Places,Car,Walking
57908,23,Young Adult,28880,Low,7_plus_person,married_couple,3_plus,F&B Eatery/Snack and Nonalcoholic Beverage Bars,Public_transport,Public_transport
28906,24,Young Adult,31638,Moderate,3_person,nonfamily_single,2,F&B Eatery/Full-Service Restaurants,Car,Car
8998,34,Adult,89641,High,2_person,married_couple,2,F&B Eatery/Snack and Nonalcoholic Beverage Bars,Walking,Car
54279,30,Young Adult,67044,High,2_person,nonfamily_single,1,F&B Eatery/Snack and Nonalcoholic Beverage Bars,Walking,Walking
44682,69,Elderly,9983,Low,1_person,living_alone,1,F&B Eatery/Full-Service Restaurants,Car,Car
64499,26,Young Adult,43436,Moderate,3_person,married_couple,1,F&B Eatery/Snack and Nonalcoholic Beverage Bars,Public_transport,Car
32737,21,Young Adult,0,Debt,2_person,nonfamily_single,0,F&B Eatery/Snack and Nonalcoholic Beverage Bars,Car,Walking
41111,87,Elderly,9768,Low,1_person,living_alone,0,F&B Eatery/Limited-Service Restaurants,Public_transport,Walking
35757,30,Young Adult,24041,Low,2_person,married_couple,0,F&B Eatery/Limited-Service Restaurants,Walking,Public_transport
58744,56,Senior,101014,Very High,2_person,married_couple,2,F&B Eatery/Limited-Service Restaurants,Car,Car
41661,32,Adult,7514,Low,3_person,family_single,0,F&B Eatery/Full-Service Restaurants,Public_transport,Public_transport
54011,42,Middle Age,410517,Ultra High,2_person,nonfamily_single,1,F&B Eatery/Full-Service Restaurants,Car,Car
7490,46,Middle Age,46264,Moderate,2_person,married_couple,1,F&B Eatery/Snack and Nonalcoholic Beverage Bars,Car,Car
42264,41,Middle Age,237233,Ultra High,5_person,married_couple,2,F&B Eatery/Limited-Service Restaurants,Car,Car
18161,39,Adult,154717,Ultra High,1_person,living_alone,0,F&B Eatery/Snack and Nonalcoholic Beverage Bars,Walking,Walking
44627,27,Young Adult,37570,Moderate,5_person,nonfamily_single,0,F&B Eatery/Snack and Nonalcoholic Beverage Bars,Car,Public_transport
46389,45,Middle Age,187886,Ultra High,3_person,married_couple,1,F&B Eatery/Full-Service Restaurants,Walking,Car
14772,37,Adult,220730,Ultra High,1_person,living_alone,1,F&B Eatery/Drinking Places,Walking,Car
58601,31,Adult,2741,Low,7_plus_person,married_couple,1,F&B Eatery/Full-Service Restaurants,Public_transport,Walking
50374,46,Middle Age,54023,Moderate,4_person,family_single,1,F&B Eatery/Snack and Nonalcoholic Beverage Bars,Car,Car
1777,56,Senior,72201,High,5_person,married_couple,3_plus,F&B Eatery/Full-Service Restaurants,Car,Public_transport
39287,25,Young Adult,27981,Low,5_person,married_couple,2,F&B Eatery/Snack and Nonalcoholic Beverage Bars,Walking,Public_transport
60831,36,Adult,9491,Low,2_person,family_single,0,F&B Eatery/Full-Service Restaurants,Public_transport,Public_transport
24161,27,Young Adult,30943,Moderate,4_person,nonfamily_single,0,F&B Eatery/Full-Service Restaurants,Walking,Walking
32312,78,Elderly,4508,Low,1_person,living_alone,1,F&B Eatery/Drinking Places,Car,Car
15111,34,Adult,108047,Very High,2_person,nonfamily_single,0,F&B Eatery/Full-Service Restaurants,Walking,Walking
11133,63,Elderly,1512,Low,2_person,married_couple,1,F&B Eatery/Full-Service Restaurants,Car,Car
13072,60,Senior,22473,Low,2_person,married_couple,2,F&B Eatery/Full-Service Restaurants,Public_transport,Car
64903,21,Young Adult,0,Debt,3_person,married_couple,2,F&B Eatery/Snack and Nonalcoholic Beverage Bars,Car,Public_transport
1823,52,Senior,47457,Moderate,1_person,living_alone,1,F&B Eatery/Snack and Nonalcoholic Beverage Bars,Walking,Car
46631,24,Young Adult,12881,Low,4_person,family_single,2,F&B Eatery/Full-Service Restaurants,Public_transport,Public_transport
31008,68,Elderly,261921,Ultra High,1_person,living_alone,1,F&B Eatery/Drinking Places,Car,Car
23027,88,Elderly,36067,Moderate,2_person,family_single,2,F&B Eatery/Full-Service Restaurants,Car,Car
22784,38,Adult,10804,Low,4_person,family_single,0,F&B Eatery/Limited-Service Restaurants,Public_transport,Walking
47258,48,Middle Age,21092,Low,2_person,married_couple,2,F&B Eatery/Full-Service Restaurants,Walking,Car
19935,78,Elderly,24783,Low,2_person,married_couple,1,F&B Eatery/Snack and Nonalcoholic Beverage Bars,Car,Car
12178,24,Young Adult,18350,Low,5_person,family_single,1,F&B Eatery/Limited-Service Restaurants,Public_transport,Car
49900,36,Adult,32490,Moderate,4_person,nonfamily_single,1,F&B Eatery/Full-Service Restaurants,Car,Public_transport
40039,58,Senior,75141,High,3_person,married_couple,2,F&B Eatery/Full-Service Restaurants,Walking,Car
21630,37,Adult,9661,Low,2_person,married_couple,0,F&B Eatery/Limited-Service Restaurants,Walking,Public_transport
50411,26,Young Adult,144403,Ultra High,2_person,married_couple,2,F&B Eatery/Full-Service Restaurants,Car,Car
56325,28,Young Adult,71311,High,2_person,nonfamily_single,2,F&B Eatery/Full-Service Restaurants,Car,Walking
29294,23,Young Adult,4321,Low,3_person,married_couple,2,F&B Eatery/Snack and Nonalcoholic Beverage Bars,Walking,Public_transport
51040,52,Senior,121217,Ultra High,3_person,family_single,1,F&B Eatery/Full-Service Restaurants,Car,Car
14779,36,Adult,82516,High,3_person,married_couple,1,F&B Eatery/Full-Service Restaurants,Car,Car
16117,56,Senior,8990,Low,7_plus_person,family_single,1,F&B Eatery/Full-Service Restaurants,Car,Walking
58086,22,Young Adult,0,Debt,6_person,married_couple,1,F&B Eatery/Snack and Nonalcoholic Beverage Bars,Walking,Walking
49863,48,Middle Age,0,Debt,4_person,family_single,1,F&B Eatery/Full-Service Restaurants,Public_transport,Car
12470,29,Young Adult,158190,Ultra High,1_person,living_alone,1,F&B Eatery/Full-Service Restaurants,Walking,Walking
16619,45,Middle Age,118851,Very High,4_person,married_couple,2,F&B Eatery/Snack and Nonalcoholic Beverage Bars,Walking,Car
737,31,Adult,43474,Moderate,2_person,nonfamily_single,1,F&B Eatery/Snack and Nonalcoholic Beverage Bars,Car,Car
16608,34,Adult,0,Debt,1_person,living_alone,0,F&B Eatery/Full-Service Restaurants,Walking,Walking
46428,55,Senior,147644,Ultra High,1_person,living_alone,1,F&B Eatery/Drinking Places,Public_transport,Car
57089,50,Middle Age,38789,Moderate,1_person,living_alone,1,F&B Eatery/Limited-Service Restaurants,Car,Walking
58919,40,Adult,52730,Moderate,2_person,family_single,1,F&B Eatery/Full-Service Restaurants,Car,Car
53960,43,Middle Age,52294,Moderate,4_person,married_couple,2,F&B Eatery/Full-Service Restaurants,Public_transport,Car
52481,59,Senior,7645,Low,1_person,living_alone,1,F&B Eatery/Drinking Places,Walking,Car
3293,88,Elderly,88598,High,1_person,living_alone,1,F&B Eatery/Full-Service Restaurants,Walking,Car
33146,32,Adult,33276,Moderate,2_person,family_single,1,F&B Eatery/Limited-Service Restaurants,Walking,Car
44252,71,Elderly,8225,Low,2_person,married_couple,1,F&B Eatery/Full-Service Restaurants,Public_transport,Car
59475,40,Adult,56184,Moderate,4_person,married_couple,2,F&B Eatery/Snack and Nonalcoholic Beverage Bars,Car,Public_transport
47015,19,Young Adult,0,Debt,3_person,nonfamily_single,0,F&B Eatery/Limited-Service Restaurants,Walking,Walking
23290,23,Young Adult,31638,Moderate,6_person,nonfamily_single,3_plus,F&B Eatery/Full-Service Restaurants,Public_transport,Car
44650,75,Elderly,94953,Very High,2_person,married_couple,3_plus,F&B Eatery/Full-Service Restaurants,Public_transport,Car
3845,54,Senior,182051,Ultra High,2_person,married_couple,1,F&B Eatery/Full-Service Restaurants,Walking,Car
28469,21,Young Adult,0,Debt,2_person,nonfamily_single,0,F&B Eatery/Limited-Service Restaurants,Walking,Walking
47819,31,Adult,55557,Moderate,3_person,married_couple,2,F&B Eatery/Full-Service Restaurants,Public_transport,Car
29441,24,Young Adult,36911,Moderate,2_person,nonfamily_single,1,F&B Eatery/Full-Service Restaurants,Walking,Car
54703,39,Adult,15471,Low,7_plus_person,married_couple,2,F&B Eatery/Full-Service Restaurants,Public_transport,Car
61314,41,Middle Age,39824,Moderate,4_person,married_couple,1,F&B Eatery/Full-Service Restaurants,Walking,Car
13777,79,Elderly,12686,Low,2_person,family_single,0,F&B Eatery/Full-Service Restaurants,Public_transport,Walking
66948,57,Senior,38644,Moderate,2_person,married_couple,1,F&B Eatery/Full-Service Restaurants,Walking,Car
50946,24,Young Adult,0,Debt,4_person,nonfamily_single,0,F&B Eatery/Full-Service Restaurants,Public_transport,Walking
63262,28,Young Adult,42184,Moderate,1_person,living_alone,1,F&B Eatery/Full-Service Restaurants,Walking,Car
22301,27,Young Adult,52730,Moderate,4_person,nonfamily_single,3_plus,F&B Eatery/Full-Service Restaurants,Walking,Public_transport
45807,26,Young Adult,21468,Low,2_person,nonfamily_single,2,F&B Eatery/Full-Service Restaurants,Public_transport,Walking
37792,46,Middle Age,101242,Very High,2_person,married_couple,2,F&B Eatery/Limited-Service Restaurants,Public_transport,Walking
46797,30,Young Adult,116006,Very High,1_person,living_alone,1,F&B Eatery/Full-Service Restaurants,Public_transport,Car
12270,32,Adult,43320,Moderate,3_person,family_single,1,F&B Eatery/Limited-Service Restaurants,Public_transport,Car
1658,73,Elderly,317687,Ultra High,3_person,married_couple,2,F&B Eatery/Full-Service Restaurants,Car,Car
32980,47,Middle Age,0,Debt,6_person,married_couple,3_plus,F&B Eatery/Full-Service Restaurants,Car,Car
23698,22,Young Adult,0,Debt,6_person,nonfamily_single,0,F&B Eatery/Limited-Service Restaurants,Walking,Walking
62740,62,Elderly,10372,Low,1_person,living_alone,0,F&B Eatery/Full-Service Restaurants,Walking,Walking
20803,33,Adult,252536,Ultra High,2_person,married_couple,1,F&B Eatery/Snack and Nonalcoholic Beverage Bars,Walking,Car
1214,25,Young Adult,21092,Low,4_person,nonfamily_single,1,F&B Eatery/Snack and Nonalcoholic Beverage Bars,Public_transport,Car
21577,28,Young Adult,54023,Moderate,2_person,married_couple,0,F&B Eatery/Snack and Nonalcoholic Beverage Bars,Public_transport,Walking
15898,25,Young Adult,0,Debt,4_person,nonfamily_single,0,F&B Eatery/Limited-Service Restaurants,Walking,Walking
41294,61,Elderly,8889,Low,7_plus_person,nonfamily_single,0,F&B Eatery/Limited-Service Restaurants,Public_transport,Public_transport
51318,23,Young Adult,0,Debt,3_person,nonfamily_single,1,F&B Eatery/Limited-Service Restaurants,Car,Walking
52262,28,Young Adult,132025,Ultra High,2_person,nonfamily_single,1,F&B Eatery/Full-Service Restaurants,Public_transport,Walking
15762,30,Young Adult,10314,Low,1_person,living_alone,1,F&B Eatery/Snack and Nonalcoholic Beverage Bars,Car,Walking
46669,42,Middle Age,18788,Low,7_plus_person,family_single,3_plus,F&B Eatery/Full-Service Restaurants,Walking,Car
14195,49,Middle Age,596906,Ultra High,2_person,nonfamily_single,2,F&B Eatery/Full-Service Restaurants,Car,Car
33560,64,Elderly,86266,High,2_person,married_couple,1,F&B Eatery/Full-Service Restaurants,Car,Car
49385,52,Senior,15242,Low,1_person,living_alone,1,F&B Eatery/Snack and Nonalcoholic Beverage Bars,Public_transport,Car
60064,23,Young Adult,86641,High,3_person,nonfamily_single,2,F&B Eatery/Full-Service Restaurants,Car,Walking
58607,43,Middle Age,129764,Ultra High,2_person,married_couple,2,F&B Eatery/Limited-Service Restaurants,Walking,Car
49361,38,Adult,23201,Low,4_person,married_couple,0,F&B Eatery/Full-Service Restaurants,Walking,Public_transport
42098,26,Young Adult,31638,Moderate,2_person,nonfamily_single,1,F&B Eatery/Drinking Places,Public_transport,Car
67266,28,Young Adult,41258,Moderate,1_person,living_alone,0,F&B Eatery/Full-Service Restaurants,Car,Walking
2105,25,Young Adult,217910,Ultra High,3_person,nonfamily_single,1,F&B Eatery/Snack and Nonalcoholic Beverage Bars,Car,Walking
37266,20,Young Adult,0,Debt,3_person,nonfamily_single,1,F&B Eatery/Limited-Service Restaurants,Public_transport,Walking
55145,29,Young Adult,32203,Moderate,2_person,nonfamily_single,0,F&B Eatery/Drinking Places,Car,Walking
9505,32,Adult,139548,Ultra High,2_person,married_couple,2,F&B Eatery/Special Food Services,Car,Car
2413,58,Senior,2578,Low,2_person,family_single,1,F&B Eatery/Drinking Places,Car,Car
55750,27,Young Adult,73471,High,2_person,nonfamily_single,1,F&B Eatery/Snack and Nonalcoholic Beverage Bars,Public_transport,Walking
34492,24,Young Adult,26365,Low,1_person,living_alone,1,F&B Eatery/Snack and Nonalcoholic Beverage Bars,Walking,Walking
27398,28,Young Adult,86437,High,3_person,nonfamily_single,1,F&B Eatery/Snack and Nonalcoholic Beverage Bars,Public_transport,Walking
32214,34,Adult,35355,Moderate,2_person,married_couple,1,F&B Eatery/Snack and Nonalcoholic Beverage Bars,Public_transport,Car
834,25,Young Adult,22728,Low,6_person,nonfamily_single,1,F&B Eatery/Full-Service Restaurants,Car,Public_transport
9063,27,Young Adult,331704,Ultra High,2_person,nonfamily_single,1,F&B Eatery/Drinking Places,Car,Walking
55675,32,Adult,34350,Moderate,2_person,married_couple,2,F&B Eatery/Full-Service Restaurants,Car,Car
9455,79,Elderly,7593,Low,4_person,married_couple,2,F&B Eatery/Full-Service Restaurants,Car,Car
42578,38,Adult,77358,High,3_person,married_couple,3_plus,F&B Eatery/Full-Service Restaurants,Public_transport,Car
22419,34,Adult,89641,High,2_person,married_couple,2,F&B Eatery/Limited-Service Restaurants,Car,Car
12537,60,Senior,140621,Ultra High,1_person,living_alone,1,F&B Eatery/Snack and Nonalcoholic Beverage Bars,Public_transport,Car
46057,35,Adult,32414,Moderate,2_person,nonfamily_single,1,F&B Eatery/Full-Service Restaurants,Walking,Car
13163,77,Elderly,79628,High,2_person,nonfamily_single,2,F&B Eatery/Full-Service Restaurants,Walking,Car
29506,32,Adult,126268,Ultra High,2_person,married_couple,2,F&B Eatery/Full-Service Restaurants,Walking,Car
33988,27,Young Adult,102644,Very High,2_person,married_couple,1,F&B Eatery/Snack and Nonalcoholic Beverage Bars,Public_transport,Walking
45723,22,Young Adult,0,Debt,2_person,nonfamily_single,1,F&B Eatery/Limited-Service Restaurants,Public_transport,Walking
42725,48,Middle Age,300562,Ultra High,2_person,nonfamily_single,1,F&B Eatery/Full-Service Restaurants,Walking,Car
50182,83,Elderly,26365,Low,2_person,married_couple,1,F&B Eatery/Full-Service Restaurants,Car,Car
22936,40,Adult,43436,Moderate,4_person,married_couple,2,F&B Eatery/Snack and Nonalcoholic Beverage Bars,Public_transport,Public_transport
44143,28,Young Adult,33325,Moderate,5_person,family_single,1,F&B Eatery/Full-Service Restaurants,Car,Car
50539,20,Young Adult,3030,Low,3_person,married_couple,2,F&B Eatery/Full-Service Restaurants,Car,Public_transport
51153,35,Adult,63276,High,7_plus_person,married_couple,3_plus,F&B Eatery/Full-Service Restaurants,Walking,Car
5609,70,Elderly,77197,High,3_person,married_couple,3_plus,F&B Eatery/Limited-Service Restaurants,Public_transport,Car
11907,69,Elderly,27419,Low,2_person,married_couple,1,F&B Eatery/Snack and Nonalcoholic Beverage Bars,Car,Car
4581,29,Young Adult,26943,Low,2_person,married_couple,1,F&B Eatery/Full-Service Restaurants,Walking,Public_transport
15089,30,Young Adult,15819,Low,1_person,living_alone,0,F&B Eatery/Full-Service Restaurants,Public_transport,Walking
10292,57,Senior,16316,Low,1_person,living_alone,1,F&B Eatery/Full-Service Restaurants,Public_transport,Car
9677,29,Young Adult,21468,Low,2_person,nonfamily_single,1,F&B Eatery/Drinking Places,Walking,Walking
2523,28,Young Adult,21609,Low,3_person,married_couple,1,F&B Eatery/Full-Service Restaurants,Public_transport,Public_transport
46950,70,Elderly,72201,High,2_person,married_couple,2,F&B Eatery/Limited-Service Restaurants,Car,Car
31933,56,Senior,8990,Low,7_plus_person,family_single,1,F&B Eatery/Snack and Nonalcoholic Beverage Bars,Car,Walking
55206,45,Middle Age,77358,High,3_person,family_single,2,F&B Eatery/Full-Service Restaurants,Car,Car
56411,28,Young Adult,55557,Moderate,2_person,nonfamily_single,1,F&B Eatery/Limited-Service Restaurants,Car,Car
66268,43,Middle Age,217181,Ultra High,4_person,married_couple,1,F&B Eatery/Snack and Nonalcoholic Beverage Bars,Public_transport,Car
19462,51,Senior,13709,Low,3_person,married_couple,2,F&B Eatery/Drinking Places,Car,Car
29409,44,Middle Age,57966,Moderate,3_person,nonfamily_single,1,F&B Eatery/Snack and Nonalcoholic Beverage Bars,Walking,Walking
40228,27,Young Adult,54023,Moderate,2_person,nonfamily_single,2,F&B Eatery/Snack and Nonalcoholic Beverage Bars,Walking,Car
54712,62,Elderly,61783,High,1_person,living_alone,0,F&B Eatery/Limited-Service Restaurants,Public_transport,Public_transport
25881,35,Adult,5363,Low,4_person,married_couple,1,F&B Eatery/Snack and Nonalcoholic Beverage Bars,Car,Public_transport
4782,31,Adult,26365,Low,2_person,nonfamily_single,1,F&B Eatery/Full-Service Restaurants,Car,Public_transport
30782,31,Adult,41258,Moderate,2_person,nonfamily_single,1,F&B Eatery/Limited-Service Restaurants,Public_transport,Car
19558,25,Young Adult,50507,Moderate,3_person,nonfamily_single,2,F&B Eatery/Snack and Nonalcoholic Beverage Bars,Car,Car
31047,52,Senior,86872,High,6_person,married_couple,1,F&B Eatery/Full-Service Restaurants,Walking,Car
4381,47,Middle Age,8081,Low,7_plus_person,family_single,3_plus,F&B Eatery/Full-Service Restaurants,Public_transport,Car
38192,20,Young Adult,0,Debt,5_person,family_single,2,F&B Eatery/Full-Service Restaurants,Walking,Car
33760,37,Adult,12338,Low,2_person,married_couple,1,F&B Eatery/Full-Service Restaurants,Car,Walking
65117,28,Young Adult,0,Debt,4_person,nonfamily_single,3_plus,F&B Eatery/Full-Service Restaurants,Walking,Walking
14435,46,Middle Age,64406,High,5_person,married_couple,2,F&B Eatery/Full-Service Restaurants,Car,Car
7642,31,Adult,65385,High,3_person,married_couple,1,F&B Eatery/Full-Service Restaurants,Public_transport,Car
39220,80,Elderly,8889,Low,7_plus_person,nonfamily_single,0,F&B Eatery/Full-Service Restaurants,Public_transport,Public_transport
52460,65,Elderly,427291,Ultra High,1_person,living_alone,1,F&B Eatery/Full-Service Restaurants,Public_transport,Car
18549,28,Young Adult,82516,High,2_person,nonfamily_single,2,F&B Eatery/Drinking Places,Car,Walking
41577,33,Adult,48486,Moderate,3_person,married_couple,1,F&B Eatery/Snack and Nonalcoholic Beverage Bars,Car,Car
32391,53,Senior,52527,Moderate,1_person,living_alone,0,F&B Eatery/Snack and Nonalcoholic Beverage Bars,Public_transport,Public_transport
2327,67,Elderly,69107,High,2_person,married_couple,2,F&B Eatery/Snack and Nonalcoholic Beverage Bars,Car,Car
20187,28,Young Adult,74058,High,5_person,nonfamily_single,1,F&B Eatery/Full-Service Restaurants,Car,Car
35281,28,Young Adult,26365,Low,3_person,married_couple,2,F&B Eatery/Snack and Nonalcoholic Beverage Bars,Car,Public_transport
7373,26,Young Adult,95963,Very High,3_person,nonfamily_single,3_plus,F&B Eatery/Limited-Service Restaurants,Car,Car
60072,28,Young Adult,21609,Low,2_person,nonfamily_single,0,F&B Eatery/Snack and Nonalcoholic Beverage Bars,Public_transport,Walking
10618,59,Senior,162070,Ultra High,1_person,living_alone,1,F&B Eatery/Full-Service Restaurants,Walking,Car
64927,24,Young Adult,41258,Moderate,2_person,nonfamily_single,1,F&B Eatery/Limited-Service Restaurants,Car,Car
47708,44,Middle Age,39195,Moderate,3_person,family_single,2,F&B Eatery/Full-Service Restaurants,Public_transport,Public_transport
26739,75,Elderly,9491,Low,1_person,living_alone,0,F&B Eatery/Drinking Places,Public_transport,Walking
45730,58,Senior,15186,Low,2_person,married_couple,1,F&B Eatery/Full-Service Restaurants,Car,Car
62770,77,Elderly,101216,Very High,2_person,married_couple,2,F&B Eatery/Drinking Places,Car,Car
7637,25,Young Adult,116006,Very High,1_person,living_alone,0,F&B Eatery/Snack and Nonalcoholic Beverage Bars,Walking,Walking
48801,62,Elderly,108047,Very High,2_person,married_couple,1,F&B Eatery/Limited-Service Restaurants,Car,Car
42964,33,Adult,27011,Low,3_person,married_couple,1,F&B Eatery/Full-Service Restaurants,Walking,Walking
6854,37,Adult,150819,Ultra High,3_person,married_couple,2,F&B Eatery/Drinking Places,Car,Car
10619,26,Young Adult,41258,Moderate,2_person,family_single,1,F&B Eatery/Full-Service Restaurants,Walking,Car
44007,52,Senior,15242,Low,1_person,living_alone,1,F&B Eatery/Snack and Nonalcoholic Beverage Bars,Walking,Car
53915,26,Young Adult,100483,Very High,2_person,nonfamily_single,2,F&B Eatery/Limited-Service Restaurants,Car,Car
1386,37,Adult,1616,Low,3_person,family_single,0,F&B Eatery/Full-Service Restaurants,Walking,Public_transport
65032,61,Elderly,0,Debt,3_person,family_single,1,F&B Eatery/Snack and Nonalcoholic Beverage Bars,Car,Car
21323,24,Young Adult,86437,High,4_person,nonfamily_single,0,F&B Eatery/Limited-Service Restaurants,Public_transport,Walking
555,54,Senior,19448,Low,7_plus_person,married_couple,2,F&B Eatery/Snack and Nonalcoholic Beverage Bars,Public_transport,Car
18705,30,Young Adult,0,Debt,3_person,married_couple,0,F&B Eatery/Drinking Places,Public_transport,Walking
16704,31,Adult,19299,Low,2_person,nonfamily_single,0,F&B Eatery/Snack and Nonalcoholic Beverage Bars,Public_transport,Walking
35863,36,Adult,23723,Low,7_plus_person,married_couple,3_plus,F&B Eatery/Snack and Nonalcoholic Beverage Bars,Car,Car
3285,33,Adult,89641,High,2_person,nonfamily_single,1,F&B Eatery/Snack and Nonalcoholic Beverage Bars,Walking,Car
9930,44,Middle Age,28880,Low,4_person,family_single,1,F&B Eatery/Drinking Places,Public_transport,Car
9166,81,Elderly,23104,Low,7_plus_person,married_couple,1,F&B Eatery/Full-Service Restaurants,Walking,Car
50222,25,Young Adult,10314,Low,6_person,nonfamily_single,3_plus,F&B Eatery/Limited-Service Restaurants,Car,Car
7847,52,Senior,135923,Ultra High,1_person,living_alone,1,F&B Eatery/Limited-Service Restaurants,Car,Car
1313,31,Adult,9661,Low,2_person,family_single,0,F&B Eatery/Full-Service Restaurants,Public_transport,Public_transport
26469,63,Elderly,96973,Very High,1_person,living_alone,1,F&B Eatery/Limited-Service Restaurants,Public_transport,Car
20343,83,Elderly,3163,Low,7_plus_person,family_single,3_plus,F&B Eatery/Full-Service Restaurants,Car,Car
11095,27,Young Adult,0,Debt,2_person,family_single,1,F&B Eatery/Limited-Service Restaurants,Car,Walking
40218,23,Young Adult,36278,Moderate,4_person,nonfamily_single,0,F&B Eatery/Snack and Nonalcoholic Beverage Bars,Car,Walking
27909,26,Young Adult,80508,High,2_person,nonfamily_single,2,F&B Eatery/Snack and Nonalcoholic Beverage Bars,Public_transport,Walking
38231,24,Young Adult,4847,Low,5_person,family_single,0,F&B Eatery/Full-Service Restaurants,Public_transport,Walking
14706,32,Adult,109667,Very High,1_person,living_alone,0,F&B Eatery/Full-Service Restaurants,Car,Walking
32069,68,Elderly,105412,Very High,3_person,married_couple,3_plus,F&B Eatery/Full-Service Restaurants,Car,Car
44013,89,Elderly,1728,Low,1_person,living_alone,1,F&B Eatery/Snack and Nonalcoholic Beverage Bars,Car,Car
42399,62,Elderly,35763,Moderate,3_person,family_single,0,F&B Eatery/Full-Service Restaurants,Public_transport,Public_transport
37840,49,Middle Age,39020,Moderate,1_person,living_alone,0,F&B Eatery/Full-Service Restaurants,Public_transport,Walking
25757,76,Elderly,20629,Low,5_person,married_couple,2,F&B Eatery/Drinking Places,Car,Car
39339,37,Adult,68700,High,2_person,married_couple,1,F&B Eatery/Snack and Nonalcoholic Beverage Bars,Car,Car
62233,41,Middle Age,32738,Moderate,2_person,nonfamily_single,1,F&B Eatery/Drinking Places,Walking,Walking
38043,54,Senior,28983,Low,4_person,family_single,1,F&B Eatery/Snack and Nonalcoholic Beverage Bars,Public_transport,Car
18653,37,Adult,64828,High,2_person,nonfamily_single,1,F&B Eatery/Full-Service Restaurants,Walking,Car
59481,40,Adult,80811,High,1_person,living_alone,0,F&B Eatery/Full-Service Restaurants,Walking,Walking
18256,52,Senior,91839,Very High,2_person,married_couple,2,F&B Eatery/Full-Service Restaurants,Public_transport,Car
2972,47,Middle Age,12447,Low,4_person,married_couple,2,F&B Eatery/Special Food Services,Car,Public_transport
24982,29,Young Adult,195975,Ultra High,1_person,living_alone,0,F&B Eatery/Full-Service Restaurants,Walking,Walking
17806,16,Teen,0,Debt,2_person,family_single,1,F&B Eatery/Full-Service Restaurants,Car,Walking
67319,50,Middle Age,26365,Low,3_person,family_single,1,F&B Eatery/Snack and Nonalcoholic Beverage Bars,Public_transport,Car
34625,65,Elderly,5726,Low,2_person,married_couple,0,F&B Eatery/Full-Service Restaurants,Car,Public_transport
59059,88,Elderly,88598,High,1_person,living_alone,1,F&B Eatery/Snack and Nonalcoholic Beverage Bars,Car,Car
65276,20,Young Adult,16531,Low,3_person,family_single,2,F&B Eatery/Snack and Nonalcoholic Beverage Bars,Public_transport,Walking
29283,33,Adult,0,Debt,2_person,married_couple,1,F&B Eatery/Full-Service Restaurants,Car,Car
37259,49,Middle Age,5402,Low,2_person,married_couple,2,F&B Eatery/Full-Service Restaurants,Car,Car
43074,19,Young Adult,0,Debt,3_person,nonfamily_single,0,F&B Eatery/Limited-Service Restaurants,Public_transport,Walking
2765,82,Elderly,23001,Low,2_person,married_couple,1,F&B Eatery/Full-Service Restaurants,Car,Car
1541,73,Elderly,9283,Low,6_person,married_couple,2,F&B Eatery/Full-Service Restaurants,Car,Car
57410,18,Teen,15028,Low,6_person,family_single,0,F&B Eatery/Snack and Nonalcoholic Beverage Bars,Public_transport,Walking
40030,60,Senior,116690,Very High,1_person,living_alone,1,F&B Eatery/Full-Service Restaurants,Car,Car
27472,50,Middle Age,162340,Ultra High,2_person,married_couple,2,F&B Eatery/Full-Service Restaurants,Car,Car
20991,38,Adult,263651,Ultra High,6_person,married_couple,2,F&B Eatery/Full-Service Restaurants,Public_transport,Public_transport
51952,50,Middle Age,11020,Low,2_person,family_single,0,F&B Eatery/Full-Service Restaurants,Walking,Walking
8434,76,Elderly,23623,Low,3_person,married_couple,3_plus,F&B Eatery/Snack and Nonalcoholic Beverage Bars,Public_transport,Car
23495,41,Middle Age,54745,Moderate,2_person,family_single,1,F&B Eatery/Full-Service Restaurants,Public_transport,Car
64424,31,Adult,54023,Moderate,3_person,married_couple,1,F&B Eatery/Limited-Service Restaurants,Car,Car
29332,50,Middle Age,0,Debt,1_person,living_alone,1,F&B Eatery/Limited-Service Restaurants,Walking,Public_transport
12388,83,Elderly,24094,Low,2_person,married_couple,1,F&B Eatery/Full-Service Restaurants,Car,Car
21922,63,Elderly,7487,Low,2_person,married_couple,1,F&B Eatery/Full-Service Restaurants,Car,Car
53618,42,Middle Age,77288,High,4_person,married_couple,2,F&B Eatery/Drinking Places,Car,Car
32376,18,Teen,0,Debt,3_person,married_couple,1,F&B Eatery/Snack and Nonalcoholic Beverage Bars,Public_transport,Car
26567,42,Middle Age,4723,Low,1_person,living_alone,1,F&B Eatery/Limited-Service Restaurants,Walking,Car
42243,35,Adult,77358,High,1_person,living_alone,1,F&B Eatery/Snack and Nonalcoholic Beverage Bars,Public_transport,Car
58501,57,Senior,16855,Low,2_person,nonfamily_single,1,F&B Eatery/Limited-Service Restaurants,Car,Car
60137,65,Elderly,11344,Low,1_person,living_alone,1,F&B Eatery/Limited-Service Restaurants,Walking,Car
56799,75,Elderly,2268,Low,2_person,married_couple,1,F&B Eatery/Limited-Service Restaurants,Car,Car
55275,28,Young Adult,116006,Very High,2_person,nonfamily_single,1,F&B Eatery/Snack and Nonalcoholic Beverage Bars,Car,Car
8563,80,Elderly,8889,Low,7_plus_person,nonfamily_single,0,F&B Eatery/Full-Service Restaurants,Public_transport,Public_transport
3771,20,Young Adult,0,Debt,1_person,living_alone,0,F&B Eatery/Limited-Service Restaurants,Walking,Walking
46228,25,Young Adult,0,Debt,3_person,nonfamily_single,1,F&B Eatery/Drinking Places,Walking,Walking
17493,29,Young Adult,95536,Very High,2_person,married_couple,1,F&B Eatery/Full-Service Restaurants,Walking,Walking
4655,33,Adult,64406,High,3_person,nonfamily_single,2,F&B Eatery/Drinking Places,Walking,Car
65472,39,Adult,105198,Very High,4_person,married_couple,2,F&B Eatery/Full-Service Restaurants,Walking,Car
11434,38,Adult,146471,Ultra High,4_person,married_couple,2,F&B Eatery/Snack and Nonalcoholic Beverage Bars,Car,Public_transport
32649,22,Young Adult,1395,Low,5_person,married_couple,1,F&B Eatery/Full-Service Restaurants,Car,Public_transport
65797,35,Adult,22223,Low,5_person,family_single,3_plus,F&B Eatery/Drinking Places,Public_transport,Car
32536,26,Young Adult,100050,Very High,1_person,living_alone,0,F&B Eatery/Full-Service Restaurants,Walking,Walking
294,25,Young Adult,66012,High,2_person,nonfamily_single,2,F&B Eatery/Full-Service Restaurants,Public_transport,Walking
41034,63,Elderly,0,Debt,3_person,family_single,1,F&B Eatery/Full-Service Restaurants,Car,Car
56247,24,Young Adult,71921,High,2_person,nonfamily_single,0,F&B Eatery/Snack and Nonalcoholic Beverage Bars,Car,Walking
46157,19,Young Adult,0,Debt,2_person,family_single,0,F&B Eatery/Limited-Service Restaurants,Walking,Walking
41894,57,Senior,16346,Low,2_person,married_couple,1,F&B Eatery/Full-Service Restaurants,Car,Car
44866,62,Elderly,5273,Low,4_person,married_couple,1,F&B Eatery/Snack and Nonalcoholic Beverage Bars,Car,Car
44491,45,Middle Age,412,Low,4_person,married_couple,2,F&B Eatery/Snack and Nonalcoholic Beverage Bars,Car,Public_transport
27499,26,Young Adult,67044,High,3_person,nonfamily_single,0,F&B Eatery/Full-Service Restaurants,Public_transport,Walking
12682,26,Young Adult,10804,Low,2_person,nonfamily_single,1,F&B Eatery/Drinking Places,Public_transport,Walking
19938,45,Middle Age,31638,Moderate,3_person,family_single,0,F&B Eatery/Snack and Nonalcoholic Beverage Bars,Walking,Walking
9096,46,Middle Age,92920,Very High,1_person,living_alone,1,F&B Eatery/Full-Service Restaurants,Public_transport,Car
1737,55,Senior,108302,Very High,2_person,family_single,1,F&B Eatery/Snack and Nonalcoholic Beverage Bars,Public_transport,Car
63089,73,Elderly,22485,Low,3_person,married_couple,1,F&B Eatery/Drinking Places,Car,Car
20365,26,Young Adult,0,Debt,4_person,nonfamily_single,2,F&B Eatery/Limited-Service Restaurants,Public_transport,Walking
33329,31,Adult,16101,Low,4_person,family_single,0,F&B Eatery/Full-Service Restaurants,Public_transport,Walking
15357,54,Senior,51572,Moderate,3_person,married_couple,2,F&B Eatery/Full-Service Restaurants,Car,Car
58481,58,Senior,118079,Very High,2_person,married_couple,2,F&B Eatery/Snack and Nonalcoholic Beverage Bars,Car,Car
36113,40,Adult,181826,Ultra High,4_person,married_couple,1,F&B Eatery/Full-Service Restaurants,Car,Public_transport
11492,58,Senior,42184,Moderate,5_person,family_single,2,F&B Eatery/Drinking Places,Car,Car
42122,39,Adult,32203,Moderate,6_person,married_couple,1,F&B Eatery/Full-Service Restaurants,Walking,Public_transport
9628,29,Young Adult,4321,Low,2_person,nonfamily_single,2,F&B Eatery/Full-Service Restaurants,Car,Walking
66885,44,Middle Age,142608,Ultra High,3_person,family_single,1,F&B Eatery/Snack and Nonalcoholic Beverage Bars,Car,Car
8314,25,Young Adult,67044,High,2_person,nonfamily_single,0,F&B Eatery/Special Food Services,Walking,Walking
58849,21,Young Adult,4321,Low,3_person,nonfamily_single,0,F&B Eatery/Full-Service Restaurants,Public_transport,Walking
9719,32,Adult,82516,High,2_person,married_couple,2,F&B Eatery/Full-Service Restaurants,Car,Car
61338,43,Middle Age,15471,Low,7_plus_person,married_couple,0,F&B Eatery/Full-Service Restaurants,Walking,Public_transport
21322,61,Elderly,80453,High,5_person,married_couple,2,F&B Eatery/Limited-Service Restaurants,Car,Car
43890,65,Elderly,16193,Low,1_person,living_alone,1,F&B Eatery/Full-Service Restaurants,Car,Car
59038,39,Adult,70847,High,1_person,living_alone,1,F&B Eatery/Full-Service Restaurants,Walking,Car
32826,36,Adult,79801,High,7_plus_person,nonfamily_single,3_plus,F&B Eatery/Full-Service Restaurants,Car,Walking
53014,63,Elderly,91299,Very High,1_person,living_alone,1,F&B Eatery/Drinking Places,Public_transport,Car
59555,56,Senior,117585,Very High,2_person,married_couple,0,F&B Eatery/Drinking Places,Walking,Public_transport
47921,48,Middle Age,8120,Low,3_person,married_couple,1,F&B Eatery/Snack and Nonalcoholic Beverage Bars,Walking,Car
29059,62,Elderly,13938,Low,1_person,living_alone,1,F&B Eatery/Limited-Service Restaurants,Walking,Car
28942,47,Middle Age,12447,Low,4_person,married_couple,2,F&B Eatery/Full-Service Restaurants,Car,Public_transport
66077,84,Elderly,15471,Low,6_person,nonfamily_single,0,F&B Eatery/Full-Service Restaurants,Public_transport,Public_transport
35969,64,Elderly,10520,Low,1_person,living_alone,0,F&B Eatery/Full-Service Restaurants,Car,Walking
3435,63,Elderly,10727,Low,1_person,living_alone,1,F&B Eatery/Full-Service Restaurants,Car,Car
64856,66,Elderly,7515,Low,2_person,married_couple,1,F&B Eatery/Limited-Service Restaurants,Car,Car
18033,18,Teen,5454,Low,2_person,family_single,1,F&B Eatery/Drinking Places,Walking,Walking
53788,61,Elderly,8889,Low,7_plus_person,nonfamily_single,0,F&B Eatery/Limited-Service Restaurants,Public_transport,Public_transport
35278,43,Middle Age,224041,Ultra High,5_person,married_couple,2,F&B Eatery/Snack and Nonalcoholic Beverage Bars,Public_transport,Car
42596,58,Senior,75141,High,3_person,married_couple,2,F&B Eatery/Full-Service Restaurants,Car,Car
17322,37,Adult,89736,High,5_person,married_couple,3_plus,F&B Eatery/Full-Service Restaurants,Public_transport,Car
59970,60,Senior,140621,Ultra High,1_person,living_alone,1,F&B Eatery/Full-Service Restaurants,Public_transport,Car
28174,45,Middle Age,232939,Ultra High,2_person,married_couple,1,F&B Eatery/Full-Service Restaurants,Walking,Car
66922,67,Elderly,42184,Moderate,3_person,family_single,2,F&B Eatery/Snack and Nonalcoholic Beverage Bars,Car,Car
55698,70,Elderly,14852,Low,2_person,married_couple,0,F&B Eatery/Full-Service Restaurants,Car,Public_transport
12886,32,Adult,92920,Very High,1_person,living_alone,0,F&B Eatery/Limited-Service Restaurants,Walking,Walking
66278,70,Elderly,190818,Ultra High,1_person,living_alone,1,F&B Eatery/Full-Service Restaurants,Car,Car
65931,33,Adult,31638,Moderate,2_person,married_couple,0,F&B Eatery/Full-Service Restaurants,Walking,Public_transport
60400,27,Young Adult,24689,Low,5_person,married_couple,2,F&B Eatery/Limited-Service Restaurants,Car,Public_transport
44527,33,Adult,51572,Moderate,4_person,family_single,1,F&B Eatery/Drinking Places,Public_transport,Public_transport
53022,61,Elderly,116166,Very High,5_person,married_couple,3_plus,F&B Eatery/Full-Service Restaurants,Walking,Car
16138,71,Elderly,52730,Moderate,2_person,married_couple,1,F&B Eatery/Full-Service Restaurants,Car,Car
42942,28,Young Adult,25253,Low,1_person,living_alone,0,F&B Eatery/Full-Service Restaurants,Public_transport,Walking
46314,73,Elderly,9283,Low,6_person,married_couple,2,F&B Eatery/Snack and Nonalcoholic Beverage Bars,Car,Car
52066,29,Young Adult,64828,High,2_person,nonfamily_single,2,F&B Eatery/Limited-Service Restaurants,Car,Walking
52059,57,Senior,67679,High,2_person,married_couple,2,F&B Eatery/Limited-Service Restaurants,Public_transport,Car
37789,30,Young Adult,75141,High,4_person,nonfamily_single,1,F&B Eatery/Full-Service Restaurants,Public_transport,Car
28114,63,Elderly,27011,Low,1_person,living_alone,1,F&B Eatery/Limited-Service Restaurants,Walking,Car
30805,36,Adult,158190,Ultra High,3_person,married_couple,1,F&B Eatery/Full-Service Restaurants,Walking,Car
5993,61,Elderly,48790,Moderate,1_person,living_alone,1,F&B Eatery/Drinking Places,Car,Car
9107,24,Young Adult,59425,Moderate,5_person,married_couple,3_plus,F&B Eatery/Full-Service Restaurants,Walking,Car
38727,30,Young Adult,34344,Moderate,7_plus_person,nonfamily_single,3_plus,F&B Eatery/Drinking Places,Car,Car
20799,51,Senior,84895,High,5_person,family_single,2,F&B Eatery/Snack and Nonalcoholic Beverage Bars,Car,Car
22754,69,Elderly,26836,Low,1_person,living_alone,2,F&B Eatery/Limited-Service Restaurants,Car,Car
62982,67,Elderly,79864,High,1_person,living_alone,1,F&B Eatery/Full-Service Restaurants,Car,Car
26393,47,Middle Age,0,Debt,4_person,married_couple,2,F&B Eatery/Full-Service Restaurants,Public_transport,Car
27684,37,Adult,276306,Ultra High,2_person,nonfamily_single,1,F&B Eatery/Full-Service Restaurants,Public_transport,Car
63843,52,Senior,8664,Low,1_person,living_alone,0,F&B Eatery/Full-Service Restaurants,Public_transport,Public_transport
53101,60,Senior,1515,Low,7_plus_person,nonfamily_single,0,F&B Eatery/Limited-Service Restaurants,Public_transport,Public_transport
41297,74,Elderly,6440,Low,2_person,married_couple,2,F&B Eatery/Full-Service Restaurants,Car,Car
56947,41,Middle Age,6060,Low,3_person,family_single,0,F&B Eatery/Limited-Service Restaurants,Public_transport,Walking
65715,47,Middle Age,121217,Ultra High,7_plus_person,married_couple,1,F&B Eatery/Snack and Nonalcoholic Beverage Bars,Walking,Walking
34840,52,Senior,128134,Ultra High,3_person,married_couple,2,F&B Eatery/Snack and Nonalcoholic Beverage Bars,Car,Car
12122,25,Young Adult,42184,Moderate,4_person,nonfamily_single,1,F&B Eatery/Full-Service Restaurants,Public_transport,Car
14837,63,Elderly,12641,Low,1_person,living_alone,1,F&B Eatery/Full-Service Restaurants,Walking,Car
38590,39,Adult,270718,Ultra High,1_person,living_alone,1,F&B Eatery/Full-Service Restaurants,Walking,Car
44140,29,Young Adult,103145,Very High,2_person,married_couple,1,F&B Eatery/Full-Service Restaurants,Car,Walking
13335,79,Elderly,7273,Low,3_person,married_couple,1,F&B Eatery/Full-Service Restaurants,Public_transport,Car
49647,46,Middle Age,27273,Low,3_person,married_couple,1,F&B Eatery/Full-Service Restaurants,Public_transport,Car
3513,29,Young Adult,28474,Low,2_person,married_couple,1,F&B Eatery/Full-Service Restaurants,Public_transport,Public_transport
44451,26,Young Adult,61887,High,2_person,nonfamily_single,1,F&B Eatery/Limited-Service Restaurants,Car,Walking
64561,77,Elderly,68549,High,1_person,living_alone,0,F&B Eatery/Full-Service Restaurants,Car,Public_transport
49037,40,Adult,94914,Very High,4_person,married_couple,2,F&B Eatery/Full-Service Restaurants,Walking,Car
30992,29,Young Adult,22485,Low,3_person,nonfamily_single,2,F&B Eatery/Snack and Nonalcoholic Beverage Bars,Public_transport,Walking
59608,63,Elderly,10949,Low,1_person,living_alone,0,F&B Eatery/Snack and Nonalcoholic Beverage Bars,Public_transport,Walking
59017,49,Middle Age,116469,Very High,2_person,married_couple,1,F&B Eatery/Full-Service Restaurants,Public_transport,Car
57116,56,Senior,39547,Moderate,2_person,family_single,1,F&B Eatery/Full-Service Restaurants,Car,Car
63892,23,Young Adult,4218,Low,4_person,family_single,1,F&B Eatery/Limited-Service Restaurants,Public_transport,Car
23866,85,Elderly,33006,Moderate,3_person,nonfamily_single,2,F&B Eatery/Drinking Places,Car,Car
49111,70,Elderly,50093,Moderate,2_person,married_couple,1,F&B Eatery/Limited-Service Restaurants,Car,Car
24094,28,Young Adult,37816,Moderate,2_person,nonfamily_single,1,F&B Eatery/Drinking Places,Car,Car
51833,34,Adult,30943,Moderate,5_person,married_couple,2,F&B Eatery/Snack and Nonalcoholic Beverage Bars,Public_transport,Car
49918,27,Young Adult,183895,Ultra High,2_person,nonfamily_single,1,F&B Eatery/Drinking Places,Walking,Walking
23341,68,Elderly,12881,Low,3_person,family_single,0,F&B Eatery/Limited-Service Restaurants,Public_transport,Walking
3782,74,Elderly,324256,Ultra High,2_person,married_couple,1,F&B Eatery/Limited-Service Restaurants,Car,Car
63720,45,Middle Age,0,Debt,3_person,married_couple,1,F&B Eatery/Full-Service Restaurants,Car,Car
31225,23,Young Adult,5367,Low,3_person,nonfamily_single,1,F&B Eatery/Full-Service Restaurants,Car,Walking
9336,80,Elderly,85256,High,2_person,married_couple,1,F&B Eatery/Drinking Places,Car,Car
15385,25,Young Adult,40791,Moderate,3_person,nonfamily_single,1,F&B Eatery/Drinking Places,Public_transport,Car
41196,76,Elderly,7632,Low,2_person,married_couple,2,F&B Eatery/Snack and Nonalcoholic Beverage Bars,Public_transport,Car
10702,50,Middle Age,0,Debt,4_person,married_couple,2,F&B Eatery/Full-Service Restaurants,Public_transport,Car
27566,50,Middle Age,10314,Low,1_person,living_alone,1,F&B Eatery/Full-Service Restaurants,Car,Car
26849,62,Elderly,99187,Very High,1_person,living_alone,1,F&B Eatery/Full-Service Restaurants,Walking,Car
35628,22,Young Adult,52527,Moderate,2_person,nonfamily_single,1,F&B Eatery/Drinking Places,Public_transport,Car
33989,37,Adult,63318,High,2_person,nonfamily_single,3_plus,F&B Eatery/Full-Service Restaurants,Car,Car
42084,31,Adult,248508,Ultra High,1_person,living_alone,1,F&B Eatery/Full-Service Restaurants,Walking,Car
4864,80,Elderly,42289,Moderate,3_person,married_couple,2,F&B Eatery/Limited-Service Restaurants,Public_transport,Car
24118,56,Senior,91243,Very High,2_person,family_single,2,F&B Eatery/Full-Service Restaurants,Public_transport,Car
13280,34,Adult,0,Debt,2_person,married_couple,0,F&B Eatery/Full-Service Restaurants,Walking,Public_transport
12390,60,Senior,308404,Ultra High,2_person,married_couple,2,F&B Eatery/Limited-Service Restaurants,Public_transport,Car
6085,26,Young Adult,61887,High,2_person,nonfamily_single,1,F&B Eatery/Snack and Nonalcoholic Beverage Bars,Walking,Walking
26579,58,Senior,8251,Low,4_person,married_couple,3_plus,F&B Eatery/Full-Service Restaurants,Car,Car
12546,27,Young Adult,2160,Low,2_person,married_couple,1,F&B Eatery/Snack and Nonalcoholic Beverage Bars,Car,Public_transport
48037,43,Middle Age,13397,Low,4_person,married_couple,2,F&B Eatery/Snack and Nonalcoholic Beverage Bars,Walking,Public_transport
4924,20,Young Adult,0,Debt,5_person,family_single,2,F&B Eatery/Full-Service Restaurants,Public_transport,Car
4532,36,Adult,150076,Ultra High,2_person,married_couple,1,F&B Eatery/Full-Service Restaurants,Walking,Car
67026,51,Senior,5050,Low,2_person,married_couple,1,F&B Eatery/Full-Service Restaurants,Car,Car
34440,29,Young Adult,32203,Moderate,4_person,nonfamily_single,1,F&B Eatery/Full-Service Restaurants,Public_transport,Car
60416,32,Adult,54023,Moderate,3_person,nonfamily_single,1,F&B Eatery/Full-Service Restaurants,Public_transport,Car
32408,94,Elderly,1620,Low,2_person,married_couple,0,F&B Eatery/Snack and Nonalcoholic Beverage Bars,Car,Public_transport
60674,63,Elderly,10727,Low,1_person,living_alone,1,F&B Eatery/Full-Service Restaurants,Car,Car
4055,25,Young Adult,12222,Low,2_person,nonfamily_single,0,F&B Eatery/Full-Service Restaurants,Car,Walking
63688,47,Middle Age,84368,High,4_person,nonfamily_single,0,F&B Eatery/Snack and Nonalcoholic Beverage Bars,Public_transport,Public_transport
56104,26,Young Adult,32324,Moderate,4_person,married_couple,3_plus,F&B Eatery/Limited-Service Restaurants,Public_transport,Car
65415,26,Young Adult,38896,Moderate,3_person,married_couple,1,F&B Eatery/Snack and Nonalcoholic Beverage Bars,Walking,Car
10000,40,Adult,0,Debt,7_plus_person,married_couple,1,F&B Eatery/Full-Service Restaurants,Car,Car
23535,49,Middle Age,640531,Ultra High,5_person,married_couple,2,F&B Eatery/Full-Service Restaurants,Car,Car
60785,84,Elderly,44504,Moderate,2_person,family_single,2,F&B Eatery/Limited-Service Restaurants,Public_transport,Car
11953,28,Young Adult,41258,Moderate,2_person,married_couple,0,F&B Eatery/Full-Service Restaurants,Car,Walking
28400,66,Elderly,14337,Low,1_person,living_alone,3_plus,F&B Eatery/Full-Service Restaurants,Car,Car
2850,23,Young Adult,0,Debt,1_person,living_alone,1,F&B Eatery/Limited-Service Restaurants,Car,Walking
29195,23,Young Adult,0,Debt,3_person,nonfamily_single,1,F&B Eatery/Limited-Service Restaurants,Car,Walking
43005,29,Young Adult,40607,Moderate,3_person,married_couple,3_plus,F&B Eatery/Drinking Places,Public_transport,Car
62073,37,Adult,0,Debt,4_person,married_couple,0,F&B Eatery/Full-Service Restaurants,Public_transport,Public_transport
10255,56,Senior,51572,Moderate,5_person,married_couple,1,F&B Eatery/Drinking Places,Car,Car
46073,50,Middle Age,9661,Low,2_person,family_single,0,F&B Eatery/Full-Service Restaurants,Walking,Walking
24290,27,Young Adult,42184,Moderate,2_person,married_couple,1,F&B Eatery/Full-Service Restaurants,Car,Car
42255,60,Senior,41057,Moderate,4_person,married_couple,2,F&B Eatery/Full-Service Restaurants,Car,Car
60062,41,Middle Age,84368,High,2_person,married_couple,2,F&B Eatery/Full-Service Restaurants,Walking,Car
12879,38,Adult,28092,Low,3_person,family_single,0,F&B Eatery/Full-Service Restaurants,Walking,Public_transport
44912,42,Middle Age,22649,Low,2_person,nonfamily_single,3_plus,F&B Eatery/Full-Service Restaurants,Walking,Car
19838,56,Senior,0,Debt,1_person,living_alone,0,F&B Eatery/Drinking Places,Walking,Walking
37085,24,Young Adult,36100,Moderate,5_person,nonfamily_single,0,F&B Eatery/Full-Service Restaurants,Walking,Public_transport
42748,16,Teen,0,Debt,4_person,family_single,1,F&B Eatery/Full-Service Restaurants,Walking,Walking
25020,58,Senior,141420,Ultra High,2_person,nonfamily_single,1,F&B Eatery/Limited-Service Restaurants,Car,Car
23769,29,Young Adult,52527,Moderate,2_person,nonfamily_single,0,F&B Eatery/Limited-Service Restaurants,Walking,Walking
5519,60,Senior,0,Debt,6_person,married_couple,0,F&B Eatery/Snack and Nonalcoholic Beverage Bars,Walking,Public_transport
858,25,Young Adult,130771,Ultra High,1_person,living_alone,0,F&B Eatery/Limited-Service Restaurants,Walking,Walking
60579,76,Elderly,12121,Low,7_plus_person,married_couple,2,F&B Eatery/Full-Service Restaurants,Public_transport,Car
5972,45,Middle Age,218446,Ultra High,2_person,married_couple,2,F&B Eatery/Full-Service Restaurants,Car,Car
20823,26,Young Adult,95969,Very High,1_person,living_alone,0,F&B Eatery/Limited-Service Restaurants,Walking,Walking
40643,48,Middle Age,116554,Very High,2_person,married_couple,1,F&B Eatery/Limited-Service Restaurants,Walking,Car
67054,67,Elderly,201429,Ultra High,2_person,married_couple,1,F&B Eatery/Limited-Service Restaurants,Walking,Car
595,29,Young Adult,48621,Moderate,2_person,married_couple,0,F&B Eatery/Limited-Service Restaurants,Walking,Walking
27169,64,Elderly,165740,Ultra High,1_person,living_alone,1,F&B Eatery/Drinking Places,Car,Car
8804,44,Middle Age,61887,High,5_person,married_couple,2,F&B Eatery/Limited-Service Restaurants,Car,Car
24183,44,Middle Age,57966,Moderate,3_person,nonfamily_single,1,F&B Eatery/Snack and Nonalcoholic Beverage Bars,Public_transport,Walking
41954,46,Middle Age,155027,Ultra High,7_plus_person,family_single,1,F&B Eatery/Full-Service Restaurants,Public_transport,Walking
28997,70,Elderly,6666,Low,7_plus_person,married_couple,1,F&B Eatery/Snack and Nonalcoholic Beverage Bars,Car,Car
43738,28,Young Adult,53672,Moderate,1_person,living_alone,0,F&B Eatery/Full-Service Restaurants,Walking,Walking
9746,53,Senior,162409,Ultra High,5_person,married_couple,1,F&B Eatery/Full-Service Restaurants,Car,Car
14352,47,Middle Age,57578,Moderate,3_person,married_couple,1,F&B Eatery/Full-Service Restaurants,Car,Car
10165,32,Adult,65659,High,3_person,married_couple,1,F&B Eatery/Drinking Places,Car,Car
1951,77,Elderly,22124,Low,2_person,family_single,2,F&B Eatery/Full-Service Restaurants,Car,Car
9120,79,Elderly,8331,Low,2_person,married_couple,1,F&B Eatery/Drinking Places,Car,Car
61722,32,Adult,60608,High,4_person,nonfamily_single,1,F&B Eatery/Snack and Nonalcoholic Beverage Bars,Public_transport,Car
5649,59,Senior,74067,High,1_person,living_alone,1,F&B Eatery/Snack and Nonalcoholic Beverage Bars,Walking,Car
15847,74,Elderly,107147,Very High,1_person,living_alone,1,F&B Eatery/Limited-Service Restaurants,Car,Car
7910,36,Adult,0,Debt,4_person,married_couple,0,F&B Eatery/Full-Service Restaurants,Walking,Public_transport
56096,27,Young Adult,31638,Moderate,4_person,nonfamily_single,1,F&B Eatery/Limited-Service Restaurants,Public_transport,Car
14781,29,Young Adult,41258,Moderate,3_person,nonfamily_single,2,F&B Eatery/Full-Service Restaurants,Walking,Car
7830,40,Adult,2109,Low,3_person,married_couple,2,F&B Eatery/Snack and Nonalcoholic Beverage Bars,Public_transport,Walking
2513,29,Young Adult,37816,Moderate,3_person,family_single,3_plus,F&B Eatery/Drinking Places,Car,Car
39500,22,Young Adult,2146,Low,2_person,nonfamily_single,0,F&B Eatery/Full-Service Restaurants,Walking,Walking
38327,46,Middle Age,206290,Ultra High,5_person,married_couple,1,F&B Eatery/Drinking Places,Car,Car
7526,54,Senior,75760,High,2_person,married_couple,1,F&B Eatery/Snack and Nonalcoholic Beverage Bars,Public_transport,Car
7860,40,Adult,40405,Moderate,3_person,nonfamily_single,3_plus,F&B Eatery/Snack and Nonalcoholic Beverage Bars,Walking,Car
55058,66,Elderly,53672,Moderate,1_person,living_alone,1,F&B Eatery/Limited-Service Restaurants,Car,Car
43795,59,Senior,96610,Very High,3_person,married_couple,3_plus,F&B Eatery/Full-Service Restaurants,Car,Car
4700,28,Young Adult,0,Debt,3_person,married_couple,0,F&B Eatery/Full-Service Restaurants,Walking,Walking
35001,63,Elderly,11111,Low,2_person,family_single,1,F&B Eatery/Full-Service Restaurants,Car,Car
32720,38,Adult,38385,Moderate,4_person,married_couple,2,F&B Eatery/Full-Service Restaurants,Car,Public_transport
27626,42,Middle Age,158612,Ultra High,4_person,married_couple,3_plus,F&B Eatery/Drinking Places,Walking,Car
48406,60,Senior,108047,Very High,1_person,living_alone,1,F&B Eatery/Drinking Places,Car,Car
24976,27,Young Adult,0,Debt,3_person,family_single,3_plus,F&B Eatery/Limited-Service Restaurants,Car,Walking
24340,37,Adult,49497,Moderate,2_person,nonfamily_single,1,F&B Eatery/Snack and Nonalcoholic Beverage Bars,Walking,Car
17560,79,Elderly,18982,Low,2_person,married_couple,1,F&B Eatery/Full-Service Restaurants,Car,Car
48928,25,Young Adult,42937,Moderate,3_person,family_single,1,F&B Eatery/Drinking Places,Car,Car
25008,34,Adult,59039,Moderate,3_person,married_couple,2,F&B Eatery/Limited-Service Restaurants,Walking,Car
29774,73,Elderly,328462,Ultra High,1_person,living_alone,1,F&B Eatery/Full-Service Restaurants,Car,Car
31501,25,Young Adult,53784,Moderate,1_person,living_alone,0,F&B Eatery/Drinking Places,Walking,Walking
47860,55,Senior,71921,High,3_person,married_couple,3_plus,F&B Eatery/Full-Service Restaurants,Car,Public_transport
11926,21,Young Adult,0,Debt,3_person,married_couple,2,F&B Eatery/Snack and Nonalcoholic Beverage Bars,Walking,Public_transport
22044,41,Middle Age,959691,Ultra High,2_person,nonfamily_single,1,F&B Eatery/Full-Service Restaurants,Walking,Car
58909,34,Adult,38679,Moderate,4_person,married_couple,1,F&B Eatery/Limited-Service Restaurants,Walking,Public_transport
9215,21,Young Adult,64828,High,2_person,family_single,1,F&B Eatery/Full-Service Restaurants,Public_transport,Walking
27874,22,Young Adult,64981,High,7_plus_person,married_couple,3_plus,F&B Eatery/Full-Service Restaurants,Public_transport,Walking
25103,95,Elderly,25786,Low,2_person,family_single,1,F&B Eatery/Limited-Service Restaurants,Public_transport,Car
56630,37,Adult,52527,Moderate,2_person,married_couple,1,F&B Eatery/Full-Service Restaurants,Walking,Car
20539,48,Middle Age,42184,Moderate,3_person,family_single,0,F&B Eatery/Full-Service Restaurants,Walking,Walking
59603,43,Middle Age,129764,Ultra High,2_person,married_couple,2,F&B Eatery/Limited-Service Restaurants,Car,Car
29187,90,Elderly,48890,Moderate,3_person,family_single,3_plus,F&B Eatery/Full-Service Restaurants,Car,Car
14086,75,Elderly,13512,Low,2_person,married_couple,1,F&B Eatery/Drinking Places,Walking,Car
20625,25,Young Adult,1041,Low,7_plus_person,nonfamily_single,1,F&B Eatery/Limited-Service Restaurants,Walking,Walking
5424,90,Elderly,53537,Moderate,2_person,married_couple,1,F&B Eatery/Snack and Nonalcoholic Beverage Bars,Car,Car
13265,63,Elderly,8643,Low,3_person,family_single,0,F&B Eatery/Snack and Nonalcoholic Beverage Bars,Public_transport,Walking
23831,18,Teen,0,Debt,5_person,married_couple,2,F&B Eatery/Full-Service Restaurants,Walking,Public_transport
52553,40,Adult,278492,Ultra High,4_person,married_couple,2,F&B Eatery/Full-Service Restaurants,Public_transport,Public_transport
28840,87,Elderly,9768,Low,1_person,living_alone,0,F&B Eatery/Limited-Service Restaurants,Walking,Walking
15567,62,Elderly,643462,Ultra High,2_person,married_couple,1,F&B Eatery/Drinking Places,Car,Car
45269,32,Adult,158592,Ultra High,2_person,married_couple,1,F&B Eatery/Full-Service Restaurants,Car,Car
40260,25,Young Adult,5273,Low,4_person,nonfamily_single,1,F&B Eatery/Drinking Places,Public_transport,Car
47934,52,Senior,15242,Low,1_person,living_alone,1,F&B Eatery/Full-Service Restaurants,Walking,Car
28656,24,Young Adult,34801,Moderate,4_person,nonfamily_single,1,F&B Eatery/Full-Service Restaurants,Walking,Car
8995,25,Young Adult,42184,Moderate,4_person,nonfamily_single,1,F&B Eatery/Limited-Service Restaurants,Walking,Car
34318,58,Senior,1818,Low,5_person,married_couple,1,F&B Eatery/Full-Service Restaurants,Car,Car
17393,31,Adult,15457,Low,2_person,family_single,1,F&B Eatery/Limited-Service Restaurants,Walking,Car
23519,40,Adult,35655,Moderate,4_person,family_single,3_plus,F&B Eatery/Full-Service Restaurants,Public_transport,Walking
14842,21,Young Adult,2593,Low,3_person,nonfamily_single,0,F&B Eatery/Full-Service Restaurants,Walking,Walking
10929,25,Young Adult,10314,Low,4_person,nonfamily_single,1,F&B Eatery/Full-Service Restaurants,Walking,Car
22998,76,Elderly,20629,Low,5_person,married_couple,2,F&B Eatery/Snack and Nonalcoholic Beverage Bars,Car,Car
57546,18,Teen,0,Debt,3_person,married_couple,2,F&B Eatery/Limited-Service Restaurants,Car,Car
37863,79,Elderly,149400,Ultra High,1_person,living_alone,1,F&B Eatery/Full-Service Restaurants,Car,Car
49800,35,Adult,55103,Moderate,3_person,married_couple,1,F&B Eatery/Full-Service Restaurants,Walking,Car
36011,27,Young Adult,27273,Low,5_person,family_single,2,F&B Eatery/Snack and Nonalcoholic Beverage Bars,Public_transport,Car
43822,57,Senior,429,Low,1_person,living_alone,0,F&B Eatery/Snack and Nonalcoholic Beverage Bars,Public_transport,Public_transport
21359,21,Young Adult,21609,Low,2_person,family_single,0,F&B Eatery/Full-Service Restaurants,Public_transport,Walking
727,38,Adult,52730,Moderate,3_person,married_couple,1,F&B Eatery/Full-Service Restaurants,Walking,Car
48893,45,Middle Age,25066,Low,3_person,married_couple,1,F&B Eatery/Limited-Service Restaurants,Walking,Car
31711,41,Middle Age,1265,Low,5_person,married_couple,2,F&B Eatery/Full-Service Restaurants,Public_transport,Car
14591,57,Senior,12996,Low,7_plus_person,married_couple,2,F&B Eatery/Full-Service Restaurants,Public_transport,Car
41901,32,Adult,87882,High,2_person,nonfamily_single,1,F&B Eatery/Full-Service Restaurants,Public_transport,Car
22104,30,Young Adult,70230,High,2_person,nonfamily_single,1,F&B Eatery/Snack and Nonalcoholic Beverage Bars,Public_transport,Walking
8169,24,Young Adult,51862,Moderate,3_person,nonfamily_single,0,F&B Eatery/Snack and Nonalcoholic Beverage Bars,Public_transport,Walking
59523,20,Young Adult,0,Debt,1_person,living_alone,0,F&B Eatery/Snack and Nonalcoholic Beverage Bars,Walking,Walking
23244,45,Middle Age,166384,Ultra High,3_person,married_couple,1,F&B Eatery/Full-Service Restaurants,Car,Car
331,44,Middle Age,604351,Ultra High,5_person,married_couple,1,F&B Eatery/Snack and Nonalcoholic Beverage Bars,Car,Car
39795,33,Adult,34801,Moderate,4_person,married_couple,2,F&B Eatery/Full-Service Restaurants,Walking,Public_transport
46577,34,Adult,80811,High,2_person,nonfamily_single,1,F&B Eatery/Full-Service Restaurants,Car,Car
55311,50,Middle Age,51862,Moderate,3_person,married_couple,3_plus,F&B Eatery/Snack and Nonalcoholic Beverage Bars,Car,Public_transport
211,27,Young Adult,91750,Very High,4_person,nonfamily_single,1,F&B Eatery/Snack and Nonalcoholic Beverage Bars,Walking,Public_transport
66593,52,Senior,0,Debt,1_person,living_alone,1,F&B Eatery/Full-Service Restaurants,Public_transport,Car
35031,29,Young Adult,95536,Very High,2_person,married_couple,1,F&B Eatery/Limited-Service Restaurants,Car,Walking
39111,30,Young Adult,0,Debt,6_person,married_couple,1,F&B Eatery/Snack and Nonalcoholic Beverage Bars,Walking,Walking
48288,26,Young Adult,31638,Moderate,2_person,married_couple,1,F&B Eatery/Snack and Nonalcoholic Beverage Bars,Walking,Car
50933,27,Young Adult,196079,Ultra High,1_person,living_alone,1,F&B Eatery/Snack and Nonalcoholic Beverage Bars,Public_transport,Walking
44135,24,Young Adult,0,Debt,2_person,nonfamily_single,0,F&B Eatery/Limited-Service Restaurants,Walking,Walking
3543,63,Elderly,313549,Ultra High,2_person,married_couple,1,F&B Eatery/Snack and Nonalcoholic Beverage Bars,Walking,Car
28740,53,Senior,9293,Low,2_person,nonfamily_single,1,F&B Eatery/Full-Service Restaurants,Car,Car
34206,25,Young Adult,47540,Moderate,2_person,nonfamily_single,2,F&B Eatery/Drinking Places,Public_transport,Car
10707,32,Adult,9075,Low,1_person,living_alone,0,F&B Eatery/Snack and Nonalcoholic Beverage Bars,Walking,Walking
19252,85,Elderly,3585,Low,2_person,married_couple,1,F&B Eatery/Full-Service Restaurants,Car,Car
16251,65,Elderly,10165,Low,1_person,living_alone,0,F&B Eatery/Limited-Service Restaurants,Public_transport,Walking
51586,26,Young Adult,10804,Low,2_person,nonfamily_single,1,F&B Eatery/Snack and Nonalcoholic Beverage Bars,Public_transport,Walking
13237,28,Young Adult,50507,Moderate,3_person,nonfamily_single,0,F&B Eatery/Full-Service Restaurants,Car,Walking
55982,86,Elderly,55698,Moderate,2_person,married_couple,1,F&B Eatery/Full-Service Restaurants,Public_transport,Car
4792,61,Elderly,32203,Moderate,2_person,married_couple,2,F&B Eatery/Full-Service Restaurants,Walking,Car
42188,67,Elderly,270509,Ultra High,2_person,married_couple,2,F&B Eatery/Full-Service Restaurants,Car,Car
65156,38,Adult,92830,Very High,1_person,living_alone,0,F&B Eatery/Full-Service Restaurants,Public_transport,Walking
62415,70,Elderly,11313,Low,2_person,married_couple,2,F&B Eatery/Snack and Nonalcoholic Beverage Bars,Car,Car
2017,30,Young Adult,75760,High,2_person,nonfamily_single,0,F&B Eatery/Full-Service Restaurants,Public_transport,Walking
30980,54,Senior,28983,Low,4_person,family_single,1,F&B Eatery/Full-Service Restaurants,Car,Car
28253,73,Elderly,14920,Low,3_person,married_couple,1,F&B Eatery/Limited-Service Restaurants,Car,Car
39243,64,Elderly,196213,Ultra High,2_person,married_couple,1,F&B Eatery/Full-Service Restaurants,Car,Car
42274,21,Young Adult,0,Debt,5_person,married_couple,1,F&B Eatery/Limited-Service Restaurants,Car,Public_transport
51570,34,Adult,17175,Low,3_person,married_couple,0,F&B Eatery/Full-Service Restaurants,Public_transport,Public_transport
65150,94,Elderly,48486,Moderate,1_person,living_alone,0,F&B Eatery/Snack and Nonalcoholic Beverage Bars,Public_transport,Public_transport
33688,61,Elderly,55557,Moderate,2_person,married_couple,2,F&B Eatery/Full-Service Restaurants,Public_transport,Car
24111,54,Senior,116469,Very High,4_person,married_couple,3_plus,F&B Eatery/Full-Service Restaurants,Walking,Public_transport
12171,66,Elderly,165032,Ultra High,1_person,living_alone,1,F&B Eatery/Full-Service Restaurants,Walking,Car
31634,44,Middle Age,9966,Low,1_person,living_alone,0,F&B Eatery/Snack and Nonalcoholic Beverage Bars,Car,Walking
16396,37,Adult,121217,Ultra High,2_person,nonfamily_single,2,F&B Eatery/Limited-Service Restaurants,Car,Car
4868,66,Elderly,13847,Low,2_person,married_couple,0,F&B Eatery/Limited-Service Restaurants,Public_transport,Public_transport
33586,25,Young Adult,0,Debt,2_person,nonfamily_single,1,F&B Eatery/Full-Service Restaurants,Walking,Walking
48640,33,Adult,131825,Ultra High,3_person,married_couple,1,F&B Eatery/Full-Service Restaurants,Car,Car
10976,23,Young Adult,0,Debt,7_plus_person,family_single,1,F&B Eatery/Drinking Places,Public_transport,Walking
64074,27,Young Adult,4646,Low,7_plus_person,family_single,1,F&B Eatery/Limited-Service Restaurants,Car,Walking
57336,60,Senior,454565,Ultra High,7_plus_person,married_couple,1,F&B Eatery/Full-Service Restaurants,Walking,Car
9896,30,Young Adult,162070,Ultra High,1_person,living_alone,1,F&B Eatery/Snack and Nonalcoholic Beverage Bars,Walking,Walking
453,32,Adult,130960,Ultra High,2_person,married_couple,1,F&B Eatery/Snack and Nonalcoholic Beverage Bars,Walking,Car
9241,58,Senior,14262,Low,2_person,married_couple,2,F&B Eatery/Full-Service Restaurants,Car,Car
52127,74,Elderly,53672,Moderate,2_person,married_couple,0,F&B Eatery/Full-Service Restaurants,Car,Public_transport
42616,78,Elderly,9724,Low,2_person,family_single,0,F&B Eatery/Full-Service Restaurants,Public_transport,Walking
3457,53,Senior,21092,Low,4_person,married_couple,2,F&B Eatery/Full-Service Restaurants,Car,Public_transport
64822,65,Elderly,19448,Low,5_person,married_couple,2,F&B Eatery/Full-Service Restaurants,Public_transport,Car
65864,84,Elderly,277361,Ultra High,2_person,married_couple,1,F&B Eatery/Limited-Service Restaurants,Car,Car
17043,55,Senior,108302,Very High,2_person,family_single,1,F&B Eatery/Limited-Service Restaurants,Car,Car
36901,48,Middle Age,600741,Ultra High,2_person,married_couple,1,F&B Eatery/Full-Service Restaurants,Walking,Car
23806,68,Elderly,8889,Low,7_plus_person,nonfamily_single,0,F&B Eatery/Full-Service Restaurants,Public_transport,Public_transport
29715,63,Elderly,10727,Low,1_person,living_alone,1,F&B Eatery/Limited-Service Restaurants,Car,Car
33108,71,Elderly,29294,Low,3_person,married_couple,1,F&B Eatery/Snack and Nonalcoholic Beverage Bars,Car,Car
33708,95,Elderly,23207,Low,1_person,living_alone,0,F&B Eatery/Snack and Nonalcoholic Beverage Bars,Public_transport,Walking
35507,35,Adult,196645,Ultra High,2_person,married_couple,1,F&B Eatery/Full-Service Restaurants,Walking,Car
25988,21,Young Adult,757,Low,7_plus_person,nonfamily_single,0,F&B Eatery/Full-Service Restaurants,Walking,Walking
44564,31,Adult,92830,Very High,2_person,married_couple,2,F&B Eatery/Full-Service Restaurants,Car,Car
36964,86,Elderly,101136,Very High,1_person,living_alone,0,F&B Eatery/Limited-Service Restaurants,Public_transport,Walking
33638,68,Elderly,14852,Low,3_person,family_single,2,F&B Eatery/Full-Service Restaurants,Public_transport,Car
56321,30,Young Adult,36365,Moderate,2_person,nonfamily_single,1,F&B Eatery/Full-Service Restaurants,Walking,Car
2786,33,Adult,0,Debt,4_person,married_couple,2,F&B Eatery/Limited-Service Restaurants,Car,Car
41576,36,Adult,77288,High,2_person,married_couple,2,F&B Eatery/Full-Service Restaurants,Public_transport,Car
36839,77,Elderly,94893,Very High,2_person,married_couple,1,F&B Eatery/Full-Service Restaurants,Walking,Car
29825,44,Middle Age,40405,Moderate,4_person,married_couple,1,F&B Eatery/Drinking Places,Car,Car
50552,31,Adult,32414,Moderate,5_person,married_couple,2,F&B Eatery/Limited-Service Restaurants,Public_transport,Car
46422,19,Young Adult,0,Debt,2_person,family_single,1,F&B Eatery/Full-Service Restaurants,Walking,Walking
24074,21,Young Adult,0,Debt,4_person,nonfamily_single,1,F&B Eatery/Full-Service Restaurants,Walking,Walking
8222,26,Young Adult,0,Debt,1_person,living_alone,0,F&B Eatery/Full-Service Restaurants,Walking,Walking
8123,28,Young Adult,22930,Low,3_person,nonfamily_single,3_plus,F&B Eatery/Full-Service Restaurants,Car,Walking
39131,36,Adult,107344,Very High,2_person,married_couple,1,F&B Eatery/Full-Service Restaurants,Car,Car
47218,28,Young Adult,35089,Moderate,2_person,married_couple,1,F&B Eatery/Full-Service Restaurants,Public_transport,Car
5796,60,Senior,171756,Ultra High,1_person,living_alone,0,F&B Eatery/Limited-Service Restaurants,Public_transport,Public_transport
36445,33,Adult,69774,High,2_person,married_couple,1,F&B Eatery/Full-Service Restaurants,Car,Car
64991,55,Senior,128,Low,1_person,living_alone,0,F&B Eatery/Snack and Nonalcoholic Beverage Bars,Public_transport,Public_transport
8864,62,Elderly,40405,Moderate,2_person,married_couple,1,F&B Eatery/Full-Service Restaurants,Public_transport,Car
36766,30,Young Adult,54666,Moderate,2_person,nonfamily_single,2,F&B Eatery/Limited-Service Restaurants,Car,Car
62585,77,Elderly,26162,Low,4_person,family_single,1,F&B Eatery/Snack and Nonalcoholic Beverage Bars,Car,Car
29680,61,Elderly,32203,Moderate,2_person,married_couple,2,F&B Eatery/Full-Service Restaurants,Walking,Car
41570,45,Middle Age,47653,Moderate,2_person,family_single,2,F&B Eatery/Snack and Nonalcoholic Beverage Bars,Public_transport,Public_transport
5188,66,Elderly,14169,Low,3_person,married_couple,1,F&B Eatery/Full-Service Restaurants,Car,Car
60795,63,Elderly,10727,Low,1_person,living_alone,1,F&B Eatery/Snack and Nonalcoholic Beverage Bars,Public_transport,Car
17492,60,Senior,37132,Moderate,3_person,nonfamily_single,1,F&B Eatery/Full-Service Restaurants,Public_transport,Car
49544,29,Young Adult,52527,Moderate,2_person,nonfamily_single,1,F&B Eatery/Snack and Nonalcoholic Beverage Bars,Walking,Car
43076,82,Elderly,39545,Moderate,2_person,nonfamily_single,0,F&B Eatery/Full-Service Restaurants,Walking,Public_transport
19613,51,Senior,30943,Moderate,2_person,married_couple,3_plus,F&B Eatery/Snack and Nonalcoholic Beverage Bars,Car,Public_transport
35030,20,Young Adult,3241,Low,7_plus_person,married_couple,2,F&B Eatery/Full-Service Restaurants,Walking,Car
19157,35,Adult,55103,Moderate,3_person,married_couple,1,F&B Eatery/Limited-Service Restaurants,Car,Car
59456,87,Elderly,20202,Low,1_person,living_alone,0,F&B Eatery/Full-Service Restaurants,Car,Walking
5057,27,Young Adult,1031,Low,2_person,nonfamily_single,3_plus,F&B Eatery/Full-Service Restaurants,Walking,Walking
22219,59,Senior,40405,Moderate,5_person,married_couple,2,F&B Eatery/Full-Service Restaurants,Car,Car
20710,29,Young Adult,65659,High,6_person,married_couple,3_plus,F&B Eatery/Snack and Nonalcoholic Beverage Bars,Walking,Walking
61280,46,Middle Age,59824,Moderate,2_person,married_couple,0,F&B Eatery/Full-Service Restaurants,Walking,Public_transport
13186,88,Elderly,9697,Low,1_person,living_alone,0,F&B Eatery/Drinking Places,Walking,Walking
1779,26,Young Adult,38163,Moderate,2_person,nonfamily_single,0,F&B Eatery/Full-Service Restaurants,Public_transport,Walking
35321,63,Elderly,10727,Low,1_person,living_alone,1,F&B Eatery/Snack and Nonalcoholic Beverage Bars,Car,Car
67257,34,Adult,75141,High,2_person,married_couple,1,F&B Eatery/Snack and Nonalcoholic Beverage Bars,Car,Car
2686,78,Elderly,313650,Ultra High,1_person,living_alone,1,F&B Eatery/Drinking Places,Car,Car
1040,52,Senior,5796,Low,2_person,nonfamily_single,1,F&B Eatery/Drinking Places,Car,Car
44460,48,Middle Age,15152,Low,1_person,living_alone,1,F&B Eatery/Full-Service Restaurants,Walking,Car
50715,57,Senior,8889,Low,7_plus_person,nonfamily_single,0,F&B Eatery/Limited-Service Restaurants,Car,Public_transport
24931,33,Adult,32414,Moderate,2_person,nonfamily_single,2,F&B Eatery/Full-Service Restaurants,Walking,Car
16939,79,Elderly,10124,Low,1_person,living_alone,2,F&B Eatery/Full-Service Restaurants,Car,Car
3071,31,Adult,85875,High,2_person,nonfamily_single,0,F&B Eatery/Full-Service Restaurants,Walking,Walking
20858,21,Young Adult,0,Debt,2_person,nonfamily_single,0,F&B Eatery/Full-Service Restaurants,Walking,Walking
40297,25,Young Adult,10734,Low,4_person,married_couple,2,F&B Eatery/Limited-Service Restaurants,Car,Car
58720,26,Young Adult,32414,Moderate,3_person,family_single,0,F&B Eatery/Snack and Nonalcoholic Beverage Bars,Public_transport,Walking
50580,81,Elderly,248887,Ultra High,2_person,married_couple,1,F&B Eatery/Drinking Places,Car,Car
62245,39,Adult,51572,Moderate,1_person,living_alone,0,F&B Eatery/Drinking Places,Walking,Walking
61571,38,Adult,135120,Ultra High,2_person,married_couple,0,F&B Eatery/Full-Service Restaurants,Public_transport,Walking
29844,45,Middle Age,47653,Moderate,2_person,family_single,2,F&B Eatery/Drinking Places,Car,Public_transport
7766,54,Senior,216634,Ultra High,2_person,nonfamily_single,1,F&B Eatery/Drinking Places,Car,Car
43813,65,Elderly,11552,Low,2_person,family_single,0,F&B Eatery/Full-Service Restaurants,Walking,Walking
50568,35,Adult,10505,Low,2_person,family_single,0,F&B Eatery/Limited-Service Restaurants,Public_transport,Public_transport
28561,18,Teen,5555,Low,2_person,family_single,1,F&B Eatery/Limited-Service Restaurants,Public_transport,Walking
63711,48,Middle Age,14130,Low,3_person,married_couple,1,F&B Eatery/Limited-Service Restaurants,Car,Car
56821,62,Elderly,129656,Ultra High,2_person,married_couple,3_plus,F&B Eatery/Full-Service Restaurants,Walking,Car
15682,56,Senior,0,Debt,7_plus_person,married_couple,3_plus,F&B Eatery/Limited-Service Restaurants,Public_transport,Car
64647,30,Young Adult,129716,Ultra High,2_person,married_couple,1,F&B Eatery/Limited-Service Restaurants,Car,Walking
15663,34,Adult,113459,Very High,2_person,nonfamily_single,0,F&B Eatery/Drinking Places,Public_transport,Walking
15128,31,Adult,11807,Low,2_person,married_couple,2,F&B Eatery/Snack and Nonalcoholic Beverage Bars,Walking,Walking
12031,90,Elderly,170714,Ultra High,1_person,living_alone,1,F&B Eatery/Full-Service Restaurants,Car,Car
53753,41,Middle Age,141420,Ultra High,1_person,living_alone,1,F&B Eatery/Snack and Nonalcoholic Beverage Bars,Walking,Car
65210,63,Elderly,27011,Low,6_person,nonfamily_single,1,F&B Eatery/Limited-Service Restaurants,Car,Car
7961,47,Middle Age,633360,Ultra High,5_person,married_couple,2,F&B Eatery/Snack and Nonalcoholic Beverage Bars,Car,Car
40167,86,Elderly,25310,Low,2_person,married_couple,1,F&B Eatery/Full-Service Restaurants,Car,Car
1906,25,Young Adult,25786,Low,4_person,nonfamily_single,2,F&B Eatery/Full-Service Restaurants,Car,Car
29505,41,Middle Age,96610,Very High,1_person,living_alone,1,F&B Eatery/Full-Service Restaurants,Car,Car
50390,62,Elderly,8889,Low,7_plus_person,nonfamily_single,0,F&B Eatery/Snack and Nonalcoholic Beverage Bars,Walking,Public_transport
64321,40,Adult,121217,Ultra High,2_person,married_couple,1,F&B Eatery/Limited-Service Restaurants,Walking,Car
25345,73,Elderly,11885,Low,4_person,married_couple,0,F&B Eatery/Full-Service Restaurants,Public_transport,Public_transport
58007,81,Elderly,29950,Low,2_person,married_couple,1,F&B Eatery/Full-Service Restaurants,Car,Car
10303,61,Elderly,9724,Low,1_person,living_alone,0,F&B Eatery/Full-Service Restaurants,Public_transport,Walking
54943,73,Elderly,8889,Low,7_plus_person,nonfamily_single,0,F&B Eatery/Snack and Nonalcoholic Beverage Bars,Walking,Public_transport
13503,51,Senior,127495,Ultra High,1_person,living_alone,1,F&B Eatery/Snack and Nonalcoholic Beverage Bars,Public_transport,Car
38607,26,Young Adult,65659,High,2_person,nonfamily_single,0,F&B Eatery/Full-Service Restaurants,Walking,Walking
57642,64,Elderly,0,Debt,2_person,married_couple,2,F&B Eatery/Snack and Nonalcoholic Beverage Bars,Car,Car
2024,50,Middle Age,14142,Low,3_person,family_single,2,F&B Eatery/Limited-Service Restaurants,Walking,Car
65991,26,Young Adult,93943,Very High,2_person,nonfamily_single,0,F&B Eatery/Limited-Service Restaurants,Walking,Walking
62346,23,Young Adult,0,Debt,2_person,nonfamily_single,0,F&B Eatery/Drinking Places,Walking,Walking
41787,66,Elderly,19330,Low,1_person,living_alone,0,F&B Eatery/Snack and Nonalcoholic Beverage Bars,Walking,Walking
43662,50,Middle Age,0,Debt,3_person,married_couple,2,F&B Eatery/Full-Service Restaurants,Car,Car
17397,41,Middle Age,959691,Ultra High,2_person,nonfamily_single,1,F&B Eatery/Drinking Places,Car,Car
47599,38,Adult,28092,Low,4_person,married_couple,1,F&B Eatery/Full-Service Restaurants,Walking,Public_transport
28,35,Adult,69150,High,1_person,living_alone,1,F&B Eatery/Snack and Nonalcoholic Beverage Bars,Public_transport,Car
9718,85,Elderly,33006,Moderate,3_person,nonfamily_single,2,F&B Eatery/Snack and Nonalcoholic Beverage Bars,Public_transport,Car
61833,30,Young Adult,0,Debt,4_person,nonfamily_single,3_plus,F&B Eatery/Limited-Service Restaurants,Walking,Walking
33123,25,Young Adult,16162,Low,6_person,nonfamily_single,1,F&B Eatery/Full-Service Restaurants,Walking,Public_transport
3170,74,Elderly,18463,Low,1_person,living_alone,1,F&B Eatery/Full-Service Restaurants,Car,Car
48151,36,Adult,139548,Ultra High,4_person,married_couple,1,F&B Eatery/Snack and Nonalcoholic Beverage Bars,Public_transport,Public_transport
31663,50,Middle Age,48621,Moderate,3_person,married_couple,1,F&B Eatery/Full-Service Restaurants,Walking,Car
61059,40,Adult,31638,Moderate,4_person,nonfamily_single,1,F&B Eatery/Full-Service Restaurants,Car,Public_transport
50348,72,Elderly,18982,Low,1_person,living_alone,0,F&B Eatery/Full-Service Restaurants,Walking,Walking
50468,83,Elderly,28092,Low,2_person,married_couple,0,F&B Eatery/Snack and Nonalcoholic Beverage Bars,Public_transport,Public_transport
54401,32,Adult,56184,Moderate,4_person,married_couple,2,F&B Eatery/Full-Service Restaurants,Walking,Public_transport
11560,53,Senior,0,Debt,6_person,married_couple,3_plus,F&B Eatery/Snack and Nonalcoholic Beverage Bars,Car,Car
57676,30,Young Adult,108085,Very High,1_person,living_alone,1,F&B Eatery/Full-Service Restaurants,Public_transport,Car
38411,68,Elderly,169704,Ultra High,2_person,nonfamily_single,2,F&B Eatery/Snack and Nonalcoholic Beverage Bars,Car,Car
56017,61,Elderly,26817,Low,6_person,married_couple,2,F&B Eatery/Full-Service Restaurants,Car,Car
18460,60,Senior,18982,Low,1_person,living_alone,1,F&B Eatery/Limited-Service Restaurants,Car,Car
59420,75,Elderly,73822,High,2_person,married_couple,1,F&B Eatery/Limited-Service Restaurants,Car,Car
3675,19,Young Adult,0,Debt,2_person,nonfamily_single,0,F&B Eatery/Limited-Service Restaurants,Walking,Walking
15450,60,Senior,50507,Moderate,3_person,married_couple,2,F&B Eatery/Drinking Places,Car,Car
20608,44,Middle Age,85897,High,2_person,married_couple,1,F&B Eatery/Limited-Service Restaurants,Car,Car
50116,54,Senior,53672,Moderate,1_person,living_alone,0,F&B Eatery/Snack and Nonalcoholic Beverage Bars,Walking,Public_transport
46531,59,Senior,19932,Low,2_person,nonfamily_single,0,F&B Eatery/Limited-Service Restaurants,Walking,Public_transport
6749,31,Adult,33747,Moderate,2_person,married_couple,1,F&B Eatery/Limited-Service Restaurants,Public_transport,Car
32888,86,Elderly,5152,Low,2_person,married_couple,0,F&B Eatery/Snack and Nonalcoholic Beverage Bars,Public_transport,Public_transport
6794,51,Senior,42426,Moderate,1_person,living_alone,2,F&B Eatery/Limited-Service Restaurants,Car,Car
63993,59,Senior,604394,Ultra High,2_person,married_couple,1,F&B Eatery/Full-Service Restaurants,Walking,Car
20612,70,Elderly,36925,Moderate,2_person,nonfamily_single,1,F&B Eatery/Limited-Service Restaurants,Walking,Car
38347,41,Middle Age,101014,Very High,1_person,living_alone,0,F&B Eatery/Full-Service Restaurants,Public_transport,Public_transport
46451,24,Young Adult,14448,Low,3_person,family_single,1,F&B Eatery/Drinking Places,Car,Walking
328,32,Adult,92316,Very High,2_person,married_couple,1,F&B Eatery/Full-Service Restaurants,Public_transport,Car
4710,23,Young Adult,0,Debt,1_person,living_alone,0,F&B Eatery/Full-Service Restaurants,Public_transport,Walking
19665,35,Adult,24243,Low,2_person,nonfamily_single,0,F&B Eatery/Snack and Nonalcoholic Beverage Bars,Walking,Walking
2370,30,Young Adult,129716,Ultra High,2_person,married_couple,1,F&B Eatery/Snack and Nonalcoholic Beverage Bars,Car,Walking
38290,72,Elderly,170663,Ultra High,1_person,living_alone,1,F&B Eatery/Full-Service Restaurants,Public_transport,Car
35312,23,Young Adult,13418,Low,7_plus_person,family_single,0,F&B Eatery/Snack and Nonalcoholic Beverage Bars,Public_transport,Walking
15791,20,Young Adult,0,Debt,3_person,nonfamily_single,0,F&B Eatery/Limited-Service Restaurants,Walking,Walking
27382,32,Adult,101014,Very High,2_person,nonfamily_single,0,F&B Eatery/Full-Service Restaurants,Walking,Walking
43845,59,Senior,11790,Low,2_person,family_single,0,F&B Eatery/Drinking Places,Public_transport,Public_transport
62870,46,Middle Age,57451,Moderate,2_person,nonfamily_single,1,F&B Eatery/Limited-Service Restaurants,Walking,Walking
10871,31,Adult,85875,High,2_person,nonfamily_single,0,F&B Eatery/Full-Service Restaurants,Walking,Walking
18562,28,Young Adult,21092,Low,7_plus_person,family_single,3_plus,F&B Eatery/Full-Service Restaurants,Car,Car
4898,68,Elderly,40405,Moderate,7_plus_person,family_single,1,F&B Eatery/Full-Service Restaurants,Car,Car
37921,39,Adult,111115,Very High,7_plus_person,married_couple,1,F&B Eatery/Drinking Places,Walking,Public_transport
1209,30,Young Adult,48486,Moderate,6_person,married_couple,3_plus,F&B Eatery/Full-Service Restaurants,Car,Walking
13362,27,Young Adult,9670,Low,4_person,married_couple,3_plus,F&B Eatery/Full-Service Restaurants,Walking,Car
58964,27,Young Adult,63276,High,2_person,nonfamily_single,1,F&B Eatery/Full-Service Restaurants,Public_transport,Walking
45836,22,Young Adult,0,Debt,3_person,nonfamily_single,0,F&B Eatery/Limited-Service Restaurants,Walking,Walking
64354,57,Senior,8889,Low,7_plus_person,nonfamily_single,0,F&B Eatery/Limited-Service Restaurants,Public_transport,Public_transport
25473,35,Adult,26365,Low,1_person,living_alone,0,F&B Eatery/Full-Service Restaurants,Walking,Walking
35891,60,Senior,1515,Low,7_plus_person,nonfamily_single,0,F&B Eatery/Snack and Nonalcoholic Beverage Bars,Public_transport,Public_transport
78,41,Middle Age,12377,Low,4_person,married_couple,1,F&B Eatery/Full-Service Restaurants,Public_transport,Car
26120,54,Senior,37816,Moderate,5_person,married_couple,2,F&B Eatery/Full-Service Restaurants,Car,Car
58945,74,Elderly,61990,High,3_person,married_couple,1,F&B Eatery/Full-Service Restaurants,Car,Car
52918,54,Senior,660129,Ultra High,2_person,married_couple,2,F&B Eatery/Limited-Service Restaurants,Public_transport,Car
66327,58,Senior,44765,Moderate,4_person,married_couple,2,F&B Eatery/Full-Service Restaurants,Walking,Car
59297,29,Young Adult,1080,Low,6_person,married_couple,2,F&B Eatery/Limited-Service Restaurants,Walking,Car
64481,34,Adult,21609,Low,7_plus_person,family_single,2,F&B Eatery/Limited-Service Restaurants,Public_transport,Public_transport
45780,39,Adult,103617,Very High,4_person,married_couple,1,F&B Eatery/Full-Service Restaurants,Car,Car
66577,55,Senior,7403,Low,1_person,living_alone,0,F&B Eatery/Snack and Nonalcoholic Beverage Bars,Walking,Public_transport
41905,65,Elderly,56892,Moderate,1_person,living_alone,0,F&B Eatery/Drinking Places,Public_transport,Public_transport
29799,30,Young Adult,44504,Moderate,3_person,nonfamily_single,2,F&B Eatery/Snack and Nonalcoholic Beverage Bars,Car,Car
53702,40,Adult,20610,Low,1_person,living_alone,0,F&B Eatery/Limited-Service Restaurants,Public_transport,Walking
50095,70,Elderly,330317,Ultra High,7_plus_person,married_couple,1,F&B Eatery/Drinking Places,Car,Car
65665,68,Elderly,4848,Low,2_person,nonfamily_single,1,F&B Eatery/Snack and Nonalcoholic Beverage Bars,Car,Car
5682,23,Young Adult,30056,Moderate,4_person,nonfamily_single,0,F&B Eatery/Limited-Service Restaurants,Walking,Walking
9493,73,Elderly,61887,High,2_person,married_couple,1,F&B Eatery/Snack and Nonalcoholic Beverage Bars,Car,Car
61003,51,Senior,0,Debt,4_person,married_couple,2,F&B Eatery/Snack and Nonalcoholic Beverage Bars,Car,Walking
62357,44,Middle Age,12222,Low,2_person,nonfamily_single,0,F&B Eatery/Limited-Service Restaurants,Walking,Walking
20390,27,Young Adult,36100,Moderate,1_person,living_alone,1,F&B Eatery/Full-Service Restaurants,Public_transport,Car
50713,80,Elderly,31827,Moderate,1_person,living_alone,0,F&B Eatery/Full-Service Restaurants,Walking,Public_transport
37637,71,Elderly,125118,Ultra High,3_person,married_couple,1,F&B Eatery/Full-Service Restaurants,Car,Car
15605,29,Young Adult,111115,Very High,2_person,married_couple,1,F&B Eatery/Full-Service Restaurants,Car,Walking
14485,30,Young Adult,154717,Ultra High,2_person,nonfamily_single,1,F&B Eatery/Full-Service Restaurants,Car,Walking
6213,50,Middle Age,111115,Very High,2_person,married_couple,2,F&B Eatery/Full-Service Restaurants,Car,Walking
19641,83,Elderly,11056,Low,1_person,living_alone,0,F&B Eatery/Snack and Nonalcoholic Beverage Bars,Public_transport,Walking
53693,70,Elderly,3241,Low,2_person,nonfamily_single,1,F&B Eatery/Drinking Places,Car,Car
34550,23,Young Adult,0,Debt,2_person,married_couple,2,F&B Eatery/Snack and Nonalcoholic Beverage Bars,Car,Public_transport
39753,40,Adult,278492,Ultra High,4_person,married_couple,2,F&B Eatery/Snack and Nonalcoholic Beverage Bars,Car,Public_transport
13275,54,Senior,10305,Low,1_person,living_alone,1,F&B Eatery/Full-Service Restaurants,Walking,Car
50247,55,Senior,39020,Moderate,2_person,married_couple,1,F&B Eatery/Limited-Service Restaurants,Walking,Car
5544,71,Elderly,9875,Low,1_person,living_alone,2,F&B Eatery/Full-Service Restaurants,Car,Car
34714,20,Young Adult,0,Debt,2_person,nonfamily_single,1,F&B Eatery/Full-Service Restaurants,Walking,Walking
21137,39,Adult,131825,Ultra High,4_person,married_couple,1,F&B Eatery/Full-Service Restaurants,Walking,Public_transport
66681,70,Elderly,13096,Low,1_person,living_alone,1,F&B Eatery/Full-Service Restaurants,Walking,Car
105,64,Elderly,25786,Low,3_person,family_single,1,F&B Eatery/Limited-Service Restaurants,Car,Car
17061,54,Senior,72201,High,1_person,living_alone,1,F&B Eatery/Snack and Nonalcoholic Beverage Bars,Public_transport,Car
14385,27,Young Adult,70710,High,2_person,nonfamily_single,2,F&B Eatery/Limited-Service Restaurants,Walking,Walking
27181,34,Adult,4851,Low,2_person,nonfamily_single,1,F&B Eatery/Full-Service Restaurants,Car,Public_transport
6789,28,Young Adult,41258,Moderate,1_person,living_alone,0,F&B Eatery/Limited-Service Restaurants,Car,Walking
34160,22,Young Adult,0,Debt,3_person,nonfamily_single,1,F&B Eatery/Full-Service Restaurants,Walking,Walking
43429,76,Elderly,26365,Low,6_person,married_couple,2,F&B Eatery/Full-Service Restaurants,Car,Car
49904,28,Young Adult,139246,Ultra High,2_person,married_couple,1,F&B Eatery/Snack and Nonalcoholic Beverage Bars,Walking,Walking
26287,28,Young Adult,38896,Moderate,1_person,living_alone,0,F&B Eatery/Full-Service Restaurants,Public_transport,Walking
20121,26,Young Adult,62433,High,4_person,nonfamily_single,0,F&B Eatery/Full-Service Restaurants,Walking,Walking
19360,28,Young Adult,57264,Moderate,3_person,nonfamily_single,1,F&B Eatery/Drinking Places,Car,Car
39462,30,Young Adult,216836,Ultra High,2_person,married_couple,2,F&B Eatery/Snack and Nonalcoholic Beverage Bars,Car,Car
44748,59,Senior,17819,Low,1_person,living_alone,0,F&B Eatery/Snack and Nonalcoholic Beverage Bars,Car,Public_transport
35983,26,Young Adult,30943,Moderate,3_person,nonfamily_single,0,F&B Eatery/Snack and Nonalcoholic Beverage Bars,Public_transport,Walking
8989,42,Middle Age,18153,Low,4_person,family_single,2,F&B Eatery/Full-Service Restaurants,Car,Public_transport
12404,79,Elderly,18982,Low,2_person,married_couple,1,F&B Eatery/Drinking Places,Car,Car
9969,21,Young Adult,0,Debt,3_person,nonfamily_single,0,F&B Eatery/Full-Service Restaurants,Car,Walking
12305,81,Elderly,8664,Low,2_person,family_single,1,F&B Eatery/Full-Service Restaurants,Car,Car
1770,28,Young Adult,77358,High,2_person,married_couple,1,F&B Eatery/Limited-Service Restaurants,Car,Walking
22368,50,Middle Age,162340,Ultra High,2_person,married_couple,2,F&B Eatery/Full-Service Restaurants,Public_transport,Car
59389,62,Elderly,210921,Ultra High,2_person,married_couple,1,F&B Eatery/Full-Service Restaurants,Car,Car
62826,29,Young Adult,46415,Moderate,2_person,married_couple,1,F&B Eatery/Limited-Service Restaurants,Car,Car
10912,37,Adult,43218,Moderate,3_person,family_single,1,F&B Eatery/Limited-Service Restaurants,Public_transport,Car
44443,33,Adult,38163,Moderate,2_person,family_single,1,F&B Eatery/Snack and Nonalcoholic Beverage Bars,Car,Car
30988,37,Adult,150819,Ultra High,3_person,married_couple,2,F&B Eatery/Limited-Service Restaurants,Car,Car
35790,30,Young Adult,70230,High,2_person,nonfamily_single,1,F&B Eatery/Full-Service Restaurants,Car,Walking
28804,25,Young Adult,22728,Low,6_person,nonfamily_single,1,F&B Eatery/Limited-Service Restaurants,Walking,Public_transport
38169,32,Adult,36497,Moderate,5_person,nonfamily_single,3_plus,F&B Eatery/Full-Service Restaurants,Walking,Walking
7856,31,Adult,33006,Moderate,2_person,married_couple,1,F&B Eatery/Drinking Places,Car,Car
10100,52,Senior,3457,Low,2_person,family_single,1,F&B Eatery/Full-Service Restaurants,Walking,Car
39643,80,Elderly,8889,Low,7_plus_person,nonfamily_single,0,F&B Eatery/Snack and Nonalcoholic Beverage Bars,Public_transport,Public_transport
43113,43,Middle Age,643462,Ultra High,2_person,nonfamily_single,2,F&B Eatery/Drinking Places,Public_transport,Car
46724,39,Adult,595338,Ultra High,1_person,living_alone,1,F&B Eatery/Drinking Places,Walking,Car
21575,95,Elderly,12377,Low,1_person,living_alone,0,F&B Eatery/Full-Service Restaurants,Walking,Walking
37387,36,Adult,0,Debt,2_person,nonfamily_single,1,F&B Eatery/Full-Service Restaurants,Walking,Public_transport
53087,31,Adult,10314,Low,3_person,married_couple,0,F&B Eatery/Snack and Nonalcoholic Beverage Bars,Public_transport,Public_transport
28185,47,Middle Age,36100,Moderate,4_person,married_couple,1,F&B Eatery/Full-Service Restaurants,Car,Car
62440,18,Teen,3220,Low,3_person,nonfamily_single,1,F&B Eatery/Limited-Service Restaurants,Car,Walking
8719,68,Elderly,81683,High,4_person,married_couple,2,F&B Eatery/Snack and Nonalcoholic Beverage Bars,Car,Car
8558,28,Young Adult,0,Debt,6_person,nonfamily_single,0,F&B Eatery/Limited-Service Restaurants,Walking,Walking
59637,32,Adult,121279,Ultra High,2_person,married_couple,1,F&B Eatery/Full-Service Restaurants,Public_transport,Car
47058,66,Elderly,19907,Low,1_person,living_alone,0,F&B Eatery/Snack and Nonalcoholic Beverage Bars,Walking,Walking
12516,33,Adult,43218,Moderate,1_person,living_alone,1,F&B Eatery/Drinking Places,Walking,Car
24530,44,Middle Age,34575,Moderate,4_person,married_couple,2,F&B Eatery/Full-Service Restaurants,Walking,Car
40736,31,Adult,94914,Very High,5_person,married_couple,1,F&B Eatery/Full-Service Restaurants,Car,Walking
20648,28,Young Adult,0,Debt,3_person,nonfamily_single,3_plus,F&B Eatery/Full-Service Restaurants,Car,Walking
24251,26,Young Adult,32181,Moderate,3_person,married_couple,2,F&B Eatery/Full-Service Restaurants,Car,Car
12454,37,Adult,65659,High,7_plus_person,married_couple,2,F&B Eatery/Drinking Places,Car,Walking
43420,28,Young Adult,0,Debt,5_person,married_couple,3_plus,F&B Eatery/Drinking Places,Walking,Car
6825,26,Young Adult,68075,High,2_person,nonfamily_single,1,F&B Eatery/Snack and Nonalcoholic Beverage Bars,Car,Walking
57265,55,Senior,0,Debt,2_person,married_couple,1,F&B Eatery/Limited-Service Restaurants,Car,Car
42879,78,Elderly,5050,Low,3_person,family_single,1,F&B Eatery/Full-Service Restaurants,Car,Car
31826,39,Adult,183679,Ultra High,3_person,married_couple,0,F&B Eatery/Full-Service Restaurants,Walking,Walking
49853,48,Middle Age,39395,Moderate,3_person,family_single,1,F&B Eatery/Limited-Service Restaurants,Walking,Car
22554,36,Adult,966,Low,7_plus_person,married_couple,1,F&B Eatery/Full-Service Restaurants,Public_transport,Walking
34841,28,Young Adult,26836,Low,3_person,family_single,1,F&B Eatery/Full-Service Restaurants,Walking,Walking
40927,34,Adult,158190,Ultra High,2_person,nonfamily_single,2,F&B Eatery/Full-Service Restaurants,Car,Car
56022,62,Elderly,643462,Ultra High,2_person,married_couple,1,F&B Eatery/Snack and Nonalcoholic Beverage Bars,Walking,Car
60844,43,Middle Age,107344,Very High,2_person,married_couple,1,F&B Eatery/Full-Service Restaurants,Car,Car
4423,20,Young Adult,0,Debt,6_person,married_couple,3_plus,F&B Eatery/Full-Service Restaurants,Walking,Car
44927,77,Elderly,290646,Ultra High,1_person,living_alone,0,F&B Eatery/Full-Service Restaurants,Public_transport,Public_transport
6862,35,Adult,39900,Moderate,2_person,married_couple,1,F&B Eatery/Limited-Service Restaurants,Walking,Car
39754,73,Elderly,2052,Low,2_person,married_couple,1,F&B Eatery/Limited-Service Restaurants,Car,Car
21252,26,Young Adult,0,Debt,4_person,nonfamily_single,3_plus,F&B Eatery/Full-Service Restaurants,Walking,Walking
9490,36,Adult,145863,Ultra High,3_person,family_single,1,F&B Eatery/Drinking Places,Car,Car
20760,42,Middle Age,35355,Moderate,2_person,family_single,1,F&B Eatery/Full-Service Restaurants,Public_transport,Car
48615,31,Adult,10101,Low,4_person,married_couple,2,F&B Eatery/Full-Service Restaurants,Walking,Car
15635,83,Elderly,25253,Low,3_person,married_couple,2,F&B Eatery/Full-Service Restaurants,Public_transport,Car
40050,55,Senior,108047,Very High,2_person,married_couple,1,F&B Eatery/Full-Service Restaurants,Car,Car
35694,41,Middle Age,52730,Moderate,2_person,nonfamily_single,1,F&B Eatery/Limited-Service Restaurants,Public_transport,Walking
59209,42,Middle Age,0,Debt,3_person,married_couple,1,F&B Eatery/Snack and Nonalcoholic Beverage Bars,Car,Car
9825,60,Senior,80508,High,4_person,family_single,0,F&B Eatery/Full-Service Restaurants,Car,Public_transport
9479,80,Elderly,9661,Low,1_person,living_alone,0,F&B Eatery/Snack and Nonalcoholic Beverage Bars,Walking,Walking
8733,20,Young Adult,0,Debt,1_person,living_alone,1,F&B Eatery/Snack and Nonalcoholic Beverage Bars,Walking,Walking
64493,39,Adult,10101,Low,1_person,living_alone,1,F&B Eatery/Full-Service Restaurants,Walking,Public_transport
51580,27,Young Adult,21617,Low,2_person,nonfamily_single,0,F&B Eatery/Full-Service Restaurants,Walking,Walking
53502,75,Elderly,332741,Ultra High,2_person,married_couple,1,F&B Eatery/Limited-Service Restaurants,Public_transport,Car
16874,88,Elderly,88598,High,1_person,living_alone,1,F&B Eatery/Full-Service Restaurants,Car,Car
20081,42,Middle Age,151521,Ultra High,4_person,married_couple,2,F&B Eatery/Drinking Places,Walking,Car
2013,70,Elderly,25521,Low,3_person,married_couple,3_plus,F&B Eatery/Limited-Service Restaurants,Car,Car
40634,50,Middle Age,12162,Low,2_person,nonfamily_single,0,F&B Eatery/Full-Service Restaurants,Public_transport,Walking
53803,23,Young Adult,4218,Low,4_person,family_single,1,F&B Eatery/Full-Service Restaurants,Public_transport,Car
38445,33,Adult,84276,High,3_person,married_couple,2,F&B Eatery/Full-Service Restaurants,Car,Car
33715,21,Young Adult,0,Debt,5_person,married_couple,1,F&B Eatery/Snack and Nonalcoholic Beverage Bars,Car,Public_transport
33383,32,Adult,18050,Low,3_person,family_single,0,F&B Eatery/Drinking Places,Walking,Public_transport
2147,51,Senior,30943,Moderate,2_person,married_couple,3_plus,F&B Eatery/Limited-Service Restaurants,Car,Public_transport
41556,59,Senior,0,Debt,6_person,married_couple,1,F&B Eatery/Full-Service Restaurants,Walking,Car
51857,32,Adult,68786,High,2_person,nonfamily_single,2,F&B Eatery/Full-Service Restaurants,Car,Car
39897,25,Young Adult,34779,Moderate,2_person,married_couple,1,F&B Eatery/Full-Service Restaurants,Car,Car
60762,65,Elderly,411560,Ultra High,3_person,married_couple,2,F&B Eatery/Limited-Service Restaurants,Walking,Car
64416,66,Elderly,36163,Moderate,3_person,married_couple,1,F&B Eatery/Full-Service Restaurants,Car,Car
9699,28,Young Adult,67044,High,3_person,family_single,1,F&B Eatery/Limited-Service Restaurants,Public_transport,Walking
62788,42,Middle Age,86437,High,2_person,married_couple,1,F&B Eatery/Drinking Places,Public_transport,Car
43723,22,Young Adult,15152,Low,3_person,nonfamily_single,1,F&B Eatery/Full-Service Restaurants,Car,Walking
6841,65,Elderly,51572,Moderate,4_person,married_couple,1,F&B Eatery/Full-Service Restaurants,Car,Car
26811,31,Adult,0,Debt,1_person,living_alone,0,F&B Eatery/Full-Service Restaurants,Public_transport,Walking
17194,27,Young Adult,52276,Moderate,3_person,nonfamily_single,0,F&B Eatery/Drinking Places,Public_transport,Walking
54469,46,Middle Age,18367,Low,1_person,living_alone,1,F&B Eatery/Full-Service Restaurants,Public_transport,Car
6269,55,Senior,165042,Ultra High,2_person,family_single,1,F&B Eatery/Full-Service Restaurants,Public_transport,Car
49464,27,Young Adult,90407,Very High,4_person,nonfamily_single,1,F&B Eatery/Full-Service Restaurants,Car,Public_transport
2073,25,Young Adult,35069,Moderate,2_person,nonfamily_single,2,F&B Eatery/Drinking Places,Car,Car
42498,56,Senior,21609,Low,2_person,married_couple,1,F&B Eatery/Limited-Service Restaurants,Public_transport,Car
37260,49,Middle Age,48478,Moderate,4_person,married_couple,2,F&B Eatery/Full-Service Restaurants,Car,Car
64058,24,Young Adult,0,Debt,3_person,nonfamily_single,0,F&B Eatery/Snack and Nonalcoholic Beverage Bars,Walking,Walking
40502,45,Middle Age,34350,Moderate,4_person,nonfamily_single,1,F&B Eatery/Limited-Service Restaurants,Walking,Car
33653,52,Senior,0,Debt,1_person,living_alone,1,F&B Eatery/Full-Service Restaurants,Car,Car
18174,33,Adult,89641,High,1_person,living_alone,1,F&B Eatery/Full-Service Restaurants,Walking,Car
11334,72,Elderly,20037,Low,2_person,nonfamily_single,1,F&B Eatery/Limited-Service Restaurants,Walking,Car
14621,20,Young Adult,0,Debt,4_person,nonfamily_single,0,F&B Eatery/Limited-Service Restaurants,Walking,Walking
15332,69,Elderly,35745,Moderate,2_person,family_single,1,F&B Eatery/Drinking Places,Car,Car
40097,80,Elderly,329105,Ultra High,7_plus_person,married_couple,1,F&B Eatery/Snack and Nonalcoholic Beverage Bars,Car,Car
42968,73,Elderly,13505,Low,2_person,nonfamily_single,0,F&B Eatery/Full-Service Restaurants,Walking,Walking
52606,25,Young Adult,33494,Moderate,3_person,family_single,1,F&B Eatery/Limited-Service Restaurants,Public_transport,Car
3895,34,Adult,75141,High,2_person,married_couple,1,F&B Eatery/Limited-Service Restaurants,Walking,Car
767,30,Young Adult,0,Debt,1_person,living_alone,0,F&B Eatery/Full-Service Restaurants,Walking,Walking
60541,62,Elderly,19322,Low,2_person,family_single,0,F&B Eatery/Limited-Service Restaurants,Public_transport,Walking
66663,31,Adult,55557,Moderate,3_person,married_couple,2,F&B Eatery/Drinking Places,Public_transport,Car
50281,26,Young Adult,128813,Ultra High,1_person,living_alone,0,F&B Eatery/Snack and Nonalcoholic Beverage Bars,Walking,Walking
41017,29,Young Adult,0,Debt,2_person,nonfamily_single,0,F&B Eatery/Full-Service Restaurants,Walking,Walking
57933,32,Adult,41258,Moderate,5_person,family_single,1,F&B Eatery/Limited-Service Restaurants,Public_transport,Car
18029,31,Adult,136369,Ultra High,2_person,married_couple,1,F&B Eatery/Full-Service Restaurants,Walking,Car
8012,37,Adult,6482,Low,4_person,married_couple,1,F&B Eatery/Full-Service Restaurants,Car,Public_transport
66943,23,Young Adult,80453,High,3_person,nonfamily_single,2,F&B Eatery/Full-Service Restaurants,Public_transport,Walking
43359,29,Young Adult,64828,High,4_person,family_single,1,F&B Eatery/Snack and Nonalcoholic Beverage Bars,Walking,Car
28801,49,Middle Age,61887,High,3_person,married_couple,1,F&B Eatery/Full-Service Restaurants,Walking,Car
28718,81,Elderly,12237,Low,6_person,family_single,1,F&B Eatery/Full-Service Restaurants,Car,Car
16363,62,Elderly,38385,Moderate,7_plus_person,nonfamily_single,0,F&B Eatery/Snack and Nonalcoholic Beverage Bars,Walking,Public_transport
60722,23,Young Adult,25310,Low,3_person,nonfamily_single,2,F&B Eatery/Full-Service Restaurants,Public_transport,Walking
24747,36,Adult,633360,Ultra High,3_person,married_couple,1,F&B Eatery/Full-Service Restaurants,Walking,Car
808,31,Adult,60608,High,2_person,nonfamily_single,0,F&B Eatery/Full-Service Restaurants,Walking,Walking
24309,30,Young Adult,27011,Low,3_person,nonfamily_single,1,F&B Eatery/Full-Service Restaurants,Car,Walking
1468,27,Young Adult,76214,High,2_person,family_single,2,F&B Eatery/Full-Service Restaurants,Public_transport,Walking
30337,26,Young Adult,46415,Moderate,2_person,nonfamily_single,0,F&B Eatery/Full-Service Restaurants,Public_transport,Walking
49622,42,Middle Age,132328,Ultra High,1_person,living_alone,1,F&B Eatery/Limited-Service Restaurants,Walking,Car
10550,32,Adult,51572,Moderate,1_person,living_alone,1,F&B Eatery/Limited-Service Restaurants,Car,Car
35490,29,Young Adult,268362,Ultra High,2_person,married_couple,1,F&B Eatery/Full-Service Restaurants,Walking,Walking
5419,59,Senior,0,Debt,4_person,family_single,0,F&B Eatery/Snack and Nonalcoholic Beverage Bars,Public_transport,Walking
65111,57,Senior,979,Low,6_person,married_couple,1,F&B Eatery/Limited-Service Restaurants,Car,Public_transport
17548,21,Young Adult,20629,Low,4_person,nonfamily_single,1,F&B Eatery/Snack and Nonalcoholic Beverage Bars,Car,Car
44722,73,Elderly,97242,Very High,2_person,married_couple,3_plus,F&B Eatery/Limited-Service Restaurants,Walking,Car
34328,85,Elderly,3585,Low,2_person,married_couple,1,F&B Eatery/Full-Service Restaurants,Car,Car
21059,81,Elderly,29860,Low,2_person,married_couple,2,F&B Eatery/Full-Service Restaurants,Walking,Car
12673,49,Middle Age,8990,Low,7_plus_person,married_couple,1,F&B Eatery/Snack and Nonalcoholic Beverage Bars,Car,Car
6041,45,Middle Age,5402,Low,7_plus_person,family_single,2,F&B Eatery/Full-Service Restaurants,Car,Car
12061,62,Elderly,8889,Low,7_plus_person,nonfamily_single,0,F&B Eatery/Full-Service Restaurants,Walking,Public_transport
47356,79,Elderly,10124,Low,1_person,living_alone,2,F&B Eatery/Drinking Places,Car,Car
19128,41,Middle Age,4545,Low,5_person,married_couple,1,F&B Eatery/Snack and Nonalcoholic Beverage Bars,Car,Car
66110,72,Elderly,2361,Low,1_person,living_alone,0,F&B Eatery/Drinking Places,Public_transport,Walking
31362,78,Elderly,1610,Low,4_person,married_couple,3_plus,F&B Eatery/Snack and Nonalcoholic Beverage Bars,Car,Car
25628,27,Young Adult,64406,High,2_person,nonfamily_single,1,F&B Eatery/Full-Service Restaurants,Walking,Walking
18635,48,Middle Age,0,Debt,3_person,family_single,2,F&B Eatery/Full-Service Restaurants,Car,Car
34929,38,Adult,15152,Low,5_person,married_couple,2,F&B Eatery/Drinking Places,Car,Car
49693,30,Young Adult,35423,Moderate,2_person,family_single,0,F&B Eatery/Full-Service Restaurants,Walking,Walking
21058,22,Young Adult,25786,Low,4_person,nonfamily_single,3_plus,F&B Eatery/Snack and Nonalcoholic Beverage Bars,Public_transport,Walking
23840,35,Adult,31638,Moderate,2_person,nonfamily_single,0,F&B Eatery/Snack and Nonalcoholic Beverage Bars,Public_transport,Walking
9247,54,Senior,73822,High,1_person,living_alone,1,F&B Eatery/Limited-Service Restaurants,Car,Car
65280,79,Elderly,6762,Low,2_person,nonfamily_single,0,F&B Eatery/Full-Service Restaurants,Public_transport,Walking
55944,47,Middle Age,84368,High,5_person,married_couple,3_plus,F&B Eatery/Full-Service Restaurants,Public_transport,Car
37420,23,Young Adult,32203,Moderate,4_person,family_single,1,F&B Eatery/Full-Service Restaurants,Public_transport,Public_transport
25502,50,Middle Age,16207,Low,3_person,married_couple,0,F&B Eatery/Limited-Service Restaurants,Public_transport,Public_transport
46660,61,Elderly,0,Debt,4_person,married_couple,3_plus,F&B Eatery/Full-Service Restaurants,Car,Car
15733,37,Adult,75632,High,2_person,married_couple,0,F&B Eatery/Full-Service Restaurants,Public_transport,Public_transport
10116,26,Young Adult,34350,Moderate,6_person,family_single,0,F&B Eatery/Full-Service Restaurants,Public_transport,Walking
22763,43,Middle Age,70710,High,4_person,married_couple,1,F&B Eatery/Drinking Places,Car,Car
7265,81,Elderly,341934,Ultra High,2_person,married_couple,1,F&B Eatery/Full-Service Restaurants,Car,Car
29483,45,Middle Age,597434,Ultra High,2_person,married_couple,2,F&B Eatery/Full-Service Restaurants,Walking,Car
64437,32,Adult,154717,Ultra High,2_person,nonfamily_single,0,F&B Eatery/Snack and Nonalcoholic Beverage Bars,Public_transport,Walking
66515,31,Adult,83196,High,2_person,married_couple,2,F&B Eatery/Full-Service Restaurants,Public_transport,Car
50227,28,Young Adult,9491,Low,2_person,married_couple,1,F&B Eatery/Limited-Service Restaurants,Car,Public_transport
42075,61,Elderly,65659,High,2_person,nonfamily_single,1,F&B Eatery/Snack and Nonalcoholic Beverage Bars,Walking,Car
36704,25,Young Adult,6482,Low,2_person,family_single,2,F&B Eatery/Full-Service Restaurants,Walking,Walking
11725,47,Middle Age,8251,Low,2_person,nonfamily_single,1,F&B Eatery/Full-Service Restaurants,Walking,Car
66091,28,Young Adult,0,Debt,4_person,nonfamily_single,0,F&B Eatery/Limited-Service Restaurants,Public_transport,Walking
15043,39,Adult,59039,Moderate,1_person,living_alone,1,F&B Eatery/Limited-Service Restaurants,Public_transport,Car
65335,63,Elderly,197988,Ultra High,2_person,married_couple,1,F&B Eatery/Full-Service Restaurants,Walking,Car
23525,45,Middle Age,633512,Ultra High,1_person,living_alone,1,F&B Eatery/Snack and Nonalcoholic Beverage Bars,Walking,Car
27608,21,Young Adult,50782,Moderate,2_person,nonfamily_single,0,F&B Eatery/Full-Service Restaurants,Walking,Walking
36975,43,Middle Age,124865,Ultra High,1_person,living_alone,0,F&B Eatery/Snack and Nonalcoholic Beverage Bars,Public_transport,Walking
23097,63,Elderly,0,Debt,5_person,married_couple,3_plus,F&B Eatery/Limited-Service Restaurants,Car,Car
30974,30,Young Adult,7514,Low,2_person,nonfamily_single,2,F&B Eatery/Limited-Service Restaurants,Walking,Walking
31673,41,Middle Age,96610,Very High,1_person,living_alone,1,F&B Eatery/Full-Service Restaurants,Public_transport,Car
14033,31,Adult,80508,High,3_person,married_couple,1,F&B Eatery/Snack and Nonalcoholic Beverage Bars,Walking,Car
65299,21,Young Adult,18367,Low,4_person,family_single,2,F&B Eatery/Limited-Service Restaurants,Public_transport,Public_transport
26028,42,Middle Age,14764,Low,3_person,married_couple,2,F&B Eatery/Drinking Places,Public_transport,Car
34917,43,Middle Age,48478,Moderate,3_person,married_couple,1,F&B Eatery/Limited-Service Restaurants,Car,Car
57663,32,Adult,205289,Ultra High,2_person,nonfamily_single,2,F&B Eatery/Full-Service Restaurants,Walking,Car
45929,24,Young Adult,0,Debt,3_person,nonfamily_single,0,F&B Eatery/Full-Service Restaurants,Public_transport,Walking
20541,28,Young Adult,37375,Moderate,2_person,nonfamily_single,0,F&B Eatery/Full-Service Restaurants,Walking,Walking
31345,42,Middle Age,78949,High,1_person,living_alone,0,F&B Eatery/Full-Service Restaurants,Walking,Public_transport
26498,25,Young Adult,35355,Moderate,3_person,married_couple,0,F&B Eatery/Full-Service Restaurants,Walking,Walking
74,58,Senior,14262,Low,2_person,married_couple,2,F&B Eatery/Limited-Service Restaurants,Car,Car
719,31,Adult,49915,Moderate,4_person,nonfamily_single,1,F&B Eatery/Limited-Service Restaurants,Car,Public_transport
23723,24,Young Adult,0,Debt,7_plus_person,family_single,0,F&B Eatery/Snack and Nonalcoholic Beverage Bars,Walking,Walking
36784,55,Senior,0,Debt,6_person,married_couple,3_plus,F&B Eatery/Drinking Places,Car,Car
60451,85,Elderly,23031,Low,2_person,married_couple,1,F&B Eatery/Snack and Nonalcoholic Beverage Bars,Car,Car
45809,43,Middle Age,638411,Ultra High,1_person,living_alone,1,F&B Eatery/Full-Service Restaurants,Car,Car
47363,27,Young Adult,72994,High,3_person,nonfamily_single,2,F&B Eatery/Drinking Places,Car,Walking
3932,94,Elderly,37924,Moderate,1_person,living_alone,0,F&B Eatery/Full-Service Restaurants,Public_transport,Public_transport
14670,31,Adult,48621,Moderate,3_person,married_couple,1,F&B Eatery/Limited-Service Restaurants,Walking,Car
49833,52,Senior,0,Debt,5_person,married_couple,1,F&B Eatery/Full-Service Restaurants,Walking,Car
53879,62,Elderly,151265,Ultra High,1_person,living_alone,1,F&B Eatery/Drinking Places,Car,Car
60630,50,Middle Age,54745,Moderate,4_person,married_couple,1,F&B Eatery/Full-Service Restaurants,Car,Car
48270,71,Elderly,759629,Ultra High,1_person,living_alone,0,F&B Eatery/Limited-Service Restaurants,Car,Public_transport
21400,63,Elderly,52730,Moderate,3_person,family_single,3_plus,F&B Eatery/Limited-Service Restaurants,Car,Car
2509,58,Senior,30304,Moderate,2_person,married_couple,1,F&B Eatery/Snack and Nonalcoholic Beverage Bars,Public_transport,Car
40049,24,Young Adult,51572,Moderate,3_person,nonfamily_single,0,F&B Eatery/Full-Service Restaurants,Walking,Walking
42012,26,Young Adult,0,Debt,1_person,living_alone,0,F&B Eatery/Limited-Service Restaurants,Public_transport,Walking
58907,35,Adult,468245,Ultra High,2_person,family_single,3_plus,F&B Eatery/Snack and Nonalcoholic Beverage Bars,Walking,Car
32317,25,Young Adult,0,Debt,2_person,nonfamily_single,1,F&B Eatery/Limited-Service Restaurants,Car,Walking
30728,42,Middle Age,214689,Ultra High,1_person,living_alone,1,F&B Eatery/Full-Service Restaurants,Car,Car
62984,27,Young Adult,80508,High,1_person,living_alone,1,F&B Eatery/Full-Service Restaurants,Public_transport,Walking
4067,39,Adult,105065,Very High,1_person,living_alone,1,F&B Eatery/Full-Service Restaurants,Walking,Car
20104,75,Elderly,28158,Low,2_person,married_couple,2,F&B Eatery/Full-Service Restaurants,Public_transport,Car
57705,58,Senior,0,Debt,2_person,family_single,1,F&B Eatery/Snack and Nonalcoholic Beverage Bars,Car,Car
13100,40,Adult,110839,Very High,1_person,living_alone,1,F&B Eatery/Snack and Nonalcoholic Beverage Bars,Car,Car
30544,23,Young Adult,0,Debt,5_person,nonfamily_single,2,F&B Eatery/Full-Service Restaurants,Public_transport,Car
27818,28,Young Adult,1054,Low,3_person,nonfamily_single,1,F&B Eatery/Snack and Nonalcoholic Beverage Bars,Walking,Walking
3145,63,Elderly,2160,Low,2_person,married_couple,1,F&B Eatery/Snack and Nonalcoholic Beverage Bars,Public_transport,Car
64951,35,Adult,92830,Very High,2_person,married_couple,1,F&B Eatery/Full-Service Restaurants,Car,Car
17513,38,Adult,37816,Moderate,2_person,family_single,1,F&B Eatery/Snack and Nonalcoholic Beverage Bars,Public_transport,Car
8697,65,Elderly,0,Debt,4_person,married_couple,2,F&B Eatery/Full-Service Restaurants,Car,Car
58276,32,Adult,135359,Ultra High,2_person,nonfamily_single,2,F&B Eatery/Full-Service Restaurants,Car,Car
30562,68,Elderly,232333,Ultra High,2_person,married_couple,1,F&B Eatery/Snack and Nonalcoholic Beverage Bars,Car,Car
37899,32,Adult,26365,Low,3_person,married_couple,1,F&B Eatery/Full-Service Restaurants,Public_transport,Walking
24310,25,Young Adult,72201,High,2_person,nonfamily_single,1,F&B Eatery/Full-Service Restaurants,Car,Walking
24845,50,Middle Age,25683,Low,4_person,family_single,2,F&B Eatery/Snack and Nonalcoholic Beverage Bars,Walking,Public_transport
54662,54,Senior,0,Debt,2_person,married_couple,2,F&B Eatery/Full-Service Restaurants,Car,Car
49692,33,Adult,89641,High,1_person,living_alone,1,F&B Eatery/Special Food Services,Walking,Car
20619,42,Middle Age,72201,High,3_person,married_couple,1,F&B Eatery/Snack and Nonalcoholic Beverage Bars,Car,Car
54659,26,Young Adult,82516,High,1_person,living_alone,1,F&B Eatery/Full-Service Restaurants,Car,Walking
24207,36,Adult,80811,High,2_person,nonfamily_single,0,F&B Eatery/Limited-Service Restaurants,Walking,Walking
40164,65,Elderly,6868,Low,1_person,living_alone,0,F&B Eatery/Full-Service Restaurants,Public_transport,Walking
59998,42,Middle Age,41057,Moderate,5_person,family_single,1,F&B Eatery/Limited-Service Restaurants,Walking,Car
44328,81,Elderly,9596,Low,2_person,married_couple,0,F&B Eatery/Full-Service Restaurants,Walking,Public_transport
17138,28,Young Adult,50130,Moderate,2_person,nonfamily_single,1,F&B Eatery/Full-Service Restaurants,Walking,Car
1537,74,Elderly,203948,Ultra High,2_person,married_couple,1,F&B Eatery/Full-Service Restaurants,Car,Car
63415,21,Young Adult,0,Debt,5_person,nonfamily_single,3_plus,F&B Eatery/Full-Service Restaurants,Walking,Car
64670,25,Young Adult,101564,Very High,3_person,nonfamily_single,1,F&B Eatery/Full-Service Restaurants,Walking,Car
35310,53,Senior,430321,Ultra High,4_person,married_couple,1,F&B Eatery/Limited-Service Restaurants,Car,Car
6073,24,Young Adult,75632,High,1_person,living_alone,0,F&B Eatery/Snack and Nonalcoholic Beverage Bars,Walking,Walking
60120,31,Adult,193220,Ultra High,1_person,living_alone,0,F&B Eatery/Full-Service Restaurants,Public_transport,Walking
20409,23,Young Adult,0,Debt,3_person,nonfamily_single,1,F&B Eatery/Full-Service Restaurants,Public_transport,Walking
21602,74,Elderly,36365,Moderate,1_person,living_alone,0,F&B Eatery/Full-Service Restaurants,Public_transport,Public_transport
57184,63,Elderly,0,Debt,6_person,married_couple,1,F&B Eatery/Full-Service Restaurants,Walking,Car
23610,29,Young Adult,81035,High,2_person,married_couple,1,F&B Eatery/Full-Service Restaurants,Car,Walking
31629,70,Elderly,10372,Low,1_person,living_alone,0,F&B Eatery/Snack and Nonalcoholic Beverage Bars,Public_transport,Walking
33005,25,Young Adult,23637,Low,3_person,married_couple,1,F&B Eatery/Full-Service Restaurants,Car,Public_transport
20655,40,Adult,43436,Moderate,4_person,married_couple,2,F&B Eatery/Snack and Nonalcoholic Beverage Bars,Car,Public_transport
22259,29,Young Adult,322034,Ultra High,2_person,married_couple,1,F&B Eatery/Drinking Places,Walking,Walking
55809,43,Middle Age,75141,High,4_person,family_single,3_plus,F&B Eatery/Full-Service Restaurants,Public_transport,Car
49252,61,Elderly,123388,Ultra High,2_person,married_couple,2,F&B Eatery/Snack and Nonalcoholic Beverage Bars,Car,Car
55856,27,Young Adult,193757,Ultra High,2_person,nonfamily_single,1,F&B Eatery/Full-Service Restaurants,Car,Walking
6093,24,Young Adult,69774,High,3_person,nonfamily_single,1,F&B Eatery/Full-Service Restaurants,Public_transport,Walking
61868,27,Young Adult,0,Debt,2_person,married_couple,1,F&B Eatery/Full-Service Restaurants,Walking,Public_transport
37960,40,Adult,38385,Moderate,4_person,nonfamily_single,2,F&B Eatery/Limited-Service Restaurants,Car,Car
54514,28,Young Adult,86437,High,3_person,nonfamily_single,1,F&B Eatery/Full-Service Restaurants,Walking,Walking
37534,69,Elderly,9768,Low,2_person,married_couple,0,F&B Eatery/Snack and Nonalcoholic Beverage Bars,Public_transport,Public_transport
29883,49,Middle Age,322034,Ultra High,4_person,married_couple,2,F&B Eatery/Snack and Nonalcoholic Beverage Bars,Public_transport,Car
56655,19,Young Adult,3435,Low,7_plus_person,family_single,1,F&B Eatery/Full-Service Restaurants,Public_transport,Walking
1620,22,Young Adult,32181,Moderate,5_person,family_single,1,F&B Eatery/Snack and Nonalcoholic Beverage Bars,Walking,Car
8793,21,Young Adult,0,Debt,3_person,nonfamily_single,0,F&B Eatery/Snack and Nonalcoholic Beverage Bars,Walking,Walking
21301,25,Young Adult,37132,Moderate,3_person,married_couple,2,F&B Eatery/Full-Service Restaurants,Public_transport,Car
1308,75,Elderly,21825,Low,1_person,living_alone,1,F&B Eatery/Snack and Nonalcoholic Beverage Bars,Walking,Car
14374,51,Senior,0,Debt,3_person,nonfamily_single,2,F&B Eatery/Drinking Places,Car,Car
1582,36,Adult,7735,Low,1_person,living_alone,0,F&B Eatery/Full-Service Restaurants,Public_transport,Walking
63301,51,Senior,8858,Low,5_person,married_couple,2,F&B Eatery/Snack and Nonalcoholic Beverage Bars,Walking,Car
24363,62,Elderly,6762,Low,4_person,married_couple,0,F&B Eatery/Limited-Service Restaurants,Public_transport,Public_transport
35199,31,Adult,68689,High,2_person,married_couple,1,F&B Eatery/Snack and Nonalcoholic Beverage Bars,Public_transport,Car
46691,26,Young Adult,32414,Moderate,3_person,family_single,0,F&B Eatery/Snack and Nonalcoholic Beverage Bars,Walking,Walking
1044,75,Elderly,10756,Low,3_person,family_single,1,F&B Eatery/Drinking Places,Car,Car
64923,38,Adult,47446,Moderate,4_person,married_couple,1,F&B Eatery/Snack and Nonalcoholic Beverage Bars,Walking,Public_transport
37777,62,Elderly,0,Debt,2_person,family_single,0,F&B Eatery/Full-Service Restaurants,Walking,Walking
57000,77,Elderly,6482,Low,7_plus_person,married_couple,2,F&B Eatery/Limited-Service Restaurants,Car,Car
50639,74,Elderly,294232,Ultra High,1_person,living_alone,0,F&B Eatery/Full-Service Restaurants,Car,Public_transport
7633,86,Elderly,36594,Moderate,1_person,living_alone,0,F&B Eatery/Snack and Nonalcoholic Beverage Bars,Public_transport,Public_transport
10931,39,Adult,0,Debt,3_person,married_couple,1,F&B Eatery/Limited-Service Restaurants,Public_transport,Car
43299,26,Young Adult,0,Debt,5_person,married_couple,1,F&B Eatery/Limited-Service Restaurants,Car,Public_transport
26691,28,Young Adult,67627,High,2_person,married_couple,1,F&B Eatery/Drinking Places,Car,Walking
38563,48,Middle Age,8436,Low,3_person,family_single,1,F&B Eatery/Limited-Service Restaurants,Car,Car
31076,24,Young Adult,0,Debt,4_person,nonfamily_single,1,F&B Eatery/Full-Service Restaurants,Car,Walking
38259,24,Young Adult,51862,Moderate,3_person,nonfamily_single,0,F&B Eatery/Snack and Nonalcoholic Beverage Bars,Walking,Walking
63377,22,Young Adult,7909,Low,3_person,nonfamily_single,0,F&B Eatery/Snack and Nonalcoholic Beverage Bars,Walking,Walking
49770,72,Elderly,97987,Very High,1_person,living_alone,0,F&B Eatery/Full-Service Restaurants,Walking,Walking
20183,29,Young Adult,92830,Very High,6_person,married_couple,2,F&B Eatery/Full-Service Restaurants,Car,Car
44565,75,Elderly,21285,Low,2_person,family_single,1,F&B Eatery/Full-Service Restaurants,Car,Car
58990,64,Elderly,0,Debt,2_person,married_couple,1,F&B Eatery/Full-Service Restaurants,Walking,Car
46719,28,Young Adult,124254,Ultra High,2_person,nonfamily_single,1,F&B Eatery/Drinking Places,Car,Walking
1600,72,Elderly,19322,Low,2_person,family_single,0,F&B Eatery/Full-Service Restaurants,Public_transport,Walking
62977,66,Elderly,15186,Low,2_person,married_couple,1,F&B Eatery/Full-Service Restaurants,Car,Car
1849,18,Teen,0,Debt,1_person,living_alone,0,F&B Eatery/Full-Service Restaurants,Car,Walking
1752,50,Middle Age,21468,Low,1_person,living_alone,1,F&B Eatery/Full-Service Restaurants,Car,Car
53686,25,Young Adult,26365,Low,2_person,family_single,1,F&B Eatery/Snack and Nonalcoholic Beverage Bars,Walking,Walking
34808,19,Young Adult,0,Debt,3_person,nonfamily_single,0,F&B Eatery/Limited-Service Restaurants,Walking,Walking
18467,31,Adult,52730,Moderate,3_person,married_couple,2,F&B Eatery/Limited-Service Restaurants,Car,Car
40733,49,Middle Age,8990,Low,7_plus_person,married_couple,1,F&B Eatery/Full-Service Restaurants,Walking,Car
37999,50,Middle Age,115070,Very High,6_person,nonfamily_single,1,F&B Eatery/Full-Service Restaurants,Walking,Public_transport
33314,24,Young Adult,63276,High,2_person,nonfamily_single,0,F&B Eatery/Snack and Nonalcoholic Beverage Bars,Walking,Walking
38967,33,Adult,46158,Moderate,2_person,family_single,0,F&B Eatery/Drinking Places,Public_transport,Walking
63712,59,Senior,14764,Low,1_person,living_alone,0,F&B Eatery/Limited-Service Restaurants,Public_transport,Public_transport
66859,58,Senior,77358,High,3_person,family_single,1,F&B Eatery/Snack and Nonalcoholic Beverage Bars,Walking,Car
50508,62,Elderly,101115,Very High,2_person,married_couple,1,F&B Eatery/Full-Service Restaurants,Car,Car
5147,64,Elderly,21,Low,3_person,married_couple,1,F&B Eatery/Full-Service Restaurants,Public_transport,Car
66088,48,Middle Age,6060,Low,1_person,living_alone,0,F&B Eatery/Snack and Nonalcoholic Beverage Bars,Walking,Walking
25251,43,Middle Age,18485,Low,7_plus_person,married_couple,1,F&B Eatery/Full-Service Restaurants,Walking,Car
10737,30,Young Adult,38644,Moderate,3_person,family_single,2,F&B Eatery/Limited-Service Restaurants,Car,Car
18051,77,Elderly,3506,Low,2_person,married_couple,0,F&B Eatery/Drinking Places,Walking,Public_transport
12191,48,Middle Age,3030,Low,3_person,married_couple,1,F&B Eatery/Snack and Nonalcoholic Beverage Bars,Car,Car
10694,35,Adult,73927,High,1_person,living_alone,1,F&B Eatery/Full-Service Restaurants,Car,Car
22398,40,Adult,41757,Moderate,3_person,family_single,2,F&B Eatery/Limited-Service Restaurants,Car,Car
62250,35,Adult,5157,Low,1_person,living_alone,0,F&B Eatery/Limited-Service Restaurants,Public_transport,Walking
39937,38,Adult,17400,Low,6_person,family_single,0,F&B Eatery/Limited-Service Restaurants,Walking,Public_transport
32334,62,Elderly,92830,Very High,3_person,married_couple,3_plus,F&B Eatery/Full-Service Restaurants,Car,Car
16559,34,Adult,113459,Very High,2_person,nonfamily_single,0,F&B Eatery/Full-Service Restaurants,Public_transport,Walking
22372,24,Young Adult,56463,Moderate,2_person,nonfamily_single,0,F&B Eatery/Limited-Service Restaurants,Public_transport,Walking
51360,24,Young Adult,0,Debt,5_person,married_couple,2,F&B Eatery/Limited-Service Restaurants,Public_transport,Car
11801,51,Senior,0,Debt,4_person,married_couple,1,F&B Eatery/Limited-Service Restaurants,Walking,Car
34864,25,Young Adult,94914,Very High,2_person,married_couple,1,F&B Eatery/Drinking Places,Public_transport,Walking
20171,76,Elderly,23986,Low,3_person,married_couple,1,F&B Eatery/Full-Service Restaurants,Car,Car
28930,64,Elderly,16364,Low,5_person,family_single,1,F&B Eatery/Full-Service Restaurants,Walking,Car
46118,81,Elderly,24754,Low,1_person,living_alone,0,F&B Eatery/Full-Service Restaurants,Public_transport,Walking
14650,33,Adult,96610,Very High,1_person,living_alone,0,F&B Eatery/Snack and Nonalcoholic Beverage Bars,Walking,Walking
48070,34,Adult,67044,High,2_person,nonfamily_single,1,F&B Eatery/Full-Service Restaurants,Car,Car
15574,39,Adult,72201,High,1_person,living_alone,0,F&B Eatery/Full-Service Restaurants,Walking,Walking
43185,69,Elderly,8889,Low,7_plus_person,nonfamily_single,0,F&B Eatery/Full-Service Restaurants,Public_transport,Public_transport
44009,25,Young Adult,7879,Low,3_person,married_couple,2,F&B Eatery/Full-Service Restaurants,Car,Public_transport
41256,20,Young Adult,0,Debt,3_person,nonfamily_single,2,F&B Eatery/Snack and Nonalcoholic Beverage Bars,Car,Walking
9318,54,Senior,250452,Ultra High,1_person,living_alone,1,F&B Eatery/Snack and Nonalcoholic Beverage Bars,Public_transport,Car
54225,26,Young Adult,94953,Very High,1_person,living_alone,0,F&B Eatery/Full-Service Restaurants,Public_transport,Walking
66090,20,Young Adult,0,Debt,2_person,nonfamily_single,0,F&B Eatery/Full-Service Restaurants,Walking,Walking
18825,49,Middle Age,30304,Moderate,3_person,married_couple,0,F&B Eatery/Snack and Nonalcoholic Beverage Bars,Walking,Public_transport
58372,26,Young Adult,0,Debt,3_person,nonfamily_single,0,F&B Eatery/Full-Service Restaurants,Walking,Walking
17706,41,Middle Age,32738,Moderate,2_person,nonfamily_single,1,F&B Eatery/Full-Service Restaurants,Car,Walking
50755,39,Adult,48305,Moderate,2_person,family_single,1,F&B Eatery/Full-Service Restaurants,Car,Car
24398,35,Adult,82516,High,1_person,living_alone,0,F&B Eatery/Drinking Places,Car,Walking
27328,40,Adult,23201,Low,2_person,nonfamily_single,0,F&B Eatery/Drinking Places,Car,Walking
46858,40,Adult,0,Debt,5_person,married_couple,2,F&B Eatery/Full-Service Restaurants,Public_transport,Car
36833,35,Adult,75931,High,2_person,married_couple,0,F&B Eatery/Limited-Service Restaurants,Walking,Public_transport
15096,28,Young Adult,19988,Low,3_person,married_couple,1,F&B Eatery/Full-Service Restaurants,Public_transport,Public_transport
1294,29,Young Adult,70230,High,2_person,married_couple,1,F&B Eatery/Limited-Service Restaurants,Walking,Walking
29583,29,Young Adult,81204,High,2_person,nonfamily_single,2,F&B Eatery/Snack and Nonalcoholic Beverage Bars,Walking,Walking
48334,71,Elderly,82764,High,2_person,nonfamily_single,0,F&B Eatery/Full-Service Restaurants,Public_transport,Public_transport
30962,71,Elderly,27981,Low,2_person,married_couple,2,F&B Eatery/Full-Service Restaurants,Car,Car
34768,44,Middle Age,103145,Very High,3_person,married_couple,1,F&B Eatery/Snack and Nonalcoholic Beverage Bars,Car,Car
52794,20,Young Adult,0,Debt,1_person,living_alone,0,F&B Eatery/Full-Service Restaurants,Walking,Walking
34831,45,Middle Age,118079,Very High,2_person,married_couple,1,F&B Eatery/Full-Service Restaurants,Walking,Car
28647,78,Elderly,42729,Moderate,3_person,married_couple,3_plus,F&B Eatery/Limited-Service Restaurants,Car,Car
49103,31,Adult,92830,Very High,2_person,married_couple,2,F&B Eatery/Snack and Nonalcoholic Beverage Bars,Walking,Car
34275,36,Adult,129818,Ultra High,1_person,living_alone,1,F&B Eatery/Limited-Service Restaurants,Car,Car
39451,75,Elderly,15471,Low,2_person,family_single,1,F&B Eatery/Full-Service Restaurants,Car,Car
50711,31,Adult,0,Debt,1_person,living_alone,1,F&B Eatery/Full-Service Restaurants,Car,Public_transport
20002,21,Young Adult,2701,Low,3_person,nonfamily_single,0,F&B Eatery/Full-Service Restaurants,Public_transport,Walking
5577,52,Senior,9596,Low,4_person,married_couple,1,F&B Eatery/Full-Service Restaurants,Car,Walking
35660,59,Senior,80811,High,1_person,living_alone,0,F&B Eatery/Limited-Service Restaurants,Walking,Public_transport
40857,44,Middle Age,26365,Low,2_person,married_couple,2,F&B Eatery/Snack and Nonalcoholic Beverage Bars,Car,Car
5611,27,Young Adult,54023,Moderate,2_person,married_couple,0,F&B Eatery/Limited-Service Restaurants,Public_transport,Walking
58901,79,Elderly,18570,Low,3_person,married_couple,1,F&B Eatery/Full-Service Restaurants,Car,Car
5077,65,Elderly,261921,Ultra High,1_person,living_alone,2,F&B Eatery/Snack and Nonalcoholic Beverage Bars,Car,Car
5335,29,Young Adult,18982,Low,4_person,married_couple,2,F&B Eatery/Full-Service Restaurants,Walking,Car
9546,53,Senior,48305,Moderate,2_person,nonfamily_single,1,F&B Eatery/Drinking Places,Public_transport,Car
23350,71,Elderly,101418,Very High,1_person,living_alone,0,F&B Eatery/Full-Service Restaurants,Walking,Walking
4141,71,Elderly,759629,Ultra High,1_person,living_alone,0,F&B Eatery/Full-Service Restaurants,Walking,Public_transport
7938,32,Adult,189829,Ultra High,1_person,living_alone,0,F&B Eatery/Full-Service Restaurants,Car,Walking
61706,79,Elderly,10124,Low,1_person,living_alone,2,F&B Eatery/Limited-Service Restaurants,Car,Car
19933,65,Elderly,278800,Ultra High,1_person,living_alone,0,F&B Eatery/Drinking Places,Walking,Public_transport
13036,30,Young Adult,0,Debt,2_person,married_couple,0,F&B Eatery/Full-Service Restaurants,Walking,Walking
62190,27,Young Adult,51525,Moderate,1_person,living_alone,0,F&B Eatery/Snack and Nonalcoholic Beverage Bars,Walking,Walking
30836,70,Elderly,22568,Low,7_plus_person,married_couple,1,F&B Eatery/Full-Service Restaurants,Public_transport,Car
38784,21,Young Adult,0,Debt,4_person,nonfamily_single,0,F&B Eatery/Full-Service Restaurants,Walking,Walking
56058,53,Senior,62628,High,2_person,married_couple,2,F&B Eatery/Snack and Nonalcoholic Beverage Bars,Walking,Car
12224,50,Middle Age,103773,Very High,2_person,married_couple,2,F&B Eatery/Full-Service Restaurants,Car,Walking
23104,27,Young Adult,107344,Very High,2_person,nonfamily_single,2,F&B Eatery/Limited-Service Restaurants,Public_transport,Car
50387,80,Elderly,329105,Ultra High,7_plus_person,married_couple,1,F&B Eatery/Limited-Service Restaurants,Car,Car
9583,36,Adult,6188,Low,4_person,married_couple,1,F&B Eatery/Full-Service Restaurants,Walking,Public_transport
21015,61,Elderly,26817,Low,6_person,married_couple,2,F&B Eatery/Full-Service Restaurants,Car,Car
31846,35,Adult,210942,Ultra High,1_person,living_alone,1,F&B Eatery/Drinking Places,Car,Car
27027,52,Senior,0,Debt,1_person,living_alone,1,F&B Eatery/Limited-Service Restaurants,Public_transport,Car
66398,58,Senior,153542,Ultra High,2_person,married_couple,2,F&B Eatery/Snack and Nonalcoholic Beverage Bars,Car,Car
45717,72,Elderly,85862,High,7_plus_person,married_couple,1,F&B Eatery/Snack and Nonalcoholic Beverage Bars,Car,Car
2251,54,Senior,52276,Moderate,3_person,married_couple,1,F&B Eatery/Full-Service Restaurants,Walking,Car
25601,37,Adult,582882,Ultra High,4_person,married_couple,1,F&B Eatery/Drinking Places,Walking,Public_transport
3670,60,Senior,39395,Moderate,7_plus_person,married_couple,1,F&B Eatery/Full-Service Restaurants,Car,Walking
59515,23,Young Adult,21468,Low,5_person,nonfamily_single,0,F&B Eatery/Full-Service Restaurants,Walking,Walking
25401,77,Elderly,42931,Moderate,1_person,living_alone,1,F&B Eatery/Drinking Places,Car,Car
58356,26,Young Adult,24243,Low,3_person,family_single,1,F&B Eatery/Full-Service Restaurants,Walking,Walking
65278,68,Elderly,24135,Low,2_person,family_single,2,F&B Eatery/Full-Service Restaurants,Car,Car
25212,29,Young Adult,179283,Ultra High,3_person,nonfamily_single,1,F&B Eatery/Snack and Nonalcoholic Beverage Bars,Public_transport,Walking
30725,25,Young Adult,0,Debt,6_person,nonfamily_single,0,F&B Eatery/Full-Service Restaurants,Walking,Walking
60170,63,Elderly,63276,High,1_person,living_alone,1,F&B Eatery/Full-Service Restaurants,Car,Car
13436,28,Young Adult,67044,High,3_person,family_single,1,F&B Eatery/Full-Service Restaurants,Car,Walking
37528,35,Adult,7563,Low,5_person,married_couple,2,F&B Eatery/Full-Service Restaurants,Car,Car
17331,49,Middle Age,84368,High,4_person,married_couple,2,F&B Eatery/Snack and Nonalcoholic Beverage Bars,Car,Car
11689,29,Young Adult,33006,Moderate,2_person,married_couple,1,F&B Eatery/Full-Service Restaurants,Public_transport,Car
23369,26,Young Adult,48486,Moderate,2_person,nonfamily_single,1,F&B Eatery/Full-Service Restaurants,Walking,Car
58736,78,Elderly,19394,Low,1_person,living_alone,1,F&B Eatery/Snack and Nonalcoholic Beverage Bars,Public_transport,Car
42112,28,Young Adult,68075,High,2_person,married_couple,1,F&B Eatery/Limited-Service Restaurants,Walking,Walking
52122,85,Elderly,15162,Low,1_person,living_alone,0,F&B Eatery/Limited-Service Restaurants,Walking,Walking
14196,34,Adult,158190,Ultra High,2_person,nonfamily_single,1,F&B Eatery/Limited-Service Restaurants,Car,Car
31816,63,Elderly,32418,Moderate,2_person,married_couple,1,F&B Eatery/Snack and Nonalcoholic Beverage Bars,Public_transport,Car
62306,25,Young Adult,0,Debt,4_person,nonfamily_single,0,F&B Eatery/Full-Service Restaurants,Walking,Walking
52033,59,Senior,54839,Moderate,1_person,living_alone,0,F&B Eatery/Full-Service Restaurants,Car,Public_transport
20269,35,Adult,81035,High,1_person,living_alone,1,F&B Eatery/Full-Service Restaurants,Walking,Car
1081,55,Senior,0,Debt,6_person,nonfamily_single,1,F&B Eatery/Limited-Service Restaurants,Car,Walking
49434,24,Young Adult,32414,Moderate,3_person,nonfamily_single,1,F&B Eatery/Full-Service Restaurants,Car,Car
12963,21,Young Adult,203128,Ultra High,5_person,nonfamily_single,1,F&B Eatery/Snack and Nonalcoholic Beverage Bars,Car,Car
59011,89,Elderly,19193,Low,1_person,living_alone,0,F&B Eatery/Limited-Service Restaurants,Public_transport,Walking
44678,63,Elderly,44548,Moderate,3_person,married_couple,1,F&B Eatery/Full-Service Restaurants,Walking,Car
6697,46,Middle Age,18367,Low,1_person,living_alone,1,F&B Eatery/Limited-Service Restaurants,Public_transport,Car
25820,48,Middle Age,0,Debt,3_person,family_single,2,F&B Eatery/Drinking Places,Car,Car
65238,57,Senior,48305,Moderate,4_person,married_couple,1,F&B Eatery/Full-Service Restaurants,Car,Public_transport
27867,30,Young Adult,7514,Low,3_person,family_single,0,F&B Eatery/Full-Service Restaurants,Walking,Walking
23515,56,Senior,582882,Ultra High,1_person,living_alone,1,F&B Eatery/Drinking Places,Car,Car
38826,34,Adult,30943,Moderate,6_person,married_couple,2,F&B Eatery/Full-Service Restaurants,Walking,Car
50992,54,Senior,13408,Low,1_person,living_alone,0,F&B Eatery/Snack and Nonalcoholic Beverage Bars,Walking,Public_transport
17948,24,Young Adult,21609,Low,2_person,nonfamily_single,2,F&B Eatery/Limited-Service Restaurants,Walking,Walking
52825,63,Elderly,3864,Low,1_person,living_alone,1,F&B Eatery/Snack and Nonalcoholic Beverage Bars,Walking,Car
26572,39,Adult,32310,Moderate,2_person,family_single,1,F&B Eatery/Full-Service Restaurants,Car,Car
53463,56,Senior,39977,Moderate,3_person,family_single,2,F&B Eatery/Limited-Service Restaurants,Public_transport,Car
37466,19,Young Adult,0,Debt,5_person,family_single,0,F&B Eatery/Snack and Nonalcoholic Beverage Bars,Public_transport,Walking
10750,21,Young Adult,21468,Low,3_person,nonfamily_single,1,F&B Eatery/Snack and Nonalcoholic Beverage Bars,Car,Walking
3320,37,Adult,179283,Ultra High,1_person,living_alone,1,F&B Eatery/Full-Service Restaurants,Public_transport,Car
21576,30,Young Adult,103051,Very High,4_person,family_single,3_plus,F&B Eatery/Full-Service Restaurants,Car,Public_transport
48632,17,Teen,3220,Low,2_person,family_single,0,F&B Eatery/Snack and Nonalcoholic Beverage Bars,Public_transport,Walking
10464,27,Young Adult,4646,Low,7_plus_person,family_single,1,F&B Eatery/Snack and Nonalcoholic Beverage Bars,Car,Walking
53620,68,Elderly,78874,High,2_person,married_couple,2,F&B Eatery/Snack and Nonalcoholic Beverage Bars,Car,Car
30733,23,Young Adult,16162,Low,3_person,nonfamily_single,3_plus,F&B Eatery/Snack and Nonalcoholic Beverage Bars,Public_transport,Walking
12446,27,Young Adult,36100,Moderate,1_person,living_alone,1,F&B Eatery/Full-Service Restaurants,Public_transport,Car
4773,43,Middle Age,133978,Ultra High,7_plus_person,married_couple,2,F&B Eatery/Full-Service Restaurants,Walking,Walking
39343,22,Young Adult,0,Debt,3_person,family_single,0,F&B Eatery/Limited-Service Restaurants,Walking,Walking
62670,53,Senior,60113,High,3_person,family_single,1,F&B Eatery/Full-Service Restaurants,Car,Car
37477,57,Senior,7220,Low,1_person,living_alone,0,F&B Eatery/Snack and Nonalcoholic Beverage Bars,Walking,Public_transport
49999,48,Middle Age,28082,Low,3_person,family_single,0,F&B Eatery/Limited-Service Restaurants,Walking,Walking
31836,34,Adult,277789,Ultra High,2_person,nonfamily_single,2,F&B Eatery/Drinking Places,Public_transport,Car
58924,26,Young Adult,150282,Ultra High,1_person,living_alone,0,F&B Eatery/Snack and Nonalcoholic Beverage Bars,Public_transport,Walking
49990,34,Adult,0,Debt,3_person,married_couple,1,F&B Eatery/Limited-Service Restaurants,Walking,Car
46421,30,Young Adult,24041,Low,2_person,married_couple,0,F&B Eatery/Full-Service Restaurants,Walking,Public_transport
41508,70,Elderly,15457,Low,2_person,married_couple,1,F&B Eatery/Full-Service Restaurants,Car,Car
23916,33,Adult,101977,Very High,2_person,nonfamily_single,1,F&B Eatery/Full-Service Restaurants,Car,Car
63225,28,Young Adult,0,Debt,3_person,married_couple,0,F&B Eatery/Drinking Places,Walking,Walking
24143,26,Young Adult,43218,Moderate,2_person,nonfamily_single,1,F&B Eatery/Full-Service Restaurants,Public_transport,Car
20981,47,Middle Age,90913,Very High,3_person,family_single,1,F&B Eatery/Full-Service Restaurants,Public_transport,Car
30492,20,Young Adult,0,Debt,4_person,nonfamily_single,0,F&B Eatery/Drinking Places,Walking,Walking
25993,29,Young Adult,100187,Very High,2_person,nonfamily_single,2,F&B Eatery/Full-Service Restaurants,Walking,Car
38553,19,Young Adult,0,Debt,2_person,family_single,0,F&B Eatery/Snack and Nonalcoholic Beverage Bars,Walking,Walking
48733,39,Adult,15028,Low,2_person,nonfamily_single,0,F&B Eatery/Snack and Nonalcoholic Beverage Bars,Public_transport,Walking
57327,50,Middle Age,26836,Low,7_plus_person,married_couple,3_plus,F&B Eatery/Limited-Service Restaurants,Car,Car
49756,34,Adult,70710,High,2_person,family_single,2,F&B Eatery/Drinking Places,Car,Car
13560,84,Elderly,6482,Low,5_person,family_single,2,F&B Eatery/Full-Service Restaurants,Walking,Car
43038,35,Adult,51517,Moderate,4_person,married_couple,3_plus,F&B Eatery/Full-Service Restaurants,Car,Car
64720,29,Young Adult,21609,Low,5_person,family_single,0,F&B Eatery/Snack and Nonalcoholic Beverage Bars,Public_transport,Walking
39993,40,Adult,10696,Low,1_person,living_alone,1,F&B Eatery/Drinking Places,Public_transport,Public_transport
2311,33,Adult,39020,Moderate,3_person,married_couple,1,F&B Eatery/Snack and Nonalcoholic Beverage Bars,Public_transport,Car
28919,24,Young Adult,63276,High,2_person,nonfamily_single,1,F&B Eatery/Full-Service Restaurants,Walking,Walking
60813,62,Elderly,80508,High,2_person,married_couple,2,F&B Eatery/Snack and Nonalcoholic Beverage Bars,Public_transport,Car
23380,50,Middle Age,227571,Ultra High,2_person,married_couple,2,F&B Eatery/Full-Service Restaurants,Walking,Car
51134,40,Adult,25786,Low,7_plus_person,married_couple,3_plus,F&B Eatery/Limited-Service Restaurants,Car,Car
29685,24,Young Adult,5157,Low,3_person,married_couple,1,F&B Eatery/Full-Service Restaurants,Car,Public_transport
12658,54,Senior,19448,Low,7_plus_person,married_couple,2,F&B Eatery/Full-Service Restaurants,Public_transport,Car
8391,28,Young Adult,105886,Very High,2_person,nonfamily_single,1,F&B Eatery/Limited-Service Restaurants,Walking,Car
47636,51,Senior,9875,Low,1_person,living_alone,0,F&B Eatery/Full-Service Restaurants,Public_transport,Public_transport
41445,60,Senior,18566,Low,1_person,living_alone,2,F&B Eatery/Full-Service Restaurants,Car,Car
15167,51,Senior,72201,High,2_person,married_couple,1,F&B Eatery/Full-Service Restaurants,Car,Car
12916,82,Elderly,5959,Low,3_person,married_couple,1,F&B Eatery/Limited-Service Restaurants,Car,Car
54880,18,Teen,0,Debt,5_person,married_couple,2,F&B Eatery/Snack and Nonalcoholic Beverage Bars,Car,Public_transport
2823,34,Adult,45919,Moderate,1_person,living_alone,0,F&B Eatery/Snack and Nonalcoholic Beverage Bars,Walking,Walking
4551,45,Middle Age,81484,High,5_person,married_couple,1,F&B Eatery/Snack and Nonalcoholic Beverage Bars,Walking,Car
38104,19,Young Adult,0,Debt,4_person,married_couple,0,F&B Eatery/Full-Service Restaurants,Walking,Walking
11437,70,Elderly,24045,Low,1_person,living_alone,0,F&B Eatery/Full-Service Restaurants,Public_transport,Walking
20837,88,Elderly,62327,High,1_person,living_alone,1,F&B Eatery/Full-Service Restaurants,Car,Car
65136,34,Adult,107344,Very High,4_person,nonfamily_single,3_plus,F&B Eatery/Full-Service Restaurants,Car,Car
28477,21,Young Adult,0,Debt,5_person,nonfamily_single,3_plus,F&B Eatery/Full-Service Restaurants,Car,Car
46777,39,Adult,154717,Ultra High,1_person,living_alone,0,F&B Eatery/Limited-Service Restaurants,Car,Walking
11353,33,Adult,46415,Moderate,2_person,family_single,1,F&B Eatery/Limited-Service Restaurants,Car,Car
3749,26,Young Adult,12129,Low,3_person,married_couple,2,F&B Eatery/Snack and Nonalcoholic Beverage Bars,Car,Public_transport
43162,63,Elderly,27443,Low,2_person,family_single,2,F&B Eatery/Full-Service Restaurants,Car,Car
16821,21,Young Adult,2701,Low,5_person,nonfamily_single,0,F&B Eatery/Limited-Service Restaurants,Walking,Walking
57153,26,Young Adult,5157,Low,2_person,nonfamily_single,2,F&B Eatery/Limited-Service Restaurants,Walking,Walking
16532,42,Middle Age,14553,Low,5_person,family_single,2,F&B Eatery/Full-Service Restaurants,Walking,Public_transport
27370,34,Adult,45348,Moderate,2_person,nonfamily_single,2,F&B Eatery/Snack and Nonalcoholic Beverage Bars,Car,Car
8399,25,Young Adult,2991,Low,1_person,living_alone,0,F&B Eatery/Limited-Service Restaurants,Walking,Walking
9079,37,Adult,38385,Moderate,3_person,nonfamily_single,3_plus,F&B Eatery/Full-Service Restaurants,Public_transport,Car
524,39,Adult,81204,High,4_person,married_couple,1,F&B Eatery/Snack and Nonalcoholic Beverage Bars,Car,Car
63317,21,Young Adult,14046,Low,2_person,family_single,3_plus,F&B Eatery/Full-Service Restaurants,Public_transport,Walking
30766,66,Elderly,10967,Low,1_person,living_alone,0,F&B Eatery/Drinking Places,Walking,Walking
25523,61,Elderly,12655,Low,2_person,married_couple,1,F&B Eatery/Full-Service Restaurants,Car,Car
57602,50,Middle Age,14142,Low,3_person,family_single,2,F&B Eatery/Limited-Service Restaurants,Car,Car
46500,17,Teen,0,Debt,5_person,married_couple,1,F&B Eatery/Limited-Service Restaurants,Public_transport,Car
3727,24,Young Adult,0,Debt,4_person,nonfamily_single,0,F&B Eatery/Snack and Nonalcoholic Beverage Bars,Walking,Walking
9472,23,Young Adult,32414,Moderate,5_person,nonfamily_single,1,F&B Eatery/Full-Service Restaurants,Car,Car
23183,41,Middle Age,43218,Moderate,4_person,married_couple,0,F&B Eatery/Full-Service Restaurants,Public_transport,Public_transport
32890,56,Senior,75141,High,3_person,nonfamily_single,2,F&B Eatery/Full-Service Restaurants,Public_transport,Car
20750,23,Young Adult,31638,Moderate,4_person,nonfamily_single,2,F&B Eatery/Full-Service Restaurants,Walking,Public_transport
30461,27,Young Adult,0,Debt,2_person,nonfamily_single,0,F&B Eatery/Full-Service Restaurants,Public_transport,Walking
15620,30,Young Adult,101014,Very High,1_person,living_alone,0,F&B Eatery/Drinking Places,Walking,Walking
42567,30,Young Adult,97242,Very High,4_person,married_couple,1,F&B Eatery/Full-Service Restaurants,Car,Walking
48153,75,Elderly,15471,Low,4_person,family_single,3_plus,F&B Eatery/Full-Service Restaurants,Car,Car
2283,94,Elderly,6482,Low,4_person,married_couple,1,F&B Eatery/Snack and Nonalcoholic Beverage Bars,Car,Car
2302,37,Adult,15186,Low,2_person,nonfamily_single,2,F&B Eatery/Full-Service Restaurants,Car,Public_transport
23781,55,Senior,82259,High,1_person,living_alone,0,F&B Eatery/Snack and Nonalcoholic Beverage Bars,Walking,Public_transport
44377,34,Adult,63333,High,2_person,married_couple,1,F&B Eatery/Full-Service Restaurants,Public_transport,Car
3052,41,Middle Age,268362,Ultra High,1_person,living_alone,0,F&B Eatery/Full-Service Restaurants,Walking,Walking
14292,30,Young Adult,19322,Low,6_person,family_single,1,F&B Eatery/Snack and Nonalcoholic Beverage Bars,Walking,Public_transport
5820,28,Young Adult,103145,Very High,4_person,married_couple,2,F&B Eatery/Full-Service Restaurants,Walking,Public_transport
47321,24,Young Adult,63276,High,1_person,living_alone,1,F&B Eatery/Drinking Places,Car,Walking
28036,23,Young Adult,1620,Low,5_person,married_couple,2,F&B Eatery/Full-Service Restaurants,Public_transport,Public_transport
58296,59,Senior,107271,Very High,3_person,married_couple,1,F&B Eatery/Full-Service Restaurants,Car,Car
49538,26,Young Adult,59824,Moderate,3_person,nonfamily_single,0,F&B Eatery/Snack and Nonalcoholic Beverage Bars,Walking,Walking
58032,31,Adult,595338,Ultra High,1_person,living_alone,0,F&B Eatery/Limited-Service Restaurants,Walking,Walking
52207,64,Elderly,105460,Very High,1_person,living_alone,1,F&B Eatery/Full-Service Restaurants,Car,Car
15173,31,Adult,87673,High,2_person,married_couple,2,F&B Eatery/Full-Service Restaurants,Car,Car
19950,39,Adult,595338,Ultra High,1_person,living_alone,1,F&B Eatery/Full-Service Restaurants,Walking,Car
48,62,Elderly,8889,Low,7_plus_person,nonfamily_single,0,F&B Eatery/Full-Service Restaurants,Public_transport,Public_transport
26708,39,Adult,0,Debt,2_person,nonfamily_single,0,F&B Eatery/Snack and Nonalcoholic Beverage Bars,Walking,Walking
16885,52,Senior,13525,Low,3_person,married_couple,2,F&B Eatery/Snack and Nonalcoholic Beverage Bars,Walking,Car
47779,53,Senior,184661,Ultra High,1_person,living_alone,1,F&B Eatery/Full-Service Restaurants,Car,Car
31819,55,Senior,13288,Low,1_person,living_alone,0,F&B Eatery/Snack and Nonalcoholic Beverage Bars,Public_transport,Public_transport
35953,77,Elderly,23233,Low,1_person,living_alone,1,F&B Eatery/Drinking Places,Car,Car
14345,31,Adult,9280,Low,2_person,family_single,0,F&B Eatery/Limited-Service Restaurants,Public_transport,Public_transport
48542,26,Young Adult,43218,Moderate,2_person,nonfamily_single,1,F&B Eatery/Full-Service Restaurants,Public_transport,Car
53436,63,Elderly,62221,High,1_person,living_alone,1,F&B Eatery/Full-Service Restaurants,Car,Car
229,25,Young Adult,84368,High,4_person,nonfamily_single,0,F&B Eatery/Full-Service Restaurants,Walking,Walking
1211,73,Elderly,9596,Low,2_person,family_single,1,F&B Eatery/Limited-Service Restaurants,Car,Car
35592,53,Senior,52,Low,4_person,family_single,2,F&B Eatery/Snack and Nonalcoholic Beverage Bars,Walking,Car
8772,58,Senior,21609,Low,3_person,married_couple,1,F&B Eatery/Limited-Service Restaurants,Car,Car
33737,53,Senior,0,Debt,2_person,family_single,2,F&B Eatery/Drinking Places,Walking,Car
35775,33,Adult,181392,Ultra High,1_person,living_alone,1,F&B Eatery/Limited-Service Restaurants,Public_transport,Car
29163,31,Adult,602180,Ultra High,2_person,married_couple,1,F&B Eatery/Limited-Service Restaurants,Car,Car
20689,21,Young Adult,20202,Low,7_plus_person,married_couple,3_plus,F&B Eatery/Full-Service Restaurants,Public_transport,Public_transport
66964,45,Middle Age,12893,Low,1_person,living_alone,0,F&B Eatery/Snack and Nonalcoholic Beverage Bars,Walking,Walking
17458,40,Adult,94914,Very High,5_person,married_couple,1,F&B Eatery/Limited-Service Restaurants,Car,Walking
10942,25,Young Adult,0,Debt,2_person,family_single,2,F&B Eatery/Snack and Nonalcoholic Beverage Bars,Walking,Walking
1986,43,Middle Age,9491,Low,1_person,living_alone,0,F&B Eatery/Full-Service Restaurants,Public_transport,Walking
64684,20,Young Adult,3220,Low,3_person,nonfamily_single,0,F&B Eatery/Full-Service Restaurants,Public_transport,Walking
56805,53,Senior,37132,Moderate,4_person,family_single,1,F&B Eatery/Full-Service Restaurants,Car,Car
39978,65,Elderly,7192,Low,2_person,married_couple,0,F&B Eatery/Drinking Places,Walking,Public_transport
35712,26,Young Adult,61887,High,3_person,nonfamily_single,0,F&B Eatery/Snack and Nonalcoholic Beverage Bars,Public_transport,Walking
63602,49,Middle Age,0,Debt,5_person,married_couple,2,F&B Eatery/Snack and Nonalcoholic Beverage Bars,Car,Car
43678,23,Young Adult,26621,Low,6_person,nonfamily_single,0,F&B Eatery/Full-Service Restaurants,Walking,Walking
61371,39,Adult,40405,Moderate,6_person,family_single,3_plus,F&B Eatery/Full-Service Restaurants,Car,Car
64343,50,Middle Age,46971,Moderate,3_person,married_couple,1,F&B Eatery/Full-Service Restaurants,Car,Car
25022,44,Middle Age,70230,High,7_plus_person,married_couple,2,F&B Eatery/Full-Service Restaurants,Walking,Car
14016,64,Elderly,398140,Ultra High,1_person,living_alone,1,F&B Eatery/Drinking Places,Public_transport,Car
26746,70,Elderly,13604,Low,1_person,living_alone,1,F&B Eatery/Full-Service Restaurants,Walking,Car
37201,49,Middle Age,52527,Moderate,3_person,married_couple,1,F&B Eatery/Snack and Nonalcoholic Beverage Bars,Car,Car
60897,73,Elderly,4401,Low,2_person,married_couple,0,F&B Eatery/Full-Service Restaurants,Public_transport,Public_transport
60745,80,Elderly,8889,Low,7_plus_person,nonfamily_single,0,F&B Eatery/Snack and Nonalcoholic Beverage Bars,Walking,Public_transport
36929,26,Young Adult,59479,Moderate,3_person,nonfamily_single,1,F&B Eatery/Snack and Nonalcoholic Beverage Bars,Walking,Car
3117,70,Elderly,16667,Low,4_person,married_couple,3_plus,F&B Eatery/Limited-Service Restaurants,Car,Car
17509,86,Elderly,71720,High,2_person,family_single,1,F&B Eatery/Full-Service Restaurants,Car,Car
56030,41,Middle Age,193274,Ultra High,1_person,living_alone,1,F&B Eatery/Full-Service Restaurants,Car,Car
56870,33,Adult,134088,Ultra High,4_person,married_couple,1,F&B Eatery/Snack and Nonalcoholic Beverage Bars,Walking,Public_transport
11232,22,Young Adult,3094,Low,2_person,nonfamily_single,0,F&B Eatery/Snack and Nonalcoholic Beverage Bars,Walking,Walking
38090,43,Middle Age,48305,Moderate,7_plus_person,married_couple,1,F&B Eatery/Snack and Nonalcoholic Beverage Bars,Car,Public_transport
13753,61,Elderly,305835,Ultra High,1_person,living_alone,2,F&B Eatery/Snack and Nonalcoholic Beverage Bars,Car,Car
60788,39,Adult,199320,Ultra High,1_person,living_alone,1,F&B Eatery/Limited-Service Restaurants,Walking,Car
6240,53,Senior,52527,Moderate,2_person,married_couple,2,F&B Eatery/Snack and Nonalcoholic Beverage Bars,Car,Car
35187,24,Young Adult,0,Debt,3_person,family_single,0,F&B Eatery/Snack and Nonalcoholic Beverage Bars,Walking,Walking
12316,34,Adult,55428,Moderate,1_person,living_alone,1,F&B Eatery/Limited-Service Restaurants,Walking,Car
6207,27,Young Adult,15471,Low,2_person,nonfamily_single,1,F&B Eatery/Full-Service Restaurants,Walking,Walking
13303,45,Middle Age,134088,Ultra High,1_person,living_alone,1,F&B Eatery/Full-Service Restaurants,Car,Car
7170,64,Elderly,2254,Low,4_person,married_couple,0,F&B Eatery/Limited-Service Restaurants,Walking,Public_transport
47997,23,Young Adult,49509,Moderate,2_person,nonfamily_single,2,F&B Eatery/Full-Service Restaurants,Car,Car
29443,31,Adult,0,Debt,3_person,married_couple,1,F&B Eatery/Full-Service Restaurants,Walking,Car
23590,28,Young Adult,594,Low,4_person,married_couple,1,F&B Eatery/Full-Service Restaurants,Car,Public_transport
60449,60,Senior,84600,High,2_person,married_couple,2,F&B Eatery/Full-Service Restaurants,Car,Car
33785,35,Adult,0,Debt,2_person,nonfamily_single,1,F&B Eatery/Full-Service Restaurants,Walking,Public_transport
37500,36,Adult,53635,Moderate,4_person,nonfamily_single,0,F&B Eatery/Full-Service Restaurants,Walking,Public_transport
28853,26,Young Adult,31638,Moderate,2_person,nonfamily_single,1,F&B Eatery/Drinking Places,Public_transport,Car
57692,63,Elderly,15471,Low,5_person,family_single,3_plus,F&B Eatery/Snack and Nonalcoholic Beverage Bars,Car,Car
24127,48,Middle Age,0,Debt,3_person,family_single,2,F&B Eatery/Full-Service Restaurants,Car,Car
18312,27,Young Adult,121299,Ultra High,7_plus_person,nonfamily_single,2,F&B Eatery/Limited-Service Restaurants,Walking,Walking
56466,33,Adult,75632,High,2_person,nonfamily_single,0,F&B Eatery/Snack and Nonalcoholic Beverage Bars,Walking,Walking
350,55,Senior,84802,High,3_person,married_couple,2,F&B Eatery/Full-Service Restaurants,Walking,Car
47663,27,Young Adult,103351,Very High,7_plus_person,family_single,2,F&B Eatery/Full-Service Restaurants,Car,Walking
63372,59,Senior,9280,Low,1_person,living_alone,0,F&B Eatery/Full-Service Restaurants,Public_transport,Public_transport
32991,59,Senior,142430,Ultra High,1_person,living_alone,1,F&B Eatery/Drinking Places,Car,Car
55182,63,Elderly,7487,Low,2_person,married_couple,1,F&B Eatery/Snack and Nonalcoholic Beverage Bars,Car,Car
36404,52,Senior,0,Debt,5_person,married_couple,1,F&B Eatery/Limited-Service Restaurants,Car,Car
39649,29,Young Adult,110733,Very High,2_person,nonfamily_single,2,F&B Eatery/Snack and Nonalcoholic Beverage Bars,Walking,Car
25563,53,Senior,2320,Low,2_person,married_couple,1,F&B Eatery/Full-Service Restaurants,Car,Car
61198,53,Senior,34698,Moderate,3_person,married_couple,1,F&B Eatery/Full-Service Restaurants,Public_transport,Car
35268,29,Young Adult,8802,Low,3_person,married_couple,2,F&B Eatery/Snack and Nonalcoholic Beverage Bars,Car,Public_transport
66550,33,Adult,129716,Ultra High,2_person,family_single,1,F&B Eatery/Drinking Places,Car,Car
62837,48,Middle Age,210921,Ultra High,5_person,married_couple,2,F&B Eatery/Snack and Nonalcoholic Beverage Bars,Car,Car
33332,48,Middle Age,101014,Very High,6_person,married_couple,3_plus,F&B Eatery/Snack and Nonalcoholic Beverage Bars,Public_transport,Public_transport
46505,26,Young Adult,69700,High,3_person,nonfamily_single,1,F&B Eatery/Drinking Places,Car,Walking
10367,63,Elderly,72201,High,2_person,nonfamily_single,1,F&B Eatery/Limited-Service Restaurants,Car,Car
57241,23,Young Adult,42138,Moderate,2_person,nonfamily_single,0,F&B Eatery/Full-Service Restaurants,Walking,Walking
33690,35,Adult,63639,High,3_person,married_couple,1,F&B Eatery/Limited-Service Restaurants,Walking,Car
55788,45,Middle Age,25823,Low,2_person,married_couple,1,F&B Eatery/Full-Service Restaurants,Car,Car
3385,32,Adult,82516,High,2_person,married_couple,2,F&B Eatery/Limited-Service Restaurants,Car,Car
36701,45,Middle Age,0,Debt,3_person,married_couple,1,F&B Eatery/Full-Service Restaurants,Car,Car
30554,32,Adult,137098,Ultra High,2_person,nonfamily_single,0,F&B Eatery/Snack and Nonalcoholic Beverage Bars,Car,Walking
31932,27,Young Adult,91839,Very High,2_person,nonfamily_single,0,F&B Eatery/Limited-Service Restaurants,Walking,Walking
7959,65,Elderly,23186,Low,2_person,married_couple,1,F&B Eatery/Full-Service Restaurants,Car,Car
19091,39,Adult,23615,Low,4_person,married_couple,3_plus,F&B Eatery/Full-Service Restaurants,Walking,Car
51942,21,Young Adult,0,Debt,5_person,married_couple,1,F&B Eatery/Limited-Service Restaurants,Car,Public_transport
14516,38,Adult,49566,Moderate,2_person,married_couple,2,F&B Eatery/Full-Service Restaurants,Car,Car
67048,34,Adult,12480,Low,6_person,family_single,1,F&B Eatery/Full-Service Restaurants,Public_transport,Public_transport
67110,35,Adult,41235,Moderate,1_person,living_alone,1,F&B Eatery/Full-Service Restaurants,Walking,Car
22340,33,Adult,10804,Low,2_person,married_couple,0,F&B Eatery/Drinking Places,Public_transport,Public_transport
30522,42,Middle Age,47457,Moderate,4_person,family_single,1,F&B Eatery/Full-Service Restaurants,Public_transport,Car
36303,75,Elderly,18566,Low,2_person,married_couple,2,F&B Eatery/Full-Service Restaurants,Car,Car
27304,44,Middle Age,40405,Moderate,1_person,living_alone,1,F&B Eatery/Full-Service Restaurants,Public_transport,Walking
18316,21,Young Adult,8909,Low,1_person,living_alone,0,F&B Eatery/Snack and Nonalcoholic Beverage Bars,Walking,Walking
26973,27,Young Adult,83842,High,2_person,married_couple,1,F&B Eatery/Limited-Service Restaurants,Walking,Walking
47617,47,Middle Age,12377,Low,3_person,family_single,3_plus,F&B Eatery/Full-Service Restaurants,Car,Car
28315,54,Senior,110105,Very High,1_person,living_alone,1,F&B Eatery/Snack and Nonalcoholic Beverage Bars,Car,Car
7777,56,Senior,114962,Very High,2_person,family_single,1,F&B Eatery/Drinking Places,Walking,Car
32930,32,Adult,23230,Low,2_person,nonfamily_single,1,F&B Eatery/Limited-Service Restaurants,Public_transport,Public_transport
56677,51,Senior,25786,Low,4_person,nonfamily_single,2,F&B Eatery/Full-Service Restaurants,Walking,Car
17205,42,Middle Age,75632,High,3_person,family_single,1,F&B Eatery/Full-Service Restaurants,Car,Car
26639,21,Young Adult,203128,Ultra High,5_person,nonfamily_single,1,F&B Eatery/Full-Service Restaurants,Walking,Car
39136,79,Elderly,10124,Low,1_person,living_alone,2,F&B Eatery/Full-Service Restaurants,Public_transport,Car
24662,63,Elderly,0,Debt,5_person,family_single,1,F&B Eatery/Full-Service Restaurants,Car,Car
57425,65,Elderly,111115,Very High,2_person,married_couple,1,F&B Eatery/Full-Service Restaurants,Car,Car
46379,43,Middle Age,26508,Low,4_person,family_single,1,F&B Eatery/Limited-Service Restaurants,Walking,Car
65447,24,Young Adult,0,Debt,4_person,nonfamily_single,1,F&B Eatery/Snack and Nonalcoholic Beverage Bars,Car,Walking
15994,26,Young Adult,28880,Low,4_person,nonfamily_single,0,F&B Eatery/Full-Service Restaurants,Public_transport,Walking
37545,64,Elderly,0,Debt,3_person,married_couple,0,F&B Eatery/Full-Service Restaurants,Walking,Public_transport
30286,36,Adult,145863,Ultra High,3_person,family_single,1,F&B Eatery/Full-Service Restaurants,Car,Car
10889,65,Elderly,58108,Moderate,2_person,married_couple,2,F&B Eatery/Full-Service Restaurants,Car,Car
58175,38,Adult,28092,Low,4_person,married_couple,1,F&B Eatery/Snack and Nonalcoholic Beverage Bars,Car,Public_transport
29150,25,Young Adult,134181,Ultra High,2_person,nonfamily_single,2,F&B Eatery/Limited-Service Restaurants,Walking,Car
44786,29,Young Adult,32954,Moderate,3_person,married_couple,1,F&B Eatery/Snack and Nonalcoholic Beverage Bars,Public_transport,Car
7645,66,Elderly,37122,Moderate,2_person,married_couple,1,F&B Eatery/Snack and Nonalcoholic Beverage Bars,Public_transport,Car
14116,63,Elderly,323966,Ultra High,1_person,living_alone,1,F&B Eatery/Snack and Nonalcoholic Beverage Bars,Car,Car
47476,43,Middle Age,227282,Ultra High,4_person,married_couple,3_plus,F&B Eatery/Full-Service Restaurants,Car,Car
9589,36,Adult,162070,Ultra High,2_person,nonfamily_single,1,F&B Eatery/Drinking Places,Car,Car
62937,44,Middle Age,85610,High,4_person,married_couple,2,F&B Eatery/Full-Service Restaurants,Public_transport,Car
2833,51,Senior,27011,Low,4_person,married_couple,1,F&B Eatery/Full-Service Restaurants,Car,Walking
26756,82,Elderly,10018,Low,2_person,married_couple,1,F&B Eatery/Full-Service Restaurants,Car,Car
23790,42,Middle Age,0,Debt,7_plus_person,family_single,3_plus,F&B Eatery/Drinking Places,Car,Walking
46705,59,Senior,0,Debt,2_person,married_couple,1,F&B Eatery/Full-Service Restaurants,Walking,Car
60914,36,Adult,58345,Moderate,2_person,nonfamily_single,1,F&B Eatery/Limited-Service Restaurants,Walking,Car
38176,58,Senior,84368,High,2_person,married_couple,2,F&B Eatery/Full-Service Restaurants,Walking,Car
24624,31,Adult,89902,High,2_person,nonfamily_single,1,F&B Eatery/Drinking Places,Walking,Car
28324,60,Senior,39395,Moderate,7_plus_person,married_couple,1,F&B Eatery/Full-Service Restaurants,Car,Walking
58642,56,Senior,62426,High,1_person,living_alone,0,F&B Eatery/Snack and Nonalcoholic Beverage Bars,Walking,Public_transport
61618,38,Adult,54023,Moderate,2_person,family_single,1,F&B Eatery/Snack and Nonalcoholic Beverage Bars,Public_transport,Car
9979,61,Elderly,1030,Low,2_person,married_couple,0,F&B Eatery/Snack and Nonalcoholic Beverage Bars,Car,Public_transport
58677,38,Adult,181826,Ultra High,2_person,nonfamily_single,1,F&B Eatery/Drinking Places,Car,Car
56920,35,Adult,100187,Very High,3_person,married_couple,1,F&B Eatery/Drinking Places,Walking,Car
18259,25,Young Adult,0,Debt,4_person,nonfamily_single,0,F&B Eatery/Limited-Service Restaurants,Walking,Walking
14549,37,Adult,0,Debt,5_person,married_couple,3_plus,F&B Eatery/Full-Service Restaurants,Public_transport,Car
36863,28,Young Adult,50507,Moderate,3_person,nonfamily_single,0,F&B Eatery/Limited-Service Restaurants,Walking,Walking
19073,30,Young Adult,64828,High,1_person,living_alone,1,F&B Eatery/Full-Service Restaurants,Public_transport,Walking
50341,40,Adult,75141,High,4_person,family_single,3_plus,F&B Eatery/Full-Service Restaurants,Public_transport,Car
53997,16,Teen,140,Low,4_person,married_couple,2,F&B Eatery/Full-Service Restaurants,Car,Walking
54362,31,Adult,52730,Moderate,4_person,married_couple,1,F&B Eatery/Full-Service Restaurants,Public_transport,Public_transport
3990,60,Senior,1515,Low,7_plus_person,nonfamily_single,0,F&B Eatery/Limited-Service Restaurants,Walking,Public_transport
40828,66,Elderly,9075,Low,2_person,married_couple,1,F&B Eatery/Snack and Nonalcoholic Beverage Bars,Car,Car
43333,81,Elderly,29860,Low,2_person,married_couple,2,F&B Eatery/Full-Service Restaurants,Car,Car
64287,25,Young Adult,92840,Very High,2_person,married_couple,1,F&B Eatery/Full-Service Restaurants,Public_transport,Walking
54828,49,Middle Age,30066,Moderate,2_person,nonfamily_single,1,F&B Eatery/Snack and Nonalcoholic Beverage Bars,Walking,Walking
48784,45,Middle Age,22220,Low,3_person,married_couple,1,F&B Eatery/Limited-Service Restaurants,Car,Car
50726,49,Middle Age,602707,Ultra High,2_person,married_couple,1,F&B Eatery/Limited-Service Restaurants,Car,Car
39307,52,Senior,86872,High,6_person,married_couple,1,F&B Eatery/Full-Service Restaurants,Car,Car
49048,38,Adult,54023,Moderate,4_person,married_couple,1,F&B Eatery/Drinking Places,Car,Public_transport
14799,27,Young Adult,83842,High,2_person,married_couple,1,F&B Eatery/Snack and Nonalcoholic Beverage Bars,Public_transport,Walking
62142,46,Middle Age,20610,Low,4_person,family_single,1,F&B Eatery/Snack and Nonalcoholic Beverage Bars,Walking,Car
2785,27,Young Adult,222231,Ultra High,2_person,nonfamily_single,0,F&B Eatery/Full-Service Restaurants,Walking,Walking
43448,21,Young Adult,20202,Low,7_plus_person,married_couple,3_plus,F&B Eatery/Full-Service Restaurants,Car,Public_transport
43539,50,Middle Age,45611,Moderate,2_person,family_single,1,F&B Eatery/Limited-Service Restaurants,Public_transport,Car
55711,29,Young Adult,73740,High,6_person,nonfamily_single,0,F&B Eatery/Limited-Service Restaurants,Walking,Walking
43454,42,Middle Age,202029,Ultra High,3_person,married_couple,1,F&B Eatery/Full-Service Restaurants,Car,Car
3880,29,Young Adult,234757,Ultra High,1_person,living_alone,1,F&B Eatery/Snack and Nonalcoholic Beverage Bars,Walking,Walking
33861,59,Senior,9069,Low,2_person,nonfamily_single,1,F&B Eatery/Special Food Services,Walking,Car
37953,21,Young Adult,0,Debt,2_person,nonfamily_single,2,F&B Eatery/Full-Service Restaurants,Car,Walking
58753,26,Young Adult,85862,High,2_person,nonfamily_single,1,F&B Eatery/Snack and Nonalcoholic Beverage Bars,Public_transport,Walking
54086,41,Middle Age,93568,Very High,1_person,living_alone,1,F&B Eatery/Snack and Nonalcoholic Beverage Bars,Public_transport,Car
62944,62,Elderly,19988,Low,2_person,married_couple,1,F&B Eatery/Snack and Nonalcoholic Beverage Bars,Car,Car
40522,61,Elderly,17172,Low,2_person,family_single,1,F&B Eatery/Full-Service Restaurants,Car,Car
51742,33,Adult,148529,Ultra High,3_person,married_couple,1,F&B Eatery/Full-Service Restaurants,Walking,Car
11975,24,Young Adult,2991,Low,5_person,family_single,2,F&B Eatery/Full-Service Restaurants,Walking,Car
7746,34,Adult,31638,Moderate,3_person,married_couple,1,F&B Eatery/Full-Service Restaurants,Car,Car
64337,54,Senior,79801,High,3_person,married_couple,1,F&B Eatery/Full-Service Restaurants,Public_transport,Car
54387,25,Young Adult,26836,Low,5_person,married_couple,2,F&B Eatery/Full-Service Restaurants,Public_transport,Public_transport
36713,25,Young Adult,7071,Low,4_person,nonfamily_single,1,F&B Eatery/Full-Service Restaurants,Public_transport,Car
26505,44,Middle Age,226919,Ultra High,1_person,living_alone,0,F&B Eatery/Snack and Nonalcoholic Beverage Bars,Public_transport,Walking
34932,28,Young Adult,141420,Ultra High,2_person,nonfamily_single,1,F&B Eatery/Full-Service Restaurants,Walking,Walking
35654,35,Adult,151521,Ultra High,2_person,married_couple,2,F&B Eatery/Full-Service Restaurants,Car,Car
10109,31,Adult,16855,Low,6_person,married_couple,1,F&B Eatery/Full-Service Restaurants,Walking,Car
65411,26,Young Adult,0,Debt,3_person,nonfamily_single,0,F&B Eatery/Full-Service Restaurants,Public_transport,Walking
25092,50,Middle Age,27011,Low,3_person,married_couple,1,F&B Eatery/Snack and Nonalcoholic Beverage Bars,Walking,Car
53111,53,Senior,17827,Low,4_person,family_single,0,F&B Eatery/Full-Service Restaurants,Walking,Walking
37122,38,Adult,0,Debt,2_person,married_couple,0,F&B Eatery/Full-Service Restaurants,Public_transport,Public_transport
5666,25,Young Adult,26365,Low,2_person,family_single,1,F&B Eatery/Full-Service Restaurants,Walking,Walking
32940,34,Adult,48305,Moderate,1_person,living_alone,1,F&B Eatery/Full-Service Restaurants,Public_transport,Car
33407,62,Elderly,82516,High,2_person,family_single,1,F&B Eatery/Snack and Nonalcoholic Beverage Bars,Car,Car
3407,24,Young Adult,61887,High,2_person,family_single,2,F&B Eatery/Full-Service Restaurants,Public_transport,Walking
60799,33,Adult,61887,High,2_person,married_couple,2,F&B Eatery/Full-Service Restaurants,Walking,Car
55335,52,Senior,3457,Low,2_person,family_single,1,F&B Eatery/Drinking Places,Walking,Car
22880,56,Senior,45379,Moderate,1_person,living_alone,1,F&B Eatery/Drinking Places,Public_transport,Car
5065,22,Young Adult,5050,Low,1_person,living_alone,0,F&B Eatery/Drinking Places,Public_transport,Walking
1548,56,Senior,19899,Low,1_person,living_alone,1,F&B Eatery/Full-Service Restaurants,Public_transport,Car
7435,29,Young Adult,63276,High,2_person,married_couple,1,F&B Eatery/Full-Service Restaurants,Car,Walking
57836,29,Young Adult,43219,Moderate,2_person,nonfamily_single,1,F&B Eatery/Full-Service Restaurants,Walking,Car
43700,18,Teen,0,Debt,3_person,married_couple,2,F&B Eatery/Full-Service Restaurants,Walking,Car
10024,33,Adult,151521,Ultra High,2_person,married_couple,1,F&B Eatery/Limited-Service Restaurants,Walking,Car
33804,49,Middle Age,86437,High,3_person,married_couple,2,F&B Eatery/Full-Service Restaurants,Walking,Car
11814,71,Elderly,0,Debt,2_person,married_couple,2,F&B Eatery/Snack and Nonalcoholic Beverage Bars,Car,Car
14419,28,Young Adult,151521,Ultra High,1_person,living_alone,1,F&B Eatery/Snack and Nonalcoholic Beverage Bars,Car,Walking
58071,16,Teen,0,Debt,4_person,married_couple,3_plus,F&B Eatery/Drinking Places,Public_transport,Car
18827,33,Adult,82115,High,1_person,living_alone,1,F&B Eatery/Full-Service Restaurants,Walking,Car
29113,29,Young Adult,52,Low,3_person,family_single,0,F&B Eatery/Full-Service Restaurants,Public_transport,Walking
60453,81,Elderly,0,Debt,5_person,family_single,1,F&B Eatery/Limited-Service Restaurants,Car,Car
8418,26,Young Adult,30304,Moderate,3_person,nonfamily_single,1,F&B Eatery/Full-Service Restaurants,Public_transport,Car
58178,23,Young Adult,102644,Very High,1_person,living_alone,0,F&B Eatery/Full-Service Restaurants,Walking,Walking
51638,40,Adult,639500,Ultra High,5_person,married_couple,1,F&B Eatery/Limited-Service Restaurants,Walking,Public_transport
58474,24,Young Adult,0,Debt,3_person,nonfamily_single,0,F&B Eatery/Drinking Places,Walking,Walking
9582,54,Senior,77983,High,2_person,married_couple,1,F&B Eatery/Snack and Nonalcoholic Beverage Bars,Public_transport,Car
62568,23,Young Adult,0,Debt,3_person,nonfamily_single,0,F&B Eatery/Limited-Service Restaurants,Walking,Walking
43481,75,Elderly,100408,Very High,2_person,family_single,2,F&B Eatery/Full-Service Restaurants,Car,Car
28666,38,Adult,17534,Low,3_person,married_couple,2,F&B Eatery/Drinking Places,Public_transport,Walking
12458,85,Elderly,21935,Low,2_person,married_couple,1,F&B Eatery/Full-Service Restaurants,Public_transport,Car
13107,25,Young Adult,6188,Low,6_person,nonfamily_single,2,F&B Eatery/Limited-Service Restaurants,Public_transport,Car
41025,74,Elderly,43449,Moderate,2_person,family_single,1,F&B Eatery/Full-Service Restaurants,Car,Car
12467,35,Adult,10505,Low,2_person,family_single,0,F&B Eatery/Drinking Places,Public_transport,Public_transport
32332,59,Senior,8643,Low,1_person,living_alone,0,F&B Eatery/Limited-Service Restaurants,Public_transport,Public_transport
63310,25,Young Adult,86251,High,3_person,nonfamily_single,0,F&B Eatery/Full-Service Restaurants,Public_transport,Walking
62836,83,Elderly,9280,Low,2_person,married_couple,1,F&B Eatery/Full-Service Restaurants,Walking,Car
51176,39,Adult,96269,Very High,1_person,living_alone,0,F&B Eatery/Full-Service Restaurants,Public_transport,Walking
51024,37,Adult,0,Debt,5_person,married_couple,3_plus,F&B Eatery/Full-Service Restaurants,Car,Car
33122,57,Senior,16101,Low,4_person,married_couple,1,F&B Eatery/Full-Service Restaurants,Walking,Walking
54512,55,Senior,20610,Low,2_person,married_couple,1,F&B Eatery/Full-Service Restaurants,Car,Car
60993,23,Young Adult,77358,High,2_person,nonfamily_single,0,F&B Eatery/Limited-Service Restaurants,Walking,Walking
38672,18,Teen,0,Debt,5_person,family_single,2,F&B Eatery/Full-Service Restaurants,Public_transport,Car
45722,25,Young Adult,31638,Moderate,3_person,family_single,0,F&B Eatery/Limited-Service Restaurants,Walking,Walking
33932,29,Young Adult,115522,Very High,2_person,nonfamily_single,0,F&B Eatery/Full-Service Restaurants,Public_transport,Walking
845,30,Young Adult,56892,Moderate,2_person,nonfamily_single,1,F&B Eatery/Full-Service Restaurants,Public_transport,Car
25389,19,Young Adult,0,Debt,3_person,nonfamily_single,0,F&B Eatery/Drinking Places,Public_transport,Walking
3395,44,Middle Age,162070,Ultra High,1_person,living_alone,1,F&B Eatery/Full-Service Restaurants,Car,Car
47564,91,Elderly,12965,Low,1_person,living_alone,0,F&B Eatery/Full-Service Restaurants,Car,Walking
11559,27,Young Adult,52730,Moderate,3_person,nonfamily_single,3_plus,F&B Eatery/Snack and Nonalcoholic Beverage Bars,Car,Car
45528,43,Middle Age,39824,Moderate,4_person,married_couple,1,F&B Eatery/Snack and Nonalcoholic Beverage Bars,Walking,Car
23147,29,Young Adult,57264,Moderate,2_person,nonfamily_single,1,F&B Eatery/Full-Service Restaurants,Walking,Car
3127,21,Young Adult,0,Debt,4_person,married_couple,1,F&B Eatery/Full-Service Restaurants,Car,Car
42462,59,Senior,18584,Low,2_person,nonfamily_single,1,F&B Eatery/Full-Service Restaurants,Walking,Car
15138,25,Young Adult,12425,Low,3_person,nonfamily_single,1,F&B Eatery/Full-Service Restaurants,Walking,Walking
41269,85,Elderly,14598,Low,6_person,family_single,1,F&B Eatery/Full-Service Restaurants,Car,Car
62048,62,Elderly,9661,Low,1_person,living_alone,1,F&B Eatery/Drinking Places,Car,Car
63523,27,Young Adult,28092,Low,2_person,nonfamily_single,0,F&B Eatery/Full-Service Restaurants,Walking,Walking
53506,21,Young Adult,18182,Low,4_person,nonfamily_single,1,F&B Eatery/Full-Service Restaurants,Car,Car
46562,23,Young Adult,102644,Very High,1_person,living_alone,0,F&B Eatery/Limited-Service Restaurants,Public_transport,Walking
954,26,Young Adult,59479,Moderate,3_person,nonfamily_single,1,F&B Eatery/Snack and Nonalcoholic Beverage Bars,Public_transport,Car
16535,49,Middle Age,0,Debt,4_person,married_couple,3_plus,F&B Eatery/Full-Service Restaurants,Car,Car
3587,32,Adult,84368,High,1_person,living_alone,1,F&B Eatery/Limited-Service Restaurants,Public_transport,Car
3557,28,Young Adult,0,Debt,4_person,nonfamily_single,0,F&B Eatery/Full-Service Restaurants,Public_transport,Walking
63331,56,Senior,152917,Ultra High,1_person,living_alone,0,F&B Eatery/Full-Service Restaurants,Public_transport,Public_transport
28948,62,Elderly,0,Debt,6_person,family_single,0,F&B Eatery/Full-Service Restaurants,Public_transport,Public_transport
43730,30,Young Adult,67044,High,2_person,married_couple,1,F&B Eatery/Snack and Nonalcoholic Beverage Bars,Car,Walking
45772,23,Young Adult,0,Debt,2_person,nonfamily_single,1,F&B Eatery/Full-Service Restaurants,Walking,Walking
28552,52,Senior,12121,Low,3_person,family_single,1,F&B Eatery/Full-Service Restaurants,Walking,Car
26569,38,Adult,49566,Moderate,2_person,married_couple,2,F&B Eatery/Drinking Places,Walking,Car
49476,35,Adult,55103,Moderate,3_person,married_couple,1,F&B Eatery/Snack and Nonalcoholic Beverage Bars,Walking,Car
57042,68,Elderly,128575,Ultra High,1_person,living_alone,1,F&B Eatery/Limited-Service Restaurants,Car,Car
48773,31,Adult,148172,Ultra High,2_person,married_couple,2,F&B Eatery/Full-Service Restaurants,Public_transport,Car
37939,36,Adult,70710,High,2_person,married_couple,2,F&B Eatery/Full-Service Restaurants,Walking,Car
54800,50,Middle Age,0,Debt,4_person,married_couple,2,F&B Eatery/Full-Service Restaurants,Public_transport,Car
6743,27,Young Adult,0,Debt,2_person,married_couple,1,F&B Eatery/Full-Service Restaurants,Public_transport,Public_transport
40166,32,Adult,221467,Ultra High,2_person,married_couple,1,F&B Eatery/Full-Service Restaurants,Walking,Car
52361,29,Young Adult,33852,Moderate,3_person,nonfamily_single,2,F&B Eatery/Snack and Nonalcoholic Beverage Bars,Walking,Car
11267,35,Adult,5157,Low,1_person,living_alone,0,F&B Eatery/Full-Service Restaurants,Public_transport,Walking
28481,21,Young Adult,0,Debt,5_person,nonfamily_single,3_plus,F&B Eatery/Limited-Service Restaurants,Walking,Car
5495,27,Young Adult,26836,Low,6_person,nonfamily_single,0,F&B Eatery/Snack and Nonalcoholic Beverage Bars,Walking,Walking
9484,25,Young Adult,51572,Moderate,3_person,nonfamily_single,1,F&B Eatery/Full-Service Restaurants,Walking,Car
46598,65,Elderly,31237,Moderate,3_person,family_single,0,F&B Eatery/Drinking Places,Walking,Public_transport
53904,70,Elderly,6666,Low,7_plus_person,married_couple,1,F&B Eatery/Snack and Nonalcoholic Beverage Bars,Car,Car
58031,78,Elderly,11236,Low,1_person,living_alone,0,F&B Eatery/Full-Service Restaurants,Walking,Walking
51531,52,Senior,15242,Low,1_person,living_alone,1,F&B Eatery/Limited-Service Restaurants,Car,Car
16892,36,Adult,9075,Low,2_person,nonfamily_single,0,F&B Eatery/Full-Service Restaurants,Walking,Walking
13890,62,Elderly,237286,Ultra High,1_person,living_alone,1,F&B Eatery/Snack and Nonalcoholic Beverage Bars,Car,Car
60784,37,Adult,21468,Low,2_person,nonfamily_single,1,F&B Eatery/Drinking Places,Walking,Public_transport
24405,31,Adult,60506,High,2_person,nonfamily_single,0,F&B Eatery/Full-Service Restaurants,Car,Walking
18645,42,Middle Age,42184,Moderate,7_plus_person,married_couple,1,F&B Eatery/Snack and Nonalcoholic Beverage Bars,Car,Public_transport
23042,50,Middle Age,14142,Low,3_person,family_single,2,F&B Eatery/Full-Service Restaurants,Public_transport,Car
55234,37,Adult,53672,Moderate,3_person,married_couple,2,F&B Eatery/Limited-Service Restaurants,Car,Car
65501,21,Young Adult,0,Debt,5_person,nonfamily_single,2,F&B Eatery/Snack and Nonalcoholic Beverage Bars,Car,Car
8177,59,Senior,128921,Ultra High,2_person,married_couple,2,F&B Eatery/Snack and Nonalcoholic Beverage Bars,Car,Car
11620,24,Young Adult,75760,High,3_person,nonfamily_single,3_plus,F&B Eatery/Limited-Service Restaurants,Public_transport,Car
7857,23,Young Adult,30304,Moderate,3_person,nonfamily_single,0,F&B Eatery/Snack and Nonalcoholic Beverage Bars,Car,Walking
20805,41,Middle Age,32738,Moderate,2_person,nonfamily_single,1,F&B Eatery/Snack and Nonalcoholic Beverage Bars,Car,Walking
17485,31,Adult,31638,Moderate,2_person,married_couple,1,F&B Eatery/Limited-Service Restaurants,Public_transport,Car
63180,56,Senior,37570,Moderate,1_person,living_alone,1,F&B Eatery/Special Food Services,Car,Car
35371,30,Young Adult,134088,Ultra High,2_person,nonfamily_single,1,F&B Eatery/Full-Service Restaurants,Car,Walking
8609,58,Senior,38896,Moderate,1_person,living_alone,1,F&B Eatery/Full-Service Restaurants,Car,Car
8061,23,Young Adult,0,Debt,5_person,family_single,0,F&B Eatery/Full-Service Restaurants,Public_transport,Walking
36018,30,Young Adult,128813,Ultra High,1_person,living_alone,1,F&B Eatery/Drinking Places,Car,Walking
12601,72,Elderly,0,Debt,4_person,family_single,2,F&B Eatery/Full-Service Restaurants,Car,Car
28716,34,Adult,0,Debt,4_person,family_single,3_plus,F&B Eatery/Full-Service Restaurants,Public_transport,Car
52709,40,Adult,51572,Moderate,4_person,nonfamily_single,0,F&B Eatery/Snack and Nonalcoholic Beverage Bars,Public_transport,Public_transport
48625,31,Adult,64981,High,2_person,nonfamily_single,2,F&B Eatery/Full-Service Restaurants,Walking,Car
33477,21,Young Adult,0,Debt,4_person,nonfamily_single,1,F&B Eatery/Snack and Nonalcoholic Beverage Bars,Public_transport,Walking
32886,58,Senior,11139,Low,2_person,family_single,1,F&B Eatery/Full-Service Restaurants,Walking,Car
42982,28,Young Adult,43436,Moderate,2_person,nonfamily_single,1,F&B Eatery/Full-Service Restaurants,Public_transport,Car
4598,35,Adult,76986,High,2_person,nonfamily_single,1,F&B Eatery/Full-Service Restaurants,Public_transport,Car
2042,29,Young Adult,92830,Very High,6_person,married_couple,2,F&B Eatery/Full-Service Restaurants,Public_transport,Car
40187,77,Elderly,140505,Ultra High,2_person,married_couple,2,F&B Eatery/Drinking Places,Public_transport,Car
6130,29,Young Adult,1080,Low,6_person,married_couple,2,F&B Eatery/Limited-Service Restaurants,Car,Car
50654,31,Adult,134181,Ultra High,2_person,nonfamily_single,1,F&B Eatery/Snack and Nonalcoholic Beverage Bars,Walking,Car
31528,54,Senior,37816,Moderate,5_person,married_couple,2,F&B Eatery/Limited-Service Restaurants,Car,Car
33085,23,Young Adult,41258,Moderate,4_person,married_couple,3_plus,F&B Eatery/Full-Service Restaurants,Public_transport,Car
10566,30,Young Adult,345750,Ultra High,3_person,nonfamily_single,1,F&B Eatery/Full-Service Restaurants,Car,Walking
38083,83,Elderly,27119,Low,1_person,living_alone,0,F&B Eatery/Drinking Places,Car,Walking
2064,20,Young Adult,0,Debt,3_person,nonfamily_single,0,F&B Eatery/Drinking Places,Walking,Walking
14457,67,Elderly,49269,Moderate,2_person,married_couple,1,F&B Eatery/Full-Service Restaurants,Car,Car
13419,41,Middle Age,118616,Very High,3_person,married_couple,3_plus,F&B Eatery/Full-Service Restaurants,Walking,Walking
29661,24,Young Adult,40809,Moderate,1_person,living_alone,0,F&B Eatery/Full-Service Restaurants,Walking,Walking
22990,41,Middle Age,118186,Very High,5_person,married_couple,1,F&B Eatery/Limited-Service Restaurants,Public_transport,Car
45641,22,Young Adult,3241,Low,5_person,nonfamily_single,1,F&B Eatery/Snack and Nonalcoholic Beverage Bars,Public_transport,Car
31169,59,Senior,190040,Ultra High,2_person,married_couple,1,F&B Eatery/Full-Service Restaurants,Walking,Car
47761,44,Middle Age,85610,High,4_person,married_couple,2,F&B Eatery/Full-Service Restaurants,Public_transport,Car
57190,62,Elderly,293952,Ultra High,1_person,living_alone,2,F&B Eatery/Full-Service Restaurants,Car,Car
21387,35,Adult,23201,Low,6_person,married_couple,1,F&B Eatery/Full-Service Restaurants,Walking,Car
6523,54,Senior,14046,Low,3_person,family_single,1,F&B Eatery/Limited-Service Restaurants,Car,Car
25957,28,Young Adult,21609,Low,2_person,family_single,0,F&B Eatery/Full-Service Restaurants,Car,Walking
27433,33,Adult,83729,High,3_person,nonfamily_single,0,F&B Eatery/Snack and Nonalcoholic Beverage Bars,Walking,Walking
53425,45,Middle Age,190917,Ultra High,7_plus_person,family_single,1,F&B Eatery/Snack and Nonalcoholic Beverage Bars,Car,Walking
38507,31,Adult,322034,Ultra High,3_person,married_couple,1,F&B Eatery/Limited-Service Restaurants,Walking,Car
39044,45,Middle Age,34350,Moderate,4_person,nonfamily_single,1,F&B Eatery/Full-Service Restaurants,Walking,Car
14953,20,Young Adult,461,Low,3_person,nonfamily_single,0,F&B Eatery/Full-Service Restaurants,Public_transport,Walking
30859,30,Young Adult,27909,Low,2_person,married_couple,2,F&B Eatery/Full-Service Restaurants,Walking,Public_transport
5470,21,Young Adult,0,Debt,3_person,family_single,2,F&B Eatery/Snack and Nonalcoholic Beverage Bars,Public_transport,Walking
22200,34,Adult,60855,High,7_plus_person,married_couple,1,F&B Eatery/Snack and Nonalcoholic Beverage Bars,Car,Public_transport
60590,20,Young Adult,0,Debt,1_person,living_alone,0,F&B Eatery/Snack and Nonalcoholic Beverage Bars,Walking,Walking
14336,30,Young Adult,65659,High,2_person,nonfamily_single,0,F&B Eatery/Snack and Nonalcoholic Beverage Bars,Walking,Walking
30936,71,Elderly,8643,Low,1_person,living_alone,2,F&B Eatery/Full-Service Restaurants,Public_transport,Car
49239,55,Senior,58792,Moderate,2_person,nonfamily_single,2,F&B Eatery/Full-Service Restaurants,Car,Car
24014,55,Senior,34274,Moderate,2_person,married_couple,0,F&B Eatery/Limited-Service Restaurants,Walking,Public_transport
36931,34,Adult,35355,Moderate,2_person,married_couple,1,F&B Eatery/Full-Service Restaurants,Public_transport,Car
52534,25,Young Adult,35917,Moderate,2_person,nonfamily_single,1,F&B Eatery/Full-Service Restaurants,Car,Car
27301,27,Young Adult,77358,High,2_person,nonfamily_single,2,F&B Eatery/Full-Service Restaurants,Public_transport,Walking
13180,26,Young Adult,79435,High,2_person,married_couple,1,F&B Eatery/Full-Service Restaurants,Walking,Walking
33171,62,Elderly,51862,Moderate,1_person,living_alone,1,F&B Eatery/Full-Service Restaurants,Public_transport,Car
37679,24,Young Adult,63276,High,2_person,nonfamily_single,0,F&B Eatery/Snack and Nonalcoholic Beverage Bars,Walking,Walking
27926,42,Middle Age,302531,Ultra High,3_person,married_couple,2,F&B Eatery/Full-Service Restaurants,Car,Car
11422,22,Young Adult,0,Debt,2_person,family_single,1,F&B Eatery/Snack and Nonalcoholic Beverage Bars,Public_transport,Walking
42133,32,Adult,42937,Moderate,1_person,living_alone,1,F&B Eatery/Full-Service Restaurants,Walking,Car
63420,28,Young Adult,41258,Moderate,2_person,family_single,0,F&B Eatery/Limited-Service Restaurants,Walking,Walking
6378,81,Elderly,0,Debt,5_person,married_couple,1,F&B Eatery/Limited-Service Restaurants,Car,Car
18625,32,Adult,106065,Very High,2_person,nonfamily_single,1,F&B Eatery/Snack and Nonalcoholic Beverage Bars,Car,Car
56523,28,Young Adult,60608,High,2_person,married_couple,2,F&B Eatery/Full-Service Restaurants,Car,Walking
19867,64,Elderly,24243,Low,2_person,family_single,1,F&B Eatery/Drinking Places,Walking,Car
14744,80,Elderly,16030,Low,6_person,married_couple,2,F&B Eatery/Snack and Nonalcoholic Beverage Bars,Car,Car
61597,28,Young Adult,88892,High,1_person,living_alone,1,F&B Eatery/Special Food Services,Public_transport,Walking
36307,68,Elderly,7995,Low,3_person,married_couple,1,F&B Eatery/Limited-Service Restaurants,Car,Car
6310,26,Young Adult,41057,Moderate,1_person,living_alone,0,F&B Eatery/Limited-Service Restaurants,Public_transport,Walking
9219,34,Adult,131318,Ultra High,1_person,living_alone,0,F&B Eatery/Full-Service Restaurants,Car,Walking
38285,38,Adult,144496,Ultra High,2_person,married_couple,1,F&B Eatery/Full-Service Restaurants,Public_transport,Car
51588,42,Middle Age,41415,Moderate,4_person,married_couple,1,F&B Eatery/Full-Service Restaurants,Walking,Car
53841,32,Adult,40405,Moderate,4_person,family_single,1,F&B Eatery/Snack and Nonalcoholic Beverage Bars,Public_transport,Public_transport
35362,78,Elderly,39195,Moderate,1_person,living_alone,1,F&B Eatery/Snack and Nonalcoholic Beverage Bars,Car,Car
13490,60,Senior,39395,Moderate,7_plus_person,married_couple,1,F&B Eatery/Drinking Places,Walking,Walking
58622,62,Elderly,0,Debt,3_person,family_single,1,F&B Eatery/Limited-Service Restaurants,Public_transport,Car
59441,33,Adult,37816,Moderate,1_person,living_alone,1,F&B Eatery/Full-Service Restaurants,Walking,Car
31213,26,Young Adult,0,Debt,2_person,nonfamily_single,0,F&B Eatery/Limited-Service Restaurants,Walking,Walking
56008,61,Elderly,48621,Moderate,7_plus_person,married_couple,3_plus,F&B Eatery/Full-Service Restaurants,Walking,Car
43002,42,Middle Age,37570,Moderate,1_person,living_alone,0,F&B Eatery/Full-Service Restaurants,Walking,Walking
65000,54,Senior,27849,Low,4_person,married_couple,1,F&B Eatery/Snack and Nonalcoholic Beverage Bars,Walking,Walking
39422,26,Young Adult,10505,Low,5_person,family_single,0,F&B Eatery/Limited-Service Restaurants,Public_transport,Walking
14266,56,Senior,8561,Low,3_person,married_couple,2,F&B Eatery/Full-Service Restaurants,Public_transport,Car
15867,21,Young Adult,0,Debt,2_person,nonfamily_single,0,F&B Eatery/Snack and Nonalcoholic Beverage Bars,Walking,Walking
50577,26,Young Adult,28983,Low,3_person,nonfamily_single,2,F&B Eatery/Limited-Service Restaurants,Walking,Walking
21411,34,Adult,112842,Very High,4_person,married_couple,2,F&B Eatery/Full-Service Restaurants,Walking,Car
16198,32,Adult,0,Debt,6_person,married_couple,1,F&B Eatery/Drinking Places,Walking,Car
21665,82,Elderly,11807,Low,4_person,married_couple,1,F&B Eatery/Full-Service Restaurants,Public_transport,Car
61258,36,Adult,118079,Very High,2_person,married_couple,2,F&B Eatery/Snack and Nonalcoholic Beverage Bars,Public_transport,Car
1502,26,Young Adult,158190,Ultra High,4_person,nonfamily_single,2,F&B Eatery/Drinking Places,Public_transport,Public_transport
27445,26,Young Adult,34575,Moderate,3_person,nonfamily_single,1,F&B Eatery/Full-Service Restaurants,Walking,Car
26183,26,Young Adult,101014,Very High,2_person,married_couple,1,F&B Eatery/Full-Service Restaurants,Car,Walking
29777,24,Young Adult,0,Debt,2_person,nonfamily_single,0,F&B Eatery/Full-Service Restaurants,Public_transport,Walking
66256,27,Young Adult,96973,Very High,4_person,nonfamily_single,1,F&B Eatery/Full-Service Restaurants,Car,Public_transport
30640,70,Elderly,10124,Low,1_person,living_alone,0,F&B Eatery/Limited-Service Restaurants,Walking,Walking
678,33,Adult,27011,Low,3_person,married_couple,1,F&B Eatery/Full-Service Restaurants,Walking,Walking
16378,32,Adult,63276,High,7_plus_person,married_couple,1,F&B Eatery/Full-Service Restaurants,Car,Public_transport
55825,56,Senior,0,Debt,4_person,married_couple,1,F&B Eatery/Full-Service Restaurants,Car,Car
5851,65,Elderly,1616,Low,2_person,married_couple,1,F&B Eatery/Snack and Nonalcoholic Beverage Bars,Public_transport,Car
7194,27,Young Adult,31638,Moderate,4_person,nonfamily_single,1,F&B Eatery/Snack and Nonalcoholic Beverage Bars,Car,Car
16301,47,Middle Age,7514,Low,4_person,married_couple,3_plus,F&B Eatery/Snack and Nonalcoholic Beverage Bars,Car,Car
42863,84,Elderly,300370,Ultra High,2_person,married_couple,1,F&B Eatery/Limited-Service Restaurants,Walking,Car
29841,20,Young Adult,51862,Moderate,3_person,family_single,1,F&B Eatery/Limited-Service Restaurants,Public_transport,Car
2939,26,Young Adult,26263,Low,4_person,nonfamily_single,0,F&B Eatery/Full-Service Restaurants,Walking,Walking
45158,23,Young Adult,11807,Low,2_person,married_couple,0,F&B Eatery/Snack and Nonalcoholic Beverage Bars,Walking,Public_transport
54205,26,Young Adult,100187,Very High,1_person,living_alone,1,F&B Eatery/Snack and Nonalcoholic Beverage Bars,Walking,Car
34618,39,Adult,91799,Very High,2_person,married_couple,1,F&B Eatery/Full-Service Restaurants,Car,Car
22906,19,Young Adult,0,Debt,6_person,married_couple,1,F&B Eatery/Full-Service Restaurants,Car,Walking
1070,66,Elderly,19907,Low,1_person,living_alone,0,F&B Eatery/Limited-Service Restaurants,Public_transport,Walking
17929,27,Young Adult,80508,High,5_person,married_couple,2,F&B Eatery/Full-Service Restaurants,Car,Public_transport
6784,44,Middle Age,31871,Moderate,5_person,nonfamily_single,0,F&B Eatery/Drinking Places,Car,Public_transport
14444,69,Elderly,15565,Low,1_person,living_alone,0,F&B Eatery/Full-Service Restaurants,Public_transport,Walking
10672,24,Young Adult,51572,Moderate,3_person,nonfamily_single,1,F&B Eatery/Full-Service Restaurants,Car,Car
19156,35,Adult,7728,Low,4_person,family_single,0,F&B Eatery/Full-Service Restaurants,Car,Walking
36160,19,Young Adult,0,Debt,1_person,living_alone,0,F&B Eatery/Snack and Nonalcoholic Beverage Bars,Walking,Walking
50251,33,Adult,104405,Very High,2_person,married_couple,0,F&B Eatery/Full-Service Restaurants,Public_transport,Public_transport
56530,60,Senior,39395,Moderate,7_plus_person,married_couple,1,F&B Eatery/Drinking Places,Car,Walking
50901,62,Elderly,311124,Ultra High,2_person,married_couple,2,F&B Eatery/Full-Service Restaurants,Walking,Car
49570,19,Young Adult,0,Debt,3_person,nonfamily_single,0,F&B Eatery/Full-Service Restaurants,Public_transport,Walking
61674,72,Elderly,73831,High,1_person,living_alone,1,F&B Eatery/Snack and Nonalcoholic Beverage Bars,Car,Car
54971,17,Teen,1019,Low,2_person,family_single,1,F&B Eatery/Snack and Nonalcoholic Beverage Bars,Car,Walking
50071,73,Elderly,8889,Low,7_plus_person,nonfamily_single,0,F&B Eatery/Snack and Nonalcoholic Beverage Bars,Public_transport,Public_transport
42907,70,Elderly,15028,Low,2_person,married_couple,1,F&B Eatery/Full-Service Restaurants,Car,Car
47374,51,Senior,90913,Very High,1_person,living_alone,1,F&B Eatery/Snack and Nonalcoholic Beverage Bars,Walking,Car
27912,33,Adult,47457,Moderate,3_person,married_couple,1,F&B Eatery/Full-Service Restaurants,Car,Car
58655,21,Young Adult,0,Debt,4_person,nonfamily_single,0,F&B Eatery/Limited-Service Restaurants,Walking,Walking
19790,63,Elderly,27443,Low,2_person,family_single,2,F&B Eatery/Full-Service Restaurants,Car,Car
21120,56,Senior,10707,Low,4_person,married_couple,2,F&B Eatery/Full-Service Restaurants,Car,Public_transport
41168,64,Elderly,16364,Low,5_person,family_single,1,F&B Eatery/Limited-Service Restaurants,Car,Car
21782,40,Adult,15152,Low,3_person,married_couple,2,F&B Eatery/Full-Service Restaurants,Walking,Walking
28258,34,Adult,113449,Very High,3_person,married_couple,1,F&B Eatery/Snack and Nonalcoholic Beverage Bars,Public_transport,Car
28362,25,Young Adult,43630,Moderate,1_person,living_alone,0,F&B Eatery/Snack and Nonalcoholic Beverage Bars,Walking,Walking
49495,19,Young Adult,0,Debt,3_person,nonfamily_single,0,F&B Eatery/Snack and Nonalcoholic Beverage Bars,Walking,Walking
37661,22,Young Adult,20353,Low,7_plus_person,family_single,0,F&B Eatery/Full-Service Restaurants,Walking,Walking
8720,23,Young Adult,21468,Low,3_person,nonfamily_single,2,F&B Eatery/Full-Service Restaurants,Walking,Walking
63111,39,Adult,0,Debt,7_plus_person,married_couple,2,F&B Eatery/Full-Service Restaurants,Public_transport,Car
58123,29,Young Adult,61167,High,2_person,nonfamily_single,2,F&B Eatery/Full-Service Restaurants,Car,Walking
17106,32,Adult,101014,Very High,2_person,nonfamily_single,0,F&B Eatery/Full-Service Restaurants,Walking,Walking
21560,24,Young Adult,40791,Moderate,3_person,nonfamily_single,3_plus,F&B Eatery/Limited-Service Restaurants,Walking,Car
51012,30,Young Adult,58792,Moderate,2_person,nonfamily_single,0,F&B Eatery/Drinking Places,Walking,Walking
65977,69,Elderly,15291,Low,2_person,family_single,1,F&B Eatery/Full-Service Restaurants,Car,Car
50839,64,Elderly,432,Low,3_person,married_couple,2,F&B Eatery/Full-Service Restaurants,Car,Car
41266,68,Elderly,25626,Low,2_person,family_single,2,F&B Eatery/Full-Service Restaurants,Car,Car
51395,53,Senior,54293,Moderate,2_person,married_couple,1,F&B Eatery/Snack and Nonalcoholic Beverage Bars,Public_transport,Car
51144,30,Young Adult,0,Debt,2_person,married_couple,0,F&B Eatery/Full-Service Restaurants,Public_transport,Walking
19159,68,Elderly,0,Debt,3_person,family_single,1,F&B Eatery/Limited-Service Restaurants,Car,Car
65055,61,Elderly,13821,Low,1_person,living_alone,0,F&B Eatery/Limited-Service Restaurants,Public_transport,Walking
49355,80,Elderly,329105,Ultra High,7_plus_person,married_couple,1,F&B Eatery/Full-Service Restaurants,Car,Car
60650,61,Elderly,12965,Low,2_person,married_couple,0,F&B Eatery/Drinking Places,Public_transport,Public_transport
60057,91,Elderly,309104,Ultra High,1_person,living_alone,0,F&B Eatery/Full-Service Restaurants,Walking,Public_transport
38885,23,Young Adult,0,Debt,7_plus_person,family_single,3_plus,F&B Eatery/Full-Service Restaurants,Car,Car
52611,77,Elderly,28308,Low,1_person,living_alone,0,F&B Eatery/Limited-Service Restaurants,Public_transport,Walking
12716,42,Middle Age,9076,Low,7_plus_person,married_couple,3_plus,F&B Eatery/Full-Service Restaurants,Car,Car
39335,40,Adult,193220,Ultra High,4_person,married_couple,1,F&B Eatery/Limited-Service Restaurants,Car,Public_transport
24099,32,Adult,101014,Very High,2_person,nonfamily_single,0,F&B Eatery/Snack and Nonalcoholic Beverage Bars,Walking,Walking
5670,72,Elderly,109746,Very High,2_person,married_couple,1,F&B Eatery/Limited-Service Restaurants,Car,Car
58448,21,Young Adult,3300,Low,2_person,family_single,0,F&B Eatery/Full-Service Restaurants,Public_transport,Walking
24518,18,Teen,8858,Low,2_person,family_single,1,F&B Eatery/Full-Service Restaurants,Car,Walking
51962,19,Young Adult,0,Debt,2_person,family_single,0,F&B Eatery/Drinking Places,Walking,Walking
8949,79,Elderly,7593,Low,4_person,married_couple,2,F&B Eatery/Full-Service Restaurants,Car,Car
21876,36,Adult,53152,Moderate,4_person,married_couple,1,F&B Eatery/Limited-Service Restaurants,Car,Public_transport
21969,65,Elderly,13604,Low,1_person,living_alone,0,F&B Eatery/Full-Service Restaurants,Public_transport,Walking
31556,29,Young Adult,57761,Moderate,2_person,married_couple,1,F&B Eatery/Snack and Nonalcoholic Beverage Bars,Walking,Car
26128,27,Young Adult,64828,High,2_person,nonfamily_single,1,F&B Eatery/Snack and Nonalcoholic Beverage Bars,Car,Walking
46098,25,Young Adult,40405,Moderate,2_person,nonfamily_single,2,F&B Eatery/Full-Service Restaurants,Public_transport,Car
63860,44,Middle Age,257863,Ultra High,4_person,married_couple,2,F&B Eatery/Full-Service Restaurants,Car,Car
33342,25,Young Adult,4321,Low,5_person,nonfamily_single,0,F&B Eatery/Full-Service Restaurants,Walking,Walking
24833,52,Senior,239404,Ultra High,1_person,living_alone,1,F&B Eatery/Drinking Places,Public_transport,Car
11182,54,Senior,20204,Low,6_person,family_single,3_plus,F&B Eatery/Snack and Nonalcoholic Beverage Bars,Car,Car
37146,69,Elderly,54745,Moderate,1_person,living_alone,1,F&B Eatery/Full-Service Restaurants,Walking,Car
25616,23,Young Adult,0,Debt,5_person,nonfamily_single,0,F&B Eatery/Snack and Nonalcoholic Beverage Bars,Walking,Walking
65446,27,Young Adult,48621,Moderate,2_person,family_single,2,F&B Eatery/Limited-Service Restaurants,Public_transport,Car
15123,87,Elderly,10124,Low,1_person,living_alone,0,F&B Eatery/Snack and Nonalcoholic Beverage Bars,Walking,Walking
16698,26,Young Adult,78390,High,2_person,nonfamily_single,2,F&B Eatery/Full-Service Restaurants,Car,Walking
30761,27,Young Adult,371413,Ultra High,2_person,nonfamily_single,1,F&B Eatery/Full-Service Restaurants,Walking,Walking
52777,65,Elderly,84650,High,1_person,living_alone,1,F&B Eatery/Full-Service Restaurants,Public_transport,Car
41662,21,Young Adult,9446,Low,4_person,married_couple,3_plus,F&B Eatery/Snack and Nonalcoholic Beverage Bars,Car,Car
27765,74,Elderly,61990,High,3_person,married_couple,1,F&B Eatery/Drinking Places,Car,Car
66485,54,Senior,0,Debt,4_person,married_couple,2,F&B Eatery/Full-Service Restaurants,Car,Walking
8695,41,Middle Age,595338,Ultra High,1_person,living_alone,0,F&B Eatery/Limited-Service Restaurants,Walking,Walking
22738,16,Teen,0,Debt,6_person,family_single,1,F&B Eatery/Full-Service Restaurants,Car,Public_transport
10514,78,Elderly,33926,Moderate,2_person,married_couple,0,F&B Eatery/Limited-Service Restaurants,Walking,Public_transport
10748,67,Elderly,103145,Very High,1_person,living_alone,1,F&B Eatery/Full-Service Restaurants,Car,Car
17232,41,Middle Age,72995,High,1_person,living_alone,1,F&B Eatery/Snack and Nonalcoholic Beverage Bars,Car,Car
35016,37,Adult,101014,Very High,3_person,married_couple,0,F&B Eatery/Full-Service Restaurants,Public_transport,Public_transport
15958,73,Elderly,9283,Low,6_person,married_couple,2,F&B Eatery/Full-Service Restaurants,Car,Car
38384,28,Young Adult,133196,Ultra High,2_person,married_couple,1,F&B Eatery/Snack and Nonalcoholic Beverage Bars,Car,Walking
31692,89,Elderly,130960,Ultra High,2_person,married_couple,1,F&B Eatery/Drinking Places,Car,Car
65782,63,Elderly,264152,Ultra High,1_person,living_alone,1,F&B Eatery/Full-Service Restaurants,Car,Car
66448,19,Young Adult,16101,Low,3_person,nonfamily_single,1,F&B Eatery/Drinking Places,Walking,Walking
46277,25,Young Adult,67044,High,2_person,married_couple,1,F&B Eatery/Snack and Nonalcoholic Beverage Bars,Public_transport,Walking
22486,23,Young Adult,0,Debt,2_person,nonfamily_single,1,F&B Eatery/Full-Service Restaurants,Car,Walking
60472,62,Elderly,2146,Low,2_person,married_couple,0,F&B Eatery/Full-Service Restaurants,Walking,Public_transport
24502,69,Elderly,45383,Moderate,3_person,married_couple,3_plus,F&B Eatery/Full-Service Restaurants,Car,Car
54455,36,Adult,111853,Very High,2_person,married_couple,2,F&B Eatery/Full-Service Restaurants,Public_transport,Car
53204,29,Young Adult,15819,Low,2_person,married_couple,2,F&B Eatery/Full-Service Restaurants,Car,Public_transport
28513,26,Young Adult,78040,High,1_person,living_alone,0,F&B Eatery/Limited-Service Restaurants,Walking,Walking
30828,29,Young Adult,52,Low,3_person,family_single,0,F&B Eatery/Snack and Nonalcoholic Beverage Bars,Walking,Walking
27307,24,Young Adult,61887,High,3_person,nonfamily_single,2,F&B Eatery/Snack and Nonalcoholic Beverage Bars,Public_transport,Walking
21939,35,Adult,69150,High,1_person,living_alone,1,F&B Eatery/Drinking Places,Public_transport,Car
38867,40,Adult,64406,High,3_person,married_couple,1,F&B Eatery/Limited-Service Restaurants,Car,Car
14390,37,Adult,80508,High,1_person,living_alone,1,F&B Eatery/Snack and Nonalcoholic Beverage Bars,Car,Car
53228,34,Adult,65587,High,2_person,married_couple,0,F&B Eatery/Full-Service Restaurants,Public_transport,Public_transport
33765,61,Elderly,2727,Low,5_person,married_couple,0,F&B Eatery/Full-Service Restaurants,Walking,Public_transport
53484,21,Young Adult,0,Debt,2_person,family_single,1,F&B Eatery/Full-Service Restaurants,Walking,Walking
12926,62,Elderly,5273,Low,4_person,married_couple,1,F&B Eatery/Drinking Places,Car,Car
25752,35,Adult,111115,Very High,2_person,married_couple,1,F&B Eatery/Snack and Nonalcoholic Beverage Bars,Car,Car
44354,25,Young Adult,67494,High,2_person,married_couple,1,F&B Eatery/Limited-Service Restaurants,Car,Walking
49703,43,Middle Age,50621,Moderate,3_person,married_couple,1,F&B Eatery/Full-Service Restaurants,Walking,Car
29416,18,Teen,3030,Low,3_person,family_single,0,F&B Eatery/Limited-Service Restaurants,Public_transport,Walking
40162,25,Young Adult,19016,Low,3_person,family_single,0,F&B Eatery/Limited-Service Restaurants,Walking,Walking
20756,38,Adult,31638,Moderate,1_person,living_alone,1,F&B Eatery/Limited-Service Restaurants,Car,Car
19881,48,Middle Age,84368,High,3_person,married_couple,2,F&B Eatery/Full-Service Restaurants,Car,Car
17794,50,Middle Age,43218,Moderate,3_person,family_single,0,F&B Eatery/Full-Service Restaurants,Walking,Walking
47340,32,Adult,75760,High,4_person,nonfamily_single,1,F&B Eatery/Full-Service Restaurants,Public_transport,Car
58830,25,Young Adult,0,Debt,2_person,nonfamily_single,0,F&B Eatery/Full-Service Restaurants,Walking,Walking
8032,22,Young Adult,0,Debt,4_person,nonfamily_single,0,F&B Eatery/Snack and Nonalcoholic Beverage Bars,Walking,Walking
1407,38,Adult,147644,Ultra High,1_person,living_alone,1,F&B Eatery/Snack and Nonalcoholic Beverage Bars,Public_transport,Car
28690,60,Senior,36911,Moderate,3_person,family_single,3_plus,F&B Eatery/Limited-Service Restaurants,Public_transport,Car
5724,80,Elderly,30685,Moderate,2_person,nonfamily_single,2,F&B Eatery/Full-Service Restaurants,Car,Car
64975,27,Young Adult,48305,Moderate,2_person,nonfamily_single,1,F&B Eatery/Snack and Nonalcoholic Beverage Bars,Car,Car
14021,45,Middle Age,220067,Ultra High,2_person,nonfamily_single,1,F&B Eatery/Full-Service Restaurants,Car,Car
14254,33,Adult,30304,Moderate,4_person,family_single,1,F&B Eatery/Full-Service Restaurants,Walking,Public_transport
46609,25,Young Adult,75632,High,3_person,nonfamily_single,1,F&B Eatery/Special Food Services,Public_transport,Walking
18196,21,Young Adult,0,Debt,3_person,nonfamily_single,0,F&B Eatery/Limited-Service Restaurants,Walking,Walking
31351,43,Middle Age,30943,Moderate,5_person,married_couple,3_plus,F&B Eatery/Special Food Services,Car,Car
44548,47,Middle Age,121217,Ultra High,7_plus_person,married_couple,1,F&B Eatery/Snack and Nonalcoholic Beverage Bars,Walking,Walking
61902,51,Senior,9446,Low,1_person,living_alone,0,F&B Eatery/Limited-Service Restaurants,Walking,Public_transport
33461,29,Young Adult,73822,High,2_person,nonfamily_single,1,F&B Eatery/Limited-Service Restaurants,Public_transport,Walking
10725,34,Adult,91243,Very High,4_person,married_couple,1,F&B Eatery/Limited-Service Restaurants,Car,Car
21395,21,Young Adult,0,Debt,6_person,nonfamily_single,0,F&B Eatery/Limited-Service Restaurants,Walking,Walking
3443,29,Young Adult,89641,High,2_person,nonfamily_single,1,F&B Eatery/Drinking Places,Public_transport,Walking
9174,33,Adult,61186,High,2_person,nonfamily_single,2,F&B Eatery/Snack and Nonalcoholic Beverage Bars,Walking,Car
67253,60,Senior,454565,Ultra High,7_plus_person,married_couple,1,F&B Eatery/Snack and Nonalcoholic Beverage Bars,Public_transport,Car
4175,16,Teen,0,Debt,4_person,married_couple,1,F&B Eatery/Limited-Service Restaurants,Car,Public_transport
53374,85,Elderly,8427,Low,1_person,living_alone,0,F&B Eatery/Full-Service Restaurants,Car,Walking
57435,70,Elderly,63276,High,3_person,married_couple,1,F&B Eatery/Limited-Service Restaurants,Car,Car
13844,19,Young Adult,0,Debt,3_person,nonfamily_single,0,F&B Eatery/Limited-Service Restaurants,Walking,Walking
43226,22,Young Adult,3094,Low,2_person,nonfamily_single,0,F&B Eatery/Full-Service Restaurants,Walking,Walking
63680,64,Elderly,119197,Very High,2_person,married_couple,1,F&B Eatery/Limited-Service Restaurants,Car,Car
13382,28,Young Adult,94914,Very High,2_person,married_couple,1,F&B Eatery/Snack and Nonalcoholic Beverage Bars,Public_transport,Walking
54144,87,Elderly,18463,Low,3_person,family_single,0,F&B Eatery/Full-Service Restaurants,Car,Walking
26424,20,Young Adult,0,Debt,3_person,nonfamily_single,0,F&B Eatery/Full-Service Restaurants,Walking,Walking
16645,39,Adult,0,Debt,6_person,married_couple,3_plus,F&B Eatery/Full-Service Restaurants,Public_transport,Car
55390,65,Elderly,261921,Ultra High,1_person,living_alone,2,F&B Eatery/Full-Service Restaurants,Car,Car
11529,44,Middle Age,633360,Ultra High,1_person,living_alone,1,F&B Eatery/Full-Service Restaurants,Public_transport,Car
15979,76,Elderly,39180,Moderate,3_person,married_couple,2,F&B Eatery/Limited-Service Restaurants,Car,Car
38265,39,Adult,70847,High,4_person,married_couple,1,F&B Eatery/Snack and Nonalcoholic Beverage Bars,Walking,Car
36643,59,Senior,12881,Low,5_person,married_couple,2,F&B Eatery/Full-Service Restaurants,Car,Car
20400,20,Young Adult,0,Debt,7_plus_person,family_single,2,F&B Eatery/Full-Service Restaurants,Public_transport,Public_transport
3626,25,Young Adult,0,Debt,1_person,living_alone,0,F&B Eatery/Full-Service Restaurants,Walking,Walking
39132,32,Adult,81089,High,3_person,married_couple,1,F&B Eatery/Full-Service Restaurants,Walking,Car
49597,24,Young Adult,31638,Moderate,3_person,nonfamily_single,2,F&B Eatery/Drinking Places,Public_transport,Car
39520,23,Young Adult,58003,Moderate,2_person,nonfamily_single,2,F&B Eatery/Snack and Nonalcoholic Beverage Bars,Car,Car
37879,28,Young Adult,57578,Moderate,1_person,living_alone,1,F&B Eatery/Full-Service Restaurants,Public_transport,Car
14157,33,Adult,15152,Low,1_person,living_alone,1,F&B Eatery/Full-Service Restaurants,Public_transport,Public_transport
48780,22,Young Adult,0,Debt,3_person,nonfamily_single,3_plus,F&B Eatery/Snack and Nonalcoholic Beverage Bars,Car,Walking
36323,25,Young Adult,34863,Moderate,4_person,nonfamily_single,1,F&B Eatery/Full-Service Restaurants,Car,Car
10386,19,Young Adult,0,Debt,2_person,family_single,0,F&B Eatery/Full-Service Restaurants,Walking,Walking
30270,55,Senior,0,Debt,3_person,family_single,1,F&B Eatery/Drinking Places,Car,Car
56490,65,Elderly,19322,Low,3_person,married_couple,0,F&B Eatery/Limited-Service Restaurants,Walking,Public_transport
64377,20,Young Adult,0,Debt,3_person,nonfamily_single,0,F&B Eatery/Full-Service Restaurants,Walking,Walking
19751,24,Young Adult,80508,High,4_person,nonfamily_single,2,F&B Eatery/Limited-Service Restaurants,Car,Car
3516,55,Senior,11669,Low,2_person,family_single,0,F&B Eatery/Limited-Service Restaurants,Public_transport,Public_transport
43827,87,Elderly,0,Debt,3_person,married_couple,2,F&B Eatery/Limited-Service Restaurants,Car,Car
35294,19,Young Adult,0,Debt,1_person,living_alone,0,F&B Eatery/Snack and Nonalcoholic Beverage Bars,Walking,Walking
62470,49,Middle Age,92272,Very High,4_person,married_couple,3_plus,F&B Eatery/Full-Service Restaurants,Car,Car
15032,24,Young Adult,4847,Low,5_person,family_single,0,F&B Eatery/Full-Service Restaurants,Walking,Walking
59666,26,Young Adult,15471,Low,4_person,family_single,2,F&B Eatery/Limited-Service Restaurants,Walking,Public_transport
45124,63,Elderly,15471,Low,5_person,family_single,3_plus,F&B Eatery/Full-Service Restaurants,Car,Car
1168,85,Elderly,12022,Low,2_person,nonfamily_single,1,F&B Eatery/Snack and Nonalcoholic Beverage Bars,Car,Car
48904,54,Senior,107344,Very High,4_person,married_couple,1,F&B Eatery/Limited-Service Restaurants,Car,Car
20528,34,Adult,61167,High,2_person,family_single,1,F&B Eatery/Snack and Nonalcoholic Beverage Bars,Public_transport,Car
40660,26,Young Adult,28880,Low,4_person,nonfamily_single,0,F&B Eatery/Limited-Service Restaurants,Public_transport,Walking
24660,21,Young Adult,8120,Low,6_person,nonfamily_single,3_plus,F&B Eatery/Full-Service Restaurants,Public_transport,Car
3149,28,Young Adult,0,Debt,4_person,nonfamily_single,3_plus,F&B Eatery/Full-Service Restaurants,Public_transport,Walking
44774,27,Young Adult,48621,Moderate,2_person,family_single,2,F&B Eatery/Limited-Service Restaurants,Car,Car
17264,29,Young Adult,92805,Very High,1_person,living_alone,1,F&B Eatery/Snack and Nonalcoholic Beverage Bars,Public_transport,Car
55899,50,Middle Age,70230,High,2_person,family_single,2,F&B Eatery/Limited-Service Restaurants,Car,Car
58560,65,Elderly,29172,Low,3_person,married_couple,1,F&B Eatery/Full-Service Restaurants,Car,Car
23956,30,Young Adult,153972,Ultra High,2_person,married_couple,1,F&B Eatery/Full-Service Restaurants,Walking,Walking
19122,58,Senior,12641,Low,1_person,living_alone,1,F&B Eatery/Snack and Nonalcoholic Beverage Bars,Car,Car
13439,39,Adult,58588,Moderate,2_person,nonfamily_single,2,F&B Eatery/Full-Service Restaurants,Car,Car
34235,57,Senior,23615,Low,1_person,living_alone,1,F&B Eatery/Full-Service Restaurants,Walking,Car
8154,20,Young Adult,0,Debt,3_person,nonfamily_single,0,F&B Eatery/Limited-Service Restaurants,Public_transport,Walking
64000,67,Elderly,78361,High,3_person,nonfamily_single,1,F&B Eatery/Limited-Service Restaurants,Car,Car
13833,76,Elderly,18033,Low,3_person,family_single,3_plus,F&B Eatery/Snack and Nonalcoholic Beverage Bars,Car,Car
55689,53,Senior,0,Debt,2_person,married_couple,2,F&B Eatery/Full-Service Restaurants,Car,Car
44921,40,Adult,134181,Ultra High,4_person,married_couple,1,F&B Eatery/Snack and Nonalcoholic Beverage Bars,Car,Public_transport
49604,28,Young Adult,83313,High,2_person,nonfamily_single,0,F&B Eatery/Limited-Service Restaurants,Public_transport,Walking
28902,61,Elderly,32203,Moderate,2_person,married_couple,2,F&B Eatery/Limited-Service Restaurants,Car,Car
66007,30,Young Adult,19322,Low,6_person,family_single,1,F&B Eatery/Snack and Nonalcoholic Beverage Bars,Car,Public_transport
29992,40,Adult,80811,High,1_person,living_alone,1,F&B Eatery/Snack and Nonalcoholic Beverage Bars,Public_transport,Car
4137,21,Young Adult,0,Debt,4_person,nonfamily_single,0,F&B Eatery/Snack and Nonalcoholic Beverage Bars,Walking,Walking
19423,28,Young Adult,116006,Very High,2_person,nonfamily_single,1,F&B Eatery/Full-Service Restaurants,Public_transport,Car
63025,50,Middle Age,0,Debt,1_person,living_alone,1,F&B Eatery/Full-Service Restaurants,Walking,Public_transport
4150,69,Elderly,46209,Moderate,1_person,living_alone,1,F&B Eatery/Snack and Nonalcoholic Beverage Bars,Walking,Car
39236,37,Adult,80811,High,7_plus_person,family_single,3_plus,F&B Eatery/Full-Service Restaurants,Walking,Walking
14017,30,Young Adult,0,Debt,4_person,married_couple,1,F&B Eatery/Full-Service Restaurants,Car,Car
57889,27,Young Adult,96610,Very High,2_person,nonfamily_single,0,F&B Eatery/Limited-Service Restaurants,Walking,Walking
56826,25,Young Adult,17534,Low,3_person,nonfamily_single,1,F&B Eatery/Full-Service Restaurants,Walking,Walking
49731,50,Middle Age,12162,Low,2_person,nonfamily_single,0,F&B Eatery/Snack and Nonalcoholic Beverage Bars,Public_transport,Walking
6571,64,Elderly,0,Debt,1_person,living_alone,1,F&B Eatery/Limited-Service Restaurants,Car,Car
28408,26,Young Adult,3232,Low,3_person,nonfamily_single,1,F&B Eatery/Snack and Nonalcoholic Beverage Bars,Car,Walking
15366,26,Young Adult,72730,High,3_person,nonfamily_single,1,F&B Eatery/Full-Service Restaurants,Walking,Walking
23851,52,Senior,9697,Low,2_person,married_couple,1,F&B Eatery/Full-Service Restaurants,Public_transport,Car
64091,21,Young Adult,0,Debt,5_person,married_couple,1,F&B Eatery/Full-Service Restaurants,Walking,Public_transport
40978,37,Adult,152917,Ultra High,5_person,married_couple,1,F&B Eatery/Full-Service Restaurants,Car,Public_transport
15155,21,Young Adult,0,Debt,2_person,nonfamily_single,0,F&B Eatery/Full-Service Restaurants,Walking,Walking
13779,78,Elderly,288757,Ultra High,2_person,married_couple,2,F&B Eatery/Full-Service Restaurants,Car,Car
33635,85,Elderly,29528,Low,2_person,married_couple,1,F&B Eatery/Limited-Service Restaurants,Walking,Car
27043,57,Senior,0,Debt,4_person,married_couple,2,F&B Eatery/Limited-Service Restaurants,Car,Walking
53309,39,Adult,16207,Low,5_person,family_single,2,F&B Eatery/Snack and Nonalcoholic Beverage Bars,Car,Car
55501,22,Young Adult,0,Debt,1_person,living_alone,0,F&B Eatery/Limited-Service Restaurants,Walking,Walking
15761,50,Middle Age,15152,Low,2_person,family_single,2,F&B Eatery/Full-Service Restaurants,Car,Car
57388,61,Elderly,0,Debt,1_person,living_alone,1,F&B Eatery/Limited-Service Restaurants,Car,Car
64002,31,Adult,1547,Low,5_person,family_single,1,F&B Eatery/Full-Service Restaurants,Walking,Car
402,38,Adult,46415,Moderate,2_person,married_couple,2,F&B Eatery/Full-Service Restaurants,Walking,Car
37196,34,Adult,39977,Moderate,1_person,living_alone,0,F&B Eatery/Snack and Nonalcoholic Beverage Bars,Car,Walking
66118,25,Young Adult,0,Debt,2_person,nonfamily_single,1,F&B Eatery/Limited-Service Restaurants,Car,Walking
3057,24,Young Adult,0,Debt,3_person,nonfamily_single,0,F&B Eatery/Full-Service Restaurants,Public_transport,Walking
15504,34,Adult,252536,Ultra High,4_person,married_couple,1,F&B Eatery/Full-Service Restaurants,Public_transport,Public_transport
39828,48,Middle Age,20745,Low,3_person,family_single,0,F&B Eatery/Limited-Service Restaurants,Walking,Walking
49316,27,Young Adult,90407,Very High,4_person,nonfamily_single,1,F&B Eatery/Full-Service Restaurants,Public_transport,Public_transport
47631,27,Young Adult,9661,Low,3_person,nonfamily_single,2,F&B Eatery/Snack and Nonalcoholic Beverage Bars,Car,Walking
55963,94,Elderly,5946,Low,1_person,living_alone,0,F&B Eatery/Snack and Nonalcoholic Beverage Bars,Public_transport,Walking
43158,59,Senior,75760,High,2_person,married_couple,3_plus,F&B Eatery/Limited-Service Restaurants,Car,Public_transport
44115,30,Young Adult,106750,Very High,1_person,living_alone,1,F&B Eatery/Limited-Service Restaurants,Car,Car
44980,76,Elderly,174148,Ultra High,2_person,married_couple,1,F&B Eatery/Drinking Places,Walking,Car
3317,49,Middle Age,172875,Ultra High,1_person,living_alone,1,F&B Eatery/Full-Service Restaurants,Public_transport,Car
12118,77,Elderly,150410,Ultra High,2_person,married_couple,3_plus,F&B Eatery/Full-Service Restaurants,Car,Car
40633,21,Young Adult,0,Debt,3_person,nonfamily_single,0,F&B Eatery/Drinking Places,Public_transport,Walking
23595,59,Senior,0,Debt,2_person,married_couple,2,F&B Eatery/Full-Service Restaurants,Walking,Car
12126,32,Adult,0,Debt,1_person,living_alone,1,F&B Eatery/Limited-Service Restaurants,Car,Public_transport
39619,62,Elderly,0,Debt,2_person,family_single,0,F&B Eatery/Full-Service Restaurants,Car,Walking
18231,55,Senior,48511,Moderate,5_person,married_couple,3_plus,F&B Eatery/Snack and Nonalcoholic Beverage Bars,Car,Car
21972,61,Elderly,10588,Low,3_person,married_couple,2,F&B Eatery/Full-Service Restaurants,Walking,Car
17718,42,Middle Age,216836,Ultra High,1_person,living_alone,0,F&B Eatery/Snack and Nonalcoholic Beverage Bars,Walking,Walking
25163,53,Senior,94925,Very High,3_person,married_couple,2,F&B Eatery/Snack and Nonalcoholic Beverage Bars,Walking,Car
56112,19,Young Adult,0,Debt,4_person,family_single,1,F&B Eatery/Snack and Nonalcoholic Beverage Bars,Car,Walking
38523,75,Elderly,3636,Low,1_person,living_alone,0,F&B Eatery/Limited-Service Restaurants,Public_transport,Walking
58097,36,Adult,123774,Ultra High,2_person,nonfamily_single,0,F&B Eatery/Full-Service Restaurants,Walking,Walking
38001,56,Senior,0,Debt,4_person,married_couple,3_plus,F&B Eatery/Limited-Service Restaurants,Public_transport,Walking
6997,50,Middle Age,79095,High,2_person,married_couple,1,F&B Eatery/Full-Service Restaurants,Public_transport,Car
15728,28,Young Adult,0,Debt,3_person,married_couple,0,F&B Eatery/Snack and Nonalcoholic Beverage Bars,Walking,Walking
65125,31,Adult,32414,Moderate,5_person,married_couple,2,F&B Eatery/Full-Service Restaurants,Walking,Car
706,48,Middle Age,0,Debt,2_person,married_couple,0,F&B Eatery/Drinking Places,Walking,Public_transport
3491,62,Elderly,51862,Moderate,1_person,living_alone,1,F&B Eatery/Full-Service Restaurants,Walking,Car
15339,54,Senior,633360,Ultra High,1_person,living_alone,1,F&B Eatery/Full-Service Restaurants,Car,Car
37341,29,Young Adult,71170,High,2_person,nonfamily_single,1,F&B Eatery/Limited-Service Restaurants,Walking,Walking
46015,38,Adult,213030,Ultra High,2_person,married_couple,1,F&B Eatery/Full-Service Restaurants,Car,Car
15823,49,Middle Age,0,Debt,2_person,nonfamily_single,2,F&B Eatery/Full-Service Restaurants,Public_transport,Public_transport
62979,19,Young Adult,0,Debt,3_person,nonfamily_single,0,F&B Eatery/Snack and Nonalcoholic Beverage Bars,Walking,Walking
24090,88,Elderly,10005,Low,2_person,nonfamily_single,3_plus,F&B Eatery/Limited-Service Restaurants,Car,Car
7054,65,Elderly,40001,Moderate,1_person,living_alone,0,F&B Eatery/Snack and Nonalcoholic Beverage Bars,Walking,Public_transport
5580,21,Young Adult,0,Debt,5_person,nonfamily_single,2,F&B Eatery/Full-Service Restaurants,Car,Car
31416,31,Adult,85875,High,2_person,nonfamily_single,0,F&B Eatery/Full-Service Restaurants,Public_transport,Walking
35919,28,Young Adult,108624,Very High,1_person,living_alone,1,F&B Eatery/Full-Service Restaurants,Walking,Car
39385,33,Adult,61618,High,2_person,nonfamily_single,0,F&B Eatery/Snack and Nonalcoholic Beverage Bars,Public_transport,Walking
31099,30,Young Adult,27011,Low,7_plus_person,married_couple,0,F&B Eatery/Drinking Places,Car,Public_transport
21168,24,Young Adult,0,Debt,3_person,family_single,1,F&B Eatery/Limited-Service Restaurants,Car,Walking
11991,39,Adult,48305,Moderate,4_person,married_couple,1,F&B Eatery/Limited-Service Restaurants,Walking,Public_transport
36790,64,Elderly,432,Low,3_person,married_couple,2,F&B Eatery/Limited-Service Restaurants,Car,Car
32353,27,Young Adult,101977,Very High,2_person,married_couple,0,F&B Eatery/Snack and Nonalcoholic Beverage Bars,Public_transport,Public_transport
38698,60,Senior,171794,Ultra High,2_person,family_single,1,F&B Eatery/Full-Service Restaurants,Car,Car
25650,44,Middle Age,63276,High,4_person,married_couple,2,F&B Eatery/Limited-Service Restaurants,Car,Car
2607,55,Senior,834193,Ultra High,2_person,married_couple,3_plus,F&B Eatery/Snack and Nonalcoholic Beverage Bars,Car,Car
54439,29,Young Adult,5367,Low,2_person,nonfamily_single,0,F&B Eatery/Snack and Nonalcoholic Beverage Bars,Walking,Walking
44398,28,Young Adult,53672,Moderate,1_person,living_alone,0,F&B Eatery/Drinking Places,Walking,Walking
41886,61,Elderly,0,Debt,2_person,family_single,1,F&B Eatery/Snack and Nonalcoholic Beverage Bars,Car,Car
41950,30,Young Adult,103845,Very High,2_person,married_couple,1,F&B Eatery/Drinking Places,Public_transport,Walking
2429,16,Teen,0,Debt,2_person,family_single,1,F&B Eatery/Full-Service Restaurants,Public_transport,Walking
49398,20,Young Adult,0,Debt,2_person,nonfamily_single,0,F&B Eatery/Drinking Places,Walking,Walking
3815,68,Elderly,102428,Very High,1_person,living_alone,1,F&B Eatery/Full-Service Restaurants,Walking,Car
37335,37,Adult,8909,Low,4_person,family_single,0,F&B Eatery/Full-Service Restaurants,Walking,Walking
66591,27,Young Adult,165032,Ultra High,2_person,nonfamily_single,2,F&B Eatery/Limited-Service Restaurants,Walking,Car
58241,67,Elderly,7728,Low,1_person,living_alone,1,F&B Eatery/Full-Service Restaurants,Public_transport,Car
18646,62,Elderly,8889,Low,7_plus_person,nonfamily_single,0,F&B Eatery/Drinking Places,Public_transport,Public_transport
835,79,Elderly,13938,Low,2_person,married_couple,1,F&B Eatery/Drinking Places,Car,Car
46024,62,Elderly,0,Debt,3_person,family_single,1,F&B Eatery/Drinking Places,Car,Car
47162,33,Adult,51572,Moderate,4_person,married_couple,1,F&B Eatery/Limited-Service Restaurants,Public_transport,Public_transport
8624,69,Elderly,25762,Low,1_person,living_alone,0,F&B Eatery/Snack and Nonalcoholic Beverage Bars,Walking,Walking
33941,21,Young Adult,0,Debt,1_person,living_alone,0,F&B Eatery/Full-Service Restaurants,Public_transport,Walking
25494,20,Young Adult,461,Low,3_person,nonfamily_single,0,F&B Eatery/Drinking Places,Walking,Walking
22821,38,Adult,59039,Moderate,1_person,living_alone,1,F&B Eatery/Limited-Service Restaurants,Public_transport,Car
5565,75,Elderly,41113,Moderate,4_person,married_couple,3_plus,F&B Eatery/Limited-Service Restaurants,Public_transport,Car
56409,70,Elderly,14440,Low,1_person,living_alone,1,F&B Eatery/Limited-Service Restaurants,Public_transport,Car
40870,30,Young Adult,106065,Very High,2_person,married_couple,1,F&B Eatery/Snack and Nonalcoholic Beverage Bars,Car,Walking
48885,23,Young Adult,0,Debt,4_person,nonfamily_single,0,F&B Eatery/Limited-Service Restaurants,Walking,Walking
21673,22,Young Adult,21554,Low,4_person,nonfamily_single,3_plus,F&B Eatery/Drinking Places,Car,Walking
28333,39,Adult,53635,Moderate,3_person,family_single,0,F&B Eatery/Full-Service Restaurants,Public_transport,Walking
40866,29,Young Adult,100187,Very High,2_person,nonfamily_single,1,F&B Eatery/Full-Service Restaurants,Walking,Car
4951,20,Young Adult,0,Debt,5_person,family_single,2,F&B Eatery/Limited-Service Restaurants,Public_transport,Car
15194,50,Middle Age,227571,Ultra High,2_person,married_couple,2,F&B Eatery/Full-Service Restaurants,Walking,Car
49402,59,Senior,44293,Moderate,4_person,married_couple,0,F&B Eatery/Snack and Nonalcoholic Beverage Bars,Walking,Walking
18799,43,Middle Age,0,Debt,2_person,family_single,0,F&B Eatery/Full-Service Restaurants,Walking,Walking
57104,67,Elderly,1777,Low,1_person,living_alone,1,F&B Eatery/Snack and Nonalcoholic Beverage Bars,Walking,Car
67163,21,Young Adult,0,Debt,3_person,family_single,0,F&B Eatery/Limited-Service Restaurants,Walking,Walking
23718,49,Middle Age,217174,Ultra High,2_person,married_couple,1,F&B Eatery/Full-Service Restaurants,Car,Car
19177,19,Young Adult,0,Debt,4_person,family_single,1,F&B Eatery/Drinking Places,Car,Walking
59294,39,Adult,287684,Ultra High,1_person,living_alone,1,F&B Eatery/Full-Service Restaurants,Car,Car
11332,26,Young Adult,2576,Low,5_person,family_single,0,F&B Eatery/Full-Service Restaurants,Walking,Walking
40563,95,Elderly,7593,Low,7_plus_person,family_single,3_plus,F&B Eatery/Full-Service Restaurants,Car,Car
6731,56,Senior,582882,Ultra High,1_person,living_alone,1,F&B Eatery/Full-Service Restaurants,Car,Car
36175,21,Young Adult,0,Debt,3_person,nonfamily_single,0,F&B Eatery/Full-Service Restaurants,Walking,Walking
27675,44,Middle Age,11593,Low,2_person,married_couple,1,F&B Eatery/Full-Service Restaurants,Walking,Car
25009,22,Young Adult,72201,High,4_person,nonfamily_single,3_plus,F&B Eatery/Limited-Service Restaurants,Walking,Walking
60550,70,Elderly,0,Debt,2_person,married_couple,1,F&B Eatery/Full-Service Restaurants,Car,Car
56574,61,Elderly,13821,Low,1_person,living_alone,0,F&B Eatery/Full-Service Restaurants,Public_transport,Walking
48552,32,Adult,0,Debt,5_person,married_couple,1,F&B Eatery/Full-Service Restaurants,Car,Car
8963,63,Elderly,10727,Low,1_person,living_alone,1,F&B Eatery/Snack and Nonalcoholic Beverage Bars,Car,Car
34765,72,Elderly,87673,High,2_person,family_single,1,F&B Eatery/Full-Service Restaurants,Car,Car
65537,34,Adult,148529,Ultra High,2_person,nonfamily_single,1,F&B Eatery/Limited-Service Restaurants,Car,Car
8417,31,Adult,45456,Moderate,2_person,married_couple,1,F&B Eatery/Full-Service Restaurants,Car,Car
12278,23,Young Adult,84368,High,3_person,nonfamily_single,1,F&B Eatery/Full-Service Restaurants,Walking,Walking
30328,35,Adult,9081,Low,6_person,family_single,2,F&B Eatery/Snack and Nonalcoholic Beverage Bars,Walking,Car
27710,59,Senior,0,Debt,1_person,living_alone,1,F&B Eatery/Full-Service Restaurants,Walking,Car
5629,63,Elderly,6188,Low,1_person,living_alone,1,F&B Eatery/Full-Service Restaurants,Car,Car
36770,50,Middle Age,47457,Moderate,4_person,married_couple,1,F&B Eatery/Snack and Nonalcoholic Beverage Bars,Car,Car
62297,63,Elderly,7487,Low,2_person,married_couple,1,F&B Eatery/Full-Service Restaurants,Car,Car
37521,58,Senior,34034,Moderate,1_person,living_alone,1,F&B Eatery/Full-Service Restaurants,Walking,Car
42292,43,Middle Age,25253,Low,2_person,married_couple,1,F&B Eatery/Drinking Places,Walking,Car
49724,28,Young Adult,56184,Moderate,4_person,nonfamily_single,2,F&B Eatery/Full-Service Restaurants,Car,Public_transport
62886,25,Young Adult,52527,Moderate,2_person,nonfamily_single,2,F&B Eatery/Snack and Nonalcoholic Beverage Bars,Walking,Car
53348,80,Elderly,30685,Moderate,2_person,nonfamily_single,2,F&B Eatery/Drinking Places,Car,Car
26019,37,Adult,101014,Very High,3_person,married_couple,0,F&B Eatery/Full-Service Restaurants,Car,Public_transport
3681,48,Middle Age,59901,Moderate,2_person,family_single,1,F&B Eatery/Limited-Service Restaurants,Car,Car
19403,85,Elderly,105311,Very High,1_person,living_alone,1,F&B Eatery/Snack and Nonalcoholic Beverage Bars,Car,Car
53462,51,Senior,13709,Low,3_person,married_couple,2,F&B Eatery/Full-Service Restaurants,Car,Car
40216,33,Adult,183787,Ultra High,1_person,living_alone,1,F&B Eatery/Drinking Places,Public_transport,Car
29475,69,Elderly,33272,Moderate,2_person,nonfamily_single,1,F&B Eatery/Full-Service Restaurants,Car,Car
59354,22,Young Adult,25253,Low,3_person,family_single,3_plus,F&B Eatery/Snack and Nonalcoholic Beverage Bars,Car,Walking
45903,38,Adult,46460,Moderate,4_person,family_single,1,F&B Eatery/Full-Service Restaurants,Car,Public_transport
3985,54,Senior,79801,High,3_person,married_couple,1,F&B Eatery/Full-Service Restaurants,Walking,Car
15198,78,Elderly,288757,Ultra High,2_person,married_couple,2,F&B Eatery/Full-Service Restaurants,Car,Car
66351,72,Elderly,12377,Low,2_person,married_couple,2,F&B Eatery/Drinking Places,Car,Car
41973,22,Young Adult,32324,Moderate,3_person,nonfamily_single,1,F&B Eatery/Snack and Nonalcoholic Beverage Bars,Public_transport,Car
60526,21,Young Adult,0,Debt,3_person,married_couple,2,F&B Eatery/Drinking Places,Car,Public_transport
51721,48,Middle Age,99132,Very High,2_person,married_couple,2,F&B Eatery/Limited-Service Restaurants,Public_transport,Walking
20786,34,Adult,64828,High,2_person,nonfamily_single,0,F&B Eatery/Full-Service Restaurants,Public_transport,Walking
37045,56,Senior,53672,Moderate,2_person,married_couple,1,F&B Eatery/Full-Service Restaurants,Walking,Car
3666,30,Young Adult,127278,Ultra High,2_person,nonfamily_single,1,F&B Eatery/Snack and Nonalcoholic Beverage Bars,Public_transport,Walking
8412,19,Young Adult,5942,Low,2_person,nonfamily_single,0,F&B Eatery/Snack and Nonalcoholic Beverage Bars,Public_transport,Walking
55044,59,Senior,190040,Ultra High,2_person,married_couple,1,F&B Eatery/Drinking Places,Walking,Car
18830,50,Middle Age,18367,Low,4_person,married_couple,2,F&B Eatery/Snack and Nonalcoholic Beverage Bars,Car,Public_transport
23205,61,Elderly,328462,Ultra High,2_person,nonfamily_single,1,F&B Eatery/Full-Service Restaurants,Public_transport,Car
33422,62,Elderly,8889,Low,7_plus_person,nonfamily_single,0,F&B Eatery/Full-Service Restaurants,Car,Public_transport
39288,21,Young Adult,0,Debt,3_person,nonfamily_single,0,F&B Eatery/Drinking Places,Car,Walking
46762,25,Young Adult,50507,Moderate,4_person,nonfamily_single,3_plus,F&B Eatery/Limited-Service Restaurants,Public_transport,Public_transport
22834,46,Middle Age,10314,Low,3_person,married_couple,1,F&B Eatery/Full-Service Restaurants,Walking,Car
25343,50,Middle Age,8889,Low,7_plus_person,nonfamily_single,0,F&B Eatery/Full-Service Restaurants,Walking,Public_transport
19556,24,Young Adult,19288,Low,3_person,nonfamily_single,2,F&B Eatery/Limited-Service Restaurants,Walking,Walking
50375,20,Young Adult,0,Debt,2_person,nonfamily_single,2,F&B Eatery/Snack and Nonalcoholic Beverage Bars,Walking,Walking
48232,26,Young Adult,50507,Moderate,6_person,married_couple,1,F&B Eatery/Snack and Nonalcoholic Beverage Bars,Car,Public_transport
11831,42,Middle Age,410517,Ultra High,2_person,nonfamily_single,1,F&B Eatery/Snack and Nonalcoholic Beverage Bars,Car,Car
28742,27,Young Adult,145863,Ultra High,2_person,nonfamily_single,2,F&B Eatery/Snack and Nonalcoholic Beverage Bars,Car,Car
16928,57,Senior,71921,High,3_person,married_couple,3_plus,F&B Eatery/Limited-Service Restaurants,Car,Public_transport
33972,28,Young Adult,110733,Very High,5_person,nonfamily_single,3_plus,F&B Eatery/Full-Service Restaurants,Walking,Car
35651,28,Young Adult,15819,Low,2_person,married_couple,0,F&B Eatery/Snack and Nonalcoholic Beverage Bars,Public_transport,Public_transport
41381,25,Young Adult,36911,Moderate,2_person,family_single,0,F&B Eatery/Full-Service Restaurants,Public_transport,Walking
42025,47,Middle Age,582882,Ultra High,1_person,living_alone,1,F&B Eatery/Limited-Service Restaurants,Walking,Car
7242,42,Middle Age,201640,Ultra High,3_person,married_couple,2,F&B Eatery/Snack and Nonalcoholic Beverage Bars,Public_transport,Car
2637,63,Elderly,8222,Low,2_person,family_single,0,F&B Eatery/Full-Service Restaurants,Public_transport,Walking
57913,38,Adult,30779,Moderate,6_person,family_single,2,F&B Eatery/Drinking Places,Car,Walking
59533,53,Senior,12641,Low,2_person,family_single,0,F&B Eatery/Limited-Service Restaurants,Public_transport,Public_transport
65829,21,Young Adult,0,Debt,4_person,married_couple,2,F&B Eatery/Full-Service Restaurants,Walking,Car
19049,32,Adult,90913,Very High,2_person,married_couple,1,F&B Eatery/Full-Service Restaurants,Car,Car
60322,19,Young Adult,324,Low,5_person,married_couple,1,F&B Eatery/Limited-Service Restaurants,Public_transport,Public_transport
18252,32,Adult,186876,Ultra High,2_person,nonfamily_single,1,F&B Eatery/Full-Service Restaurants,Walking,Car
48353,43,Middle Age,162070,Ultra High,4_person,married_couple,2,F&B Eatery/Full-Service Restaurants,Walking,Car
877,79,Elderly,18293,Low,1_person,living_alone,0,F&B Eatery/Limited-Service Restaurants,Walking,Walking
27105,41,Middle Age,959691,Ultra High,2_person,nonfamily_single,1,F&B Eatery/Snack and Nonalcoholic Beverage Bars,Walking,Car
57540,27,Young Adult,101977,Very High,2_person,nonfamily_single,0,F&B Eatery/Full-Service Restaurants,Walking,Walking
16482,33,Adult,80811,High,2_person,married_couple,2,F&B Eatery/Full-Service Restaurants,Public_transport,Car
27959,58,Senior,51572,Moderate,1_person,living_alone,3_plus,F&B Eatery/Snack and Nonalcoholic Beverage Bars,Car,Car
4379,23,Young Adult,0,Debt,4_person,married_couple,1,F&B Eatery/Full-Service Restaurants,Car,Car
11957,32,Adult,56729,Moderate,2_person,nonfamily_single,2,F&B Eatery/Limited-Service Restaurants,Walking,Car
19187,53,Senior,41258,Moderate,2_person,married_couple,2,F&B Eatery/Snack and Nonalcoholic Beverage Bars,Public_transport,Car
27573,32,Adult,60608,High,2_person,nonfamily_single,1,F&B Eatery/Snack and Nonalcoholic Beverage Bars,Car,Car
3908,65,Elderly,11344,Low,1_person,living_alone,1,F&B Eatery/Limited-Service Restaurants,Car,Car
10763,31,Adult,117987,Very High,1_person,living_alone,0,F&B Eatery/Limited-Service Restaurants,Walking,Walking
40456,44,Middle Age,103725,Very High,3_person,married_couple,1,F&B Eatery/Full-Service Restaurants,Car,Car
26331,37,Adult,32203,Moderate,3_person,family_single,0,F&B Eatery/Snack and Nonalcoholic Beverage Bars,Walking,Walking
55648,69,Elderly,26259,Low,2_person,married_couple,1,F&B Eatery/Snack and Nonalcoholic Beverage Bars,Car,Car
66125,68,Elderly,81683,High,4_person,married_couple,2,F&B Eatery/Full-Service Restaurants,Car,Car
24831,43,Middle Age,115932,Very High,1_person,living_alone,1,F&B Eatery/Limited-Service Restaurants,Walking,Car
20836,27,Young Adult,64828,High,2_person,nonfamily_single,1,F&B Eatery/Full-Service Restaurants,Walking,Walking
30297,47,Middle Age,633360,Ultra High,2_person,nonfamily_single,1,F&B Eatery/Full-Service Restaurants,Walking,Car
40843,36,Adult,64330,High,4_person,married_couple,2,F&B Eatery/Full-Service Restaurants,Public_transport,Car
14635,31,Adult,15152,Low,3_person,married_couple,2,F&B Eatery/Snack and Nonalcoholic Beverage Bars,Car,Walking
32152,23,Young Adult,702,Low,2_person,family_single,1,F&B Eatery/Limited-Service Restaurants,Walking,Walking
13161,22,Young Adult,0,Debt,3_person,nonfamily_single,0,F&B Eatery/Limited-Service Restaurants,Walking,Walking
56116,44,Middle Age,16207,Low,4_person,married_couple,1,F&B Eatery/Full-Service Restaurants,Walking,Car
31390,29,Young Adult,43218,Moderate,1_person,living_alone,0,F&B Eatery/Snack and Nonalcoholic Beverage Bars,Public_transport,Walking
6479,41,Middle Age,6915,Low,2_person,family_single,0,F&B Eatery/Snack and Nonalcoholic Beverage Bars,Public_transport,Walking
4711,82,Elderly,21683,Low,2_person,family_single,0,F&B Eatery/Full-Service Restaurants,Public_transport,Walking
41214,52,Senior,0,Debt,4_person,family_single,1,F&B Eatery/Full-Service Restaurants,Public_transport,Car
12476,59,Senior,595338,Ultra High,4_person,married_couple,1,F&B Eatery/Limited-Service Restaurants,Walking,Car
33757,89,Elderly,17018,Low,1_person,living_alone,0,F&B Eatery/Snack and Nonalcoholic Beverage Bars,Public_transport,Walking
56463,71,Elderly,16915,Low,2_person,married_couple,0,F&B Eatery/Full-Service Restaurants,Public_transport,Public_transport
35450,55,Senior,0,Debt,3_person,family_single,1,F&B Eatery/Full-Service Restaurants,Car,Car
53910,58,Senior,0,Debt,4_person,family_single,1,F&B Eatery/Snack and Nonalcoholic Beverage Bars,Car,Car
51660,34,Adult,158190,Ultra High,2_person,nonfamily_single,1,F&B Eatery/Drinking Places,Walking,Car
26535,32,Adult,64406,High,2_person,nonfamily_single,1,F&B Eatery/Limited-Service Restaurants,Walking,Car
42470,30,Young Adult,595338,Ultra High,1_person,living_alone,2,F&B Eatery/Full-Service Restaurants,Walking,Car
20698,52,Senior,110315,Very High,1_person,living_alone,1,F&B Eatery/Snack and Nonalcoholic Beverage Bars,Walking,Car
17392,65,Elderly,28200,Low,1_person,living_alone,0,F&B Eatery/Full-Service Restaurants,Walking,Walking
39148,37,Adult,75141,High,2_person,married_couple,1,F&B Eatery/Full-Service Restaurants,Car,Car
54508,21,Young Adult,101014,Very High,1_person,living_alone,1,F&B Eatery/Snack and Nonalcoholic Beverage Bars,Walking,Car
23023,43,Middle Age,125593,Ultra High,1_person,living_alone,1,F&B Eatery/Limited-Service Restaurants,Car,Car
22356,74,Elderly,246883,Ultra High,7_plus_person,married_couple,1,F&B Eatery/Full-Service Restaurants,Public_transport,Car
58588,34,Adult,0,Debt,4_person,married_couple,2,F&B Eatery/Drinking Places,Public_transport,Car
52886,25,Young Adult,58003,Moderate,4_person,nonfamily_single,0,F&B Eatery/Full-Service Restaurants,Public_transport,Walking
60660,43,Middle Age,75931,High,3_person,married_couple,0,F&B Eatery/Full-Service Restaurants,Public_transport,Public_transport
43964,47,Middle Age,15342,Low,3_person,married_couple,1,F&B Eatery/Full-Service Restaurants,Car,Car
40555,20,Young Adult,2525,Low,6_person,family_single,2,F&B Eatery/Drinking Places,Car,Car
22538,48,Middle Age,0,Debt,3_person,family_single,2,F&B Eatery/Drinking Places,Car,Car
29571,59,Senior,3435,Low,3_person,married_couple,1,F&B Eatery/Limited-Service Restaurants,Walking,Car
27200,26,Young Adult,33813,Moderate,5_person,nonfamily_single,3_plus,F&B Eatery/Snack and Nonalcoholic Beverage Bars,Car,Car
51028,37,Adult,42246,Moderate,4_person,married_couple,3_plus,F&B Eatery/Full-Service Restaurants,Car,Car
48867,88,Elderly,10005,Low,2_person,nonfamily_single,3_plus,F&B Eatery/Drinking Places,Car,Car
36591,24,Young Adult,0,Debt,2_person,nonfamily_single,2,F&B Eatery/Full-Service Restaurants,Car,Walking
21646,27,Young Adult,96610,Very High,2_person,nonfamily_single,0,F&B Eatery/Full-Service Restaurants,Walking,Walking
8446,27,Young Adult,81035,High,4_person,nonfamily_single,0,F&B Eatery/Limited-Service Restaurants,Car,Walking
60666,24,Young Adult,45456,Moderate,3_person,family_single,1,F&B Eatery/Full-Service Restaurants,Public_transport,Car
29087,52,Senior,9697,Low,2_person,married_couple,1,F&B Eatery/Snack and Nonalcoholic Beverage Bars,Walking,Car
37927,86,Elderly,27876,Low,3_person,family_single,1,F&B Eatery/Full-Service Restaurants,Car,Car
1798,61,Elderly,8889,Low,7_plus_person,nonfamily_single,0,F&B Eatery/Snack and Nonalcoholic Beverage Bars,Car,Public_transport
55934,21,Young Adult,0,Debt,3_person,family_single,0,F&B Eatery/Snack and Nonalcoholic Beverage Bars,Public_transport,Walking
17143,32,Adult,21609,Low,4_person,married_couple,1,F&B Eatery/Full-Service Restaurants,Public_transport,Public_transport
54633,39,Adult,105886,Very High,2_person,nonfamily_single,1,F&B Eatery/Full-Service Restaurants,Walking,Car
654,32,Adult,30304,Moderate,3_person,family_single,0,F&B Eatery/Drinking Places,Public_transport,Walking
62157,54,Senior,182051,Ultra High,2_person,married_couple,1,F&B Eatery/Full-Service Restaurants,Walking,Car
5812,49,Middle Age,8990,Low,7_plus_person,married_couple,1,F&B Eatery/Full-Service Restaurants,Walking,Car
21672,27,Young Adult,32324,Moderate,3_person,nonfamily_single,0,F&B Eatery/Full-Service Restaurants,Public_transport,Walking
2892,27,Young Adult,38644,Moderate,2_person,nonfamily_single,0,F&B Eatery/Full-Service Restaurants,Public_transport,Walking
48947,95,Elderly,32697,Moderate,5_person,married_couple,3_plus,F&B Eatery/Full-Service Restaurants,Car,Car
11593,23,Young Adult,0,Debt,5_person,family_single,2,F&B Eatery/Drinking Places,Walking,Car
5636,27,Young Adult,2109,Low,4_person,nonfamily_single,1,F&B Eatery/Limited-Service Restaurants,Public_transport,Car
9612,45,Middle Age,216604,Ultra High,2_person,married_couple,0,F&B Eatery/Drinking Places,Walking,Walking
3044,35,Adult,31638,Moderate,4_person,married_couple,0,F&B Eatery/Limited-Service Restaurants,Walking,Public_transport
43790,53,Senior,2320,Low,2_person,married_couple,1,F&B Eatery/Limited-Service Restaurants,Car,Car
24904,23,Young Adult,31920,Moderate,6_person,nonfamily_single,3_plus,F&B Eatery/Limited-Service Restaurants,Car,Car
21691,52,Senior,2809,Low,2_person,family_single,1,F&B Eatery/Full-Service Restaurants,Walking,Car
41213,95,Elderly,55366,Moderate,1_person,living_alone,1,F&B Eatery/Full-Service Restaurants,Car,Car
62044,20,Young Adult,0,Debt,3_person,nonfamily_single,0,F&B Eatery/Limited-Service Restaurants,Walking,Walking
56470,22,Young Adult,0,Debt,2_person,nonfamily_single,1,F&B Eatery/Full-Service Restaurants,Public_transport,Walking
6159,40,Adult,5402,Low,6_person,family_single,1,F&B Eatery/Full-Service Restaurants,Public_transport,Public_transport
13515,50,Middle Age,340379,Ultra High,1_person,living_alone,1,F&B Eatery/Full-Service Restaurants,Walking,Car
52311,27,Young Adult,66989,High,1_person,living_alone,3_plus,F&B Eatery/Full-Service Restaurants,Car,Car
45337,76,Elderly,23293,Low,1_person,living_alone,1,F&B Eatery/Snack and Nonalcoholic Beverage Bars,Car,Car
6022,24,Young Adult,27011,Low,3_person,family_single,0,F&B Eatery/Limited-Service Restaurants,Walking,Walking
37860,35,Adult,69150,High,1_person,living_alone,1,F&B Eatery/Full-Service Restaurants,Car,Car
65049,22,Young Adult,32324,Moderate,3_person,nonfamily_single,1,F&B Eatery/Limited-Service Restaurants,Public_transport,Car
13569,22,Young Adult,6363,Low,3_person,nonfamily_single,0,F&B Eatery/Snack and Nonalcoholic Beverage Bars,Public_transport,Walking
11211,77,Elderly,12881,Low,2_person,family_single,1,F&B Eatery/Full-Service Restaurants,Car,Car
11221,64,Elderly,15471,Low,1_person,living_alone,0,F&B Eatery/Snack and Nonalcoholic Beverage Bars,Public_transport,Walking
47588,28,Young Adult,0,Debt,3_person,married_couple,0,F&B Eatery/Limited-Service Restaurants,Car,Walking
10828,30,Young Adult,31638,Moderate,2_person,family_single,1,F&B Eatery/Limited-Service Restaurants,Walking,Car
23121,30,Young Adult,48168,Moderate,3_person,married_couple,2,F&B Eatery/Full-Service Restaurants,Public_transport,Car
4763,30,Young Adult,140461,Ultra High,2_person,married_couple,1,F&B Eatery/Full-Service Restaurants,Public_transport,Walking
50283,34,Adult,0,Debt,4_person,married_couple,2,F&B Eatery/Drinking Places,Walking,Car
27594,68,Elderly,14546,Low,1_person,living_alone,0,F&B Eatery/Full-Service Restaurants,Public_transport,Walking
3659,27,Young Adult,96610,Very High,2_person,nonfamily_single,0,F&B Eatery/Limited-Service Restaurants,Walking,Walking
3326,62,Elderly,96161,Very High,1_person,living_alone,1,F&B Eatery/Full-Service Restaurants,Car,Car
9465,32,Adult,55557,Moderate,2_person,nonfamily_single,1,F&B Eatery/Snack and Nonalcoholic Beverage Bars,Car,Car
47801,70,Elderly,10862,Low,1_person,living_alone,0,F&B Eatery/Drinking Places,Public_transport,Walking
2663,68,Elderly,27952,Low,5_person,family_single,2,F&B Eatery/Full-Service Restaurants,Car,Car
55385,24,Young Adult,33220,Moderate,1_person,living_alone,0,F&B Eatery/Snack and Nonalcoholic Beverage Bars,Walking,Walking
54530,52,Senior,291931,Ultra High,1_person,living_alone,1,F&B Eatery/Drinking Places,Walking,Car
25938,53,Senior,64828,High,4_person,family_single,1,F&B Eatery/Snack and Nonalcoholic Beverage Bars,Public_transport,Car
63832,20,Young Adult,6464,Low,7_plus_person,nonfamily_single,0,F&B Eatery/Full-Service Restaurants,Walking,Walking
27829,20,Young Adult,0,Debt,4_person,married_couple,1,F&B Eatery/Limited-Service Restaurants,Public_transport,Car
21917,28,Young Adult,86437,High,3_person,nonfamily_single,1,F&B Eatery/Drinking Places,Car,Walking
11673,27,Young Adult,69774,High,3_person,nonfamily_single,0,F&B Eatery/Limited-Service Restaurants,Walking,Walking
49156,42,Middle Age,76327,High,4_person,married_couple,1,F&B Eatery/Full-Service Restaurants,Car,Car
30831,64,Elderly,40075,Moderate,4_person,married_couple,3_plus,F&B Eatery/Drinking Places,Car,Car
64043,68,Elderly,7995,Low,3_person,married_couple,1,F&B Eatery/Full-Service Restaurants,Car,Car
60642,27,Young Adult,0,Debt,2_person,married_couple,1,F&B Eatery/Limited-Service Restaurants,Walking,Public_transport
34695,26,Young Adult,0,Debt,3_person,married_couple,2,F&B Eatery/Snack and Nonalcoholic Beverage Bars,Public_transport,Public_transport
61846,71,Elderly,8643,Low,1_person,living_alone,2,F&B Eatery/Limited-Service Restaurants,Car,Car
46900,61,Elderly,45084,Moderate,7_plus_person,married_couple,3_plus,F&B Eatery/Full-Service Restaurants,Car,Car
33313,56,Senior,0,Debt,7_plus_person,married_couple,3_plus,F&B Eatery/Drinking Places,Car,Car
21271,71,Elderly,0,Debt,1_person,living_alone,0,F&B Eatery/Snack and Nonalcoholic Beverage Bars,Public_transport,Walking
2880,33,Adult,21609,Low,5_person,family_single,1,F&B Eatery/Special Food Services,Walking,Car
22223,37,Adult,27011,Low,5_person,family_single,1,F&B Eatery/Special Food Services,Car,Car
52533,70,Elderly,27273,Low,2_person,married_couple,2,F&B Eatery/Snack and Nonalcoholic Beverage Bars,Car,Car
46330,22,Young Adult,54023,Moderate,2_person,nonfamily_single,0,F&B Eatery/Full-Service Restaurants,Public_transport,Walking
42262,59,Senior,63276,High,3_person,family_single,3_plus,F&B Eatery/Limited-Service Restaurants,Car,Car
9145,68,Elderly,468923,Ultra High,2_person,married_couple,1,F&B Eatery/Full-Service Restaurants,Car,Car
32018,23,Young Adult,43218,Moderate,5_person,nonfamily_single,1,F&B Eatery/Limited-Service Restaurants,Car,Car
21341,26,Young Adult,28474,Low,2_person,nonfamily_single,1,F&B Eatery/Full-Service Restaurants,Walking,Walking
29412,22,Young Adult,6482,Low,5_person,family_single,0,F&B Eatery/Limited-Service Restaurants,Public_transport,Walking
63560,31,Adult,0,Debt,4_person,nonfamily_single,1,F&B Eatery/Full-Service Restaurants,Car,Walking
11154,29,Young Adult,50093,Moderate,3_person,nonfamily_single,1,F&B Eatery/Full-Service Restaurants,Public_transport,Car
27689,52,Senior,15242,Low,1_person,living_alone,1,F&B Eatery/Snack and Nonalcoholic Beverage Bars,Walking,Car
16195,55,Senior,91799,Very High,1_person,living_alone,1,F&B Eatery/Full-Service Restaurants,Car,Car
54872,24,Young Adult,10101,Low,2_person,nonfamily_single,1,F&B Eatery/Snack and Nonalcoholic Beverage Bars,Car,Walking
37388,54,Senior,73822,High,1_person,living_alone,1,F&B Eatery/Full-Service Restaurants,Car,Car
33710,22,Young Adult,36911,Moderate,7_plus_person,family_single,3_plus,F&B Eatery/Snack and Nonalcoholic Beverage Bars,Public_transport,Car
66477,21,Young Adult,0,Debt,5_person,married_couple,2,F&B Eatery/Limited-Service Restaurants,Public_transport,Car
19619,35,Adult,31638,Moderate,4_person,married_couple,0,F&B Eatery/Snack and Nonalcoholic Beverage Bars,Public_transport,Public_transport
65858,63,Elderly,0,Debt,5_person,married_couple,1,F&B Eatery/Snack and Nonalcoholic Beverage Bars,Car,Car
52409,25,Young Adult,33747,Moderate,3_person,married_couple,2,F&B Eatery/Limited-Service Restaurants,Car,Car
49345,27,Young Adult,74851,High,2_person,married_couple,1,F&B Eatery/Full-Service Restaurants,Walking,Walking
49290,36,Adult,633360,Ultra High,3_person,married_couple,1,F&B Eatery/Limited-Service Restaurants,Walking,Car
41136,60,Senior,0,Debt,2_person,married_couple,0,F&B Eatery/Full-Service Restaurants,Walking,Public_transport
41395,65,Elderly,13073,Low,1_person,living_alone,0,F&B Eatery/Full-Service Restaurants,Walking,Walking
24918,24,Young Adult,43218,Moderate,5_person,nonfamily_single,0,F&B Eatery/Snack and Nonalcoholic Beverage Bars,Walking,Public_transport
31625,82,Elderly,54272,Moderate,1_person,living_alone,0,F&B Eatery/Full-Service Restaurants,Walking,Public_transport
16692,45,Middle Age,166384,Ultra High,3_person,married_couple,1,F&B Eatery/Full-Service Restaurants,Public_transport,Car
32427,63,Elderly,53672,Moderate,4_person,married_couple,3_plus,F&B Eatery/Full-Service Restaurants,Car,Car
50717,33,Adult,150282,Ultra High,1_person,living_alone,0,F&B Eatery/Limited-Service Restaurants,Walking,Walking
44924,24,Young Adult,0,Debt,5_person,married_couple,2,F&B Eatery/Full-Service Restaurants,Car,Car
6727,32,Adult,85875,High,1_person,living_alone,0,F&B Eatery/Full-Service Restaurants,Public_transport,Walking
51287,30,Young Adult,129716,Ultra High,2_person,married_couple,1,F&B Eatery/Full-Service Restaurants,Car,Walking
40701,42,Middle Age,37544,Moderate,6_person,family_single,3_plus,F&B Eatery/Snack and Nonalcoholic Beverage Bars,Car,Car
66274,22,Young Adult,10372,Low,4_person,nonfamily_single,1,F&B Eatery/Full-Service Restaurants,Walking,Car
23548,20,Young Adult,0,Debt,1_person,living_alone,0,F&B Eatery/Full-Service Restaurants,Public_transport,Walking
29553,26,Young Adult,0,Debt,2_person,nonfamily_single,1,F&B Eatery/Full-Service Restaurants,Car,Walking
20914,32,Adult,61167,High,2_person,nonfamily_single,1,F&B Eatery/Special Food Services,Public_transport,Car
53026,29,Young Adult,113785,Very High,2_person,nonfamily_single,0,F&B Eatery/Limited-Service Restaurants,Walking,Walking
57939,29,Young Adult,75633,High,1_person,living_alone,1,F&B Eatery/Snack and Nonalcoholic Beverage Bars,Car,Walking
23777,35,Adult,92211,Very High,2_person,married_couple,2,F&B Eatery/Snack and Nonalcoholic Beverage Bars,Public_transport,Car
51428,90,Elderly,382821,Ultra High,2_person,married_couple,1,F&B Eatery/Limited-Service Restaurants,Walking,Car
23456,23,Young Adult,0,Debt,7_plus_person,family_single,1,F&B Eatery/Limited-Service Restaurants,Car,Walking
31406,28,Young Adult,18982,Low,4_person,married_couple,1,F&B Eatery/Limited-Service Restaurants,Car,Public_transport
12817,63,Elderly,192992,Ultra High,2_person,family_single,0,F&B Eatery/Full-Service Restaurants,Public_transport,Public_transport
64372,83,Elderly,57322,Moderate,1_person,living_alone,1,F&B Eatery/Full-Service Restaurants,Public_transport,Car
28960,84,Elderly,7836,Low,2_person,married_couple,0,F&B Eatery/Full-Service Restaurants,Walking,Public_transport
60803,24,Young Adult,34344,Moderate,5_person,married_couple,3_plus,F&B Eatery/Limited-Service Restaurants,Walking,Car
8646,28,Young Adult,57578,Moderate,1_person,living_alone,1,F&B Eatery/Snack and Nonalcoholic Beverage Bars,Public_transport,Car
2623,60,Senior,1515,Low,7_plus_person,nonfamily_single,0,F&B Eatery/Full-Service Restaurants,Car,Public_transport
22302,88,Elderly,62327,High,1_person,living_alone,1,F&B Eatery/Full-Service Restaurants,Car,Car
29148,64,Elderly,9899,Low,2_person,married_couple,1,F&B Eatery/Full-Service Restaurants,Car,Car
41302,48,Middle Age,151673,Ultra High,1_person,living_alone,1,F&B Eatery/Full-Service Restaurants,Car,Car
51069,40,Adult,39717,Moderate,2_person,nonfamily_single,0,F&B Eatery/Snack and Nonalcoholic Beverage Bars,Public_transport,Walking
49383,80,Elderly,73580,High,2_person,married_couple,1,F&B Eatery/Limited-Service Restaurants,Car,Car
41139,25,Young Adult,0,Debt,4_person,nonfamily_single,0,F&B Eatery/Limited-Service Restaurants,Walking,Walking
59218,23,Young Adult,16101,Low,3_person,nonfamily_single,0,F&B Eatery/Full-Service Restaurants,Public_transport,Walking
33505,21,Young Adult,0,Debt,4_person,family_single,0,F&B Eatery/Snack and Nonalcoholic Beverage Bars,Public_transport,Walking
19222,20,Young Adult,0,Debt,3_person,nonfamily_single,0,F&B Eatery/Limited-Service Restaurants,Walking,Walking
37706,29,Young Adult,80508,High,2_person,nonfamily_single,1,F&B Eatery/Snack and Nonalcoholic Beverage Bars,Public_transport,Walking
24600,64,Elderly,0,Debt,2_person,married_couple,1,F&B Eatery/Drinking Places,Car,Car
62098,24,Young Adult,45456,Moderate,3_person,family_single,1,F&B Eatery/Full-Service Restaurants,Walking,Car
46825,30,Young Adult,67627,High,2_person,married_couple,1,F&B Eatery/Full-Service Restaurants,Public_transport,Walking
47647,74,Elderly,61990,High,3_person,married_couple,1,F&B Eatery/Limited-Service Restaurants,Walking,Car
14249,65,Elderly,12425,Low,2_person,married_couple,0,F&B Eatery/Limited-Service Restaurants,Public_transport,Public_transport
40115,62,Elderly,293952,Ultra High,1_person,living_alone,2,F&B Eatery/Snack and Nonalcoholic Beverage Bars,Car,Car
66411,31,Adult,206290,Ultra High,2_person,married_couple,1,F&B Eatery/Drinking Places,Walking,Car
57453,37,Adult,0,Debt,4_person,family_single,1,F&B Eatery/Full-Service Restaurants,Car,Car
54857,29,Young Adult,51572,Moderate,2_person,nonfamily_single,1,F&B Eatery/Snack and Nonalcoholic Beverage Bars,Car,Car
61832,35,Adult,36911,Moderate,4_person,married_couple,2,F&B Eatery/Limited-Service Restaurants,Car,Public_transport
42281,70,Elderly,14852,Low,2_person,married_couple,0,F&B Eatery/Limited-Service Restaurants,Car,Public_transport
55087,31,Adult,79435,High,4_person,married_couple,2,F&B Eatery/Limited-Service Restaurants,Walking,Car
42955,59,Senior,7645,Low,1_person,living_alone,1,F&B Eatery/Limited-Service Restaurants,Walking,Car
39263,26,Young Adult,0,Debt,7_plus_person,nonfamily_single,1,F&B Eatery/Full-Service Restaurants,Walking,Walking
755,27,Young Adult,15558,Low,1_person,living_alone,0,F&B Eatery/Full-Service Restaurants,Walking,Walking
21304,35,Adult,151265,Ultra High,2_person,married_couple,1,F&B Eatery/Snack and Nonalcoholic Beverage Bars,Car,Car
2779,26,Young Adult,52730,Moderate,2_person,nonfamily_single,1,F&B Eatery/Full-Service Restaurants,Car,Car
24503,38,Adult,268924,Ultra High,2_person,nonfamily_single,1,F&B Eatery/Drinking Places,Car,Car
46097,26,Young Adult,36952,Moderate,3_person,family_single,1,F&B Eatery/Full-Service Restaurants,Walking,Car
48570,58,Senior,25786,Low,2_person,nonfamily_single,2,F&B Eatery/Full-Service Restaurants,Public_transport,Car
58144,33,Adult,69150,High,1_person,living_alone,0,F&B Eatery/Limited-Service Restaurants,Public_transport,Walking
64540,30,Young Adult,53028,Moderate,2_person,family_single,1,F&B Eatery/Limited-Service Restaurants,Public_transport,Car
43046,50,Middle Age,8889,Low,7_plus_person,nonfamily_single,0,F&B Eatery/Full-Service Restaurants,Car,Public_transport
30077,32,Adult,111621,Very High,2_person,married_couple,0,F&B Eatery/Limited-Service Restaurants,Public_transport,Public_transport
38968,35,Adult,17287,Low,3_person,nonfamily_single,0,F&B Eatery/Full-Service Restaurants,Walking,Walking
20308,65,Elderly,0,Debt,5_person,married_couple,1,F&B Eatery/Full-Service Restaurants,Walking,Car
16453,38,Adult,129887,Ultra High,1_person,living_alone,1,F&B Eatery/Full-Service Restaurants,Walking,Car
21751,20,Young Adult,16101,Low,3_person,nonfamily_single,0,F&B Eatery/Full-Service Restaurants,Walking,Walking
8084,45,Middle Age,633512,Ultra High,1_person,living_alone,1,F&B Eatery/Snack and Nonalcoholic Beverage Bars,Walking,Car
15047,50,Middle Age,126552,Ultra High,3_person,married_couple,1,F&B Eatery/Full-Service Restaurants,Public_transport,Car
48247,27,Young Adult,64406,High,2_person,nonfamily_single,2,F&B Eatery/Full-Service Restaurants,Car,Walking
38450,35,Adult,101082,Very High,2_person,married_couple,0,F&B Eatery/Limited-Service Restaurants,Car,Public_transport
66635,84,Elderly,142160,Ultra High,1_person,living_alone,1,F&B Eatery/Limited-Service Restaurants,Car,Car
48421,27,Young Adult,49396,Moderate,2_person,married_couple,1,F&B Eatery/Full-Service Restaurants,Car,Car
8433,62,Elderly,12881,Low,5_person,married_couple,3_plus,F&B Eatery/Full-Service Restaurants,Car,Car
18064,36,Adult,57966,Moderate,3_person,married_couple,2,F&B Eatery/Snack and Nonalcoholic Beverage Bars,Walking,Car
40325,23,Young Adult,55557,Moderate,4_person,nonfamily_single,2,F&B Eatery/Limited-Service Restaurants,Car,Public_transport
41337,61,Elderly,13954,Low,3_person,family_single,1,F&B Eatery/Limited-Service Restaurants,Car,Car
42429,43,Middle Age,8973,Low,2_person,family_single,2,F&B Eatery/Limited-Service Restaurants,Public_transport,Car
15734,48,Middle Age,0,Debt,4_person,married_couple,1,F&B Eatery/Snack and Nonalcoholic Beverage Bars,Public_transport,Car
38729,80,Elderly,73580,High,2_person,married_couple,1,F&B Eatery/Limited-Service Restaurants,Car,Car
18987,67,Elderly,50025,Moderate,7_plus_person,family_single,2,F&B Eatery/Full-Service Restaurants,Walking,Car
12373,35,Adult,25476,Low,4_person,nonfamily_single,0,F&B Eatery/Full-Service Restaurants,Public_transport,Walking
30251,30,Young Adult,134181,Ultra High,2_person,nonfamily_single,1,F&B Eatery/Limited-Service Restaurants,Car,Walking
7868,28,Young Adult,98757,Very High,2_person,nonfamily_single,1,F&B Eatery/Full-Service Restaurants,Public_transport,Car
1269,31,Adult,83196,High,2_person,married_couple,2,F&B Eatery/Full-Service Restaurants,Car,Car
21797,29,Young Adult,97242,Very High,1_person,living_alone,1,F&B Eatery/Limited-Service Restaurants,Walking,Car
46501,58,Senior,20610,Low,2_person,married_couple,2,F&B Eatery/Full-Service Restaurants,Walking,Car
45465,19,Young Adult,0,Debt,4_person,family_single,1,F&B Eatery/Snack and Nonalcoholic Beverage Bars,Car,Walking
62425,23,Young Adult,37965,Moderate,2_person,nonfamily_single,2,F&B Eatery/Limited-Service Restaurants,Walking,Car
31624,29,Young Adult,51572,Moderate,7_plus_person,married_couple,1,F&B Eatery/Drinking Places,Public_transport,Car
28806,28,Young Adult,108624,Very High,1_person,living_alone,1,F&B Eatery/Snack and Nonalcoholic Beverage Bars,Walking,Car
6998,48,Middle Age,596906,Ultra High,3_person,married_couple,1,F&B Eatery/Full-Service Restaurants,Car,Car
30935,60,Senior,67572,High,2_person,married_couple,1,F&B Eatery/Snack and Nonalcoholic Beverage Bars,Car,Car
11283,36,Adult,103051,Very High,1_person,living_alone,0,F&B Eatery/Full-Service Restaurants,Walking,Walking
27302,35,Adult,37570,Moderate,7_plus_person,married_couple,1,F&B Eatery/Drinking Places,Walking,Public_transport
8669,66,Elderly,28092,Low,2_person,married_couple,1,F&B Eatery/Full-Service Restaurants,Car,Car
9521,25,Young Adult,0,Debt,5_person,nonfamily_single,0,F&B Eatery/Full-Service Restaurants,Public_transport,Walking
18667,29,Young Adult,72391,High,2_person,married_couple,1,F&B Eatery/Full-Service Restaurants,Public_transport,Walking
20116,56,Senior,9508,Low,2_person,family_single,0,F&B Eatery/Snack and Nonalcoholic Beverage Bars,Public_transport,Public_transport
9045,27,Young Adult,75632,High,2_person,married_couple,1,F&B Eatery/Limited-Service Restaurants,Car,Walking
23508,59,Senior,8643,Low,1_person,living_alone,0,F&B Eatery/Limited-Service Restaurants,Walking,Public_transport
64347,52,Senior,151863,Ultra High,2_person,family_single,1,F&B Eatery/Snack and Nonalcoholic Beverage Bars,Car,Car
58095,29,Young Adult,27849,Low,3_person,married_couple,1,F&B Eatery/Snack and Nonalcoholic Beverage Bars,Public_transport,Public_transport
54797,26,Young Adult,16207,Low,2_person,nonfamily_single,0,F&B Eatery/Full-Service Restaurants,Walking,Walking
67078,26,Young Adult,38163,Moderate,2_person,nonfamily_single,1,F&B Eatery/Limited-Service Restaurants,Public_transport,Car
67314,66,Elderly,30405,Moderate,5_person,married_couple,2,F&B Eatery/Full-Service Restaurants,Car,Car
41833,20,Young Adult,18182,Low,2_person,family_single,1,F&B Eatery/Full-Service Restaurants,Car,Walking
23004,32,Adult,105460,Very High,2_person,nonfamily_single,1,F&B Eatery/Full-Service Restaurants,Car,Car
23331,27,Young Adult,83842,High,2_person,married_couple,1,F&B Eatery/Full-Service Restaurants,Car,Walking
5127,20,Young Adult,4537,Low,5_person,married_couple,2,F&B Eatery/Snack and Nonalcoholic Beverage Bars,Car,Public_transport
9327,35,Adult,50507,Moderate,2_person,married_couple,1,F&B Eatery/Drinking Places,Car,Car
29140,50,Middle Age,112712,Very High,3_person,family_single,1,F&B Eatery/Snack and Nonalcoholic Beverage Bars,Car,Car
1545,24,Young Adult,27011,Low,3_person,family_single,0,F&B Eatery/Full-Service Restaurants,Walking,Walking
739,58,Senior,313336,Ultra High,2_person,married_couple,1,F&B Eatery/Limited-Service Restaurants,Walking,Car
44340,25,Young Adult,53672,Moderate,3_person,nonfamily_single,1,F&B Eatery/Limited-Service Restaurants,Walking,Car
10875,52,Senior,9508,Low,2_person,family_single,1,F&B Eatery/Full-Service Restaurants,Car,Car
1674,64,Elderly,50507,Moderate,6_person,nonfamily_single,1,F&B Eatery/Full-Service Restaurants,Walking,Car
16121,59,Senior,604394,Ultra High,2_person,married_couple,1,F&B Eatery/Full-Service Restaurants,Car,Car
2567,64,Elderly,259925,Ultra High,3_person,married_couple,1,F&B Eatery/Full-Service Restaurants,Car,Car
29697,83,Elderly,87601,High,1_person,living_alone,0,F&B Eatery/Full-Service Restaurants,Car,Public_transport
39752,73,Elderly,5402,Low,2_person,married_couple,2,F&B Eatery/Full-Service Restaurants,Car,Car
39563,28,Young Adult,0,Debt,1_person,living_alone,1,F&B Eatery/Snack and Nonalcoholic Beverage Bars,Car,Walking
62725,57,Senior,58792,Moderate,2_person,married_couple,2,F&B Eatery/Full-Service Restaurants,Car,Car
52670,77,Elderly,22124,Low,2_person,family_single,2,F&B Eatery/Full-Service Restaurants,Public_transport,Car
4732,73,Elderly,6666,Low,2_person,married_couple,0,F&B Eatery/Full-Service Restaurants,Car,Public_transport
62397,60,Senior,13096,Low,5_person,married_couple,3_plus,F&B Eatery/Full-Service Restaurants,Public_transport,Car
33541,24,Young Adult,0,Debt,3_person,nonfamily_single,0,F&B Eatery/Full-Service Restaurants,Walking,Walking
50017,21,Young Adult,16207,Low,3_person,family_single,0,F&B Eatery/Snack and Nonalcoholic Beverage Bars,Public_transport,Walking
8521,63,Elderly,28890,Low,1_person,living_alone,1,F&B Eatery/Snack and Nonalcoholic Beverage Bars,Walking,Car
21584,21,Young Adult,0,Debt,5_person,nonfamily_single,2,F&B Eatery/Full-Service Restaurants,Walking,Car
3083,70,Elderly,12121,Low,1_person,living_alone,1,F&B Eatery/Limited-Service Restaurants,Car,Car
49793,42,Middle Age,103145,Very High,2_person,married_couple,1,F&B Eatery/Full-Service Restaurants,Walking,Car
32786,30,Young Adult,80811,High,6_person,married_couple,3_plus,F&B Eatery/Limited-Service Restaurants,Walking,Walking
2244,66,Elderly,32203,Moderate,2_person,married_couple,2,F&B Eatery/Drinking Places,Walking,Car
3203,26,Young Adult,73471,High,2_person,nonfamily_single,1,F&B Eatery/Full-Service Restaurants,Public_transport,Walking
40056,32,Adult,134181,Ultra High,3_person,married_couple,1,F&B Eatery/Limited-Service Restaurants,Public_transport,Car
28885,55,Senior,41129,Moderate,4_person,family_single,1,F&B Eatery/Drinking Places,Public_transport,Car
5204,51,Senior,109581,Very High,1_person,living_alone,1,F&B Eatery/Full-Service Restaurants,Walking,Car
30825,35,Adult,10505,Low,2_person,family_single,0,F&B Eatery/Full-Service Restaurants,Public_transport,Public_transport
58209,26,Young Adult,65385,High,3_person,nonfamily_single,3_plus,F&B Eatery/Full-Service Restaurants,Car,Car
46476,26,Young Adult,65659,High,2_person,nonfamily_single,0,F&B Eatery/Snack and Nonalcoholic Beverage Bars,Walking,Walking
53763,43,Middle Age,217181,Ultra High,4_person,married_couple,1,F&B Eatery/Snack and Nonalcoholic Beverage Bars,Walking,Car
58214,62,Elderly,46415,Moderate,2_person,nonfamily_single,2,F&B Eatery/Limited-Service Restaurants,Car,Car
39691,34,Adult,85875,High,1_person,living_alone,1,F&B Eatery/Full-Service Restaurants,Public_transport,Car
20224,19,Young Adult,0,Debt,1_person,living_alone,0,F&B Eatery/Drinking Places,Walking,Walking
64129,61,Elderly,19288,Low,1_person,living_alone,1,F&B Eatery/Full-Service Restaurants,Car,Car
11998,80,Elderly,8889,Low,7_plus_person,nonfamily_single,0,F&B Eatery/Full-Service Restaurants,Car,Public_transport
43965,43,Middle Age,25931,Low,3_person,family_single,1,F&B Eatery/Full-Service Restaurants,Walking,Car
65442,34,Adult,0,Debt,6_person,married_couple,3_plus,F&B Eatery/Full-Service Restaurants,Car,Car
46736,35,Adult,45280,Moderate,2_person,family_single,1,F&B Eatery/Full-Service Restaurants,Walking,Car
1936,47,Middle Age,30254,Moderate,4_person,married_couple,1,F&B Eatery/Limited-Service Restaurants,Public_transport,Car
45689,22,Young Adult,72201,High,4_person,nonfamily_single,3_plus,F&B Eatery/Limited-Service Restaurants,Car,Walking
6665,65,Elderly,8889,Low,7_plus_person,nonfamily_single,0,F&B Eatery/Full-Service Restaurants,Public_transport,Public_transport
3240,28,Young Adult,20202,Low,3_person,married_couple,1,F&B Eatery/Full-Service Restaurants,Public_transport,Public_transport
49697,54,Senior,24689,Low,4_person,married_couple,2,F&B Eatery/Full-Service Restaurants,Car,Public_transport
36077,84,Elderly,142160,Ultra High,1_person,living_alone,1,F&B Eatery/Full-Service Restaurants,Public_transport,Car
10358,66,Elderly,4537,Low,2_person,married_couple,0,F&B Eatery/Snack and Nonalcoholic Beverage Bars,Car,Public_transport
363,27,Young Adult,56948,Moderate,2_person,married_couple,1,F&B Eatery/Limited-Service Restaurants,Walking,Car
20107,55,Senior,290921,Ultra High,1_person,living_alone,1,F&B Eatery/Full-Service Restaurants,Public_transport,Car
43785,21,Young Adult,0,Debt,3_person,nonfamily_single,0,F&B Eatery/Limited-Service Restaurants,Walking,Walking
60396,41,Middle Age,0,Debt,4_person,married_couple,1,F&B Eatery/Full-Service Restaurants,Car,Car
24054,63,Elderly,0,Debt,2_person,married_couple,0,F&B Eatery/Full-Service Restaurants,Public_transport,Public_transport
44557,33,Adult,128813,Ultra High,2_person,nonfamily_single,2,F&B Eatery/Snack and Nonalcoholic Beverage Bars,Car,Car
37494,65,Elderly,70658,High,4_person,married_couple,1,F&B Eatery/Drinking Places,Car,Car
8738,34,Adult,121217,Ultra High,2_person,nonfamily_single,2,F&B Eatery/Snack and Nonalcoholic Beverage Bars,Walking,Car
19324,36,Adult,285537,Ultra High,2_person,family_single,1,F&B Eatery/Full-Service Restaurants,Car,Car
49623,27,Young Adult,16101,Low,5_person,family_single,2,F&B Eatery/Full-Service Restaurants,Walking,Car
34409,36,Adult,222231,Ultra High,1_person,living_alone,1,F&B Eatery/Full-Service Restaurants,Car,Car
40775,58,Senior,137098,Ultra High,1_person,living_alone,1,F&B Eatery/Full-Service Restaurants,Car,Car
20901,52,Senior,22542,Low,3_person,married_couple,1,F&B Eatery/Snack and Nonalcoholic Beverage Bars,Walking,Car
27914,57,Senior,51572,Moderate,2_person,married_couple,1,F&B Eatery/Full-Service Restaurants,Car,Car
63874,30,Young Adult,42184,Moderate,4_person,married_couple,2,F&B Eatery/Full-Service Restaurants,Public_transport,Car
1172,58,Senior,390920,Ultra High,4_person,married_couple,3_plus,F&B Eatery/Full-Service Restaurants,Walking,Public_transport
37268,43,Middle Age,40075,Moderate,6_person,married_couple,1,F&B Eatery/Drinking Places,Public_transport,Public_transport
46233,33,Adult,108047,Very High,2_person,married_couple,0,F&B Eatery/Full-Service Restaurants,Walking,Public_transport
22469,42,Middle Age,55557,Moderate,7_plus_person,nonfamily_single,3_plus,F&B Eatery/Limited-Service Restaurants,Car,Car
58754,26,Young Adult,22779,Low,3_person,nonfamily_single,1,F&B Eatery/Special Food Services,Car,Walking
36110,27,Young Adult,50507,Moderate,3_person,nonfamily_single,1,F&B Eatery/Limited-Service Restaurants,Walking,Car
61178,23,Young Adult,33276,Moderate,3_person,nonfamily_single,2,F&B Eatery/Limited-Service Restaurants,Walking,Car
36132,26,Young Adult,43436,Moderate,1_person,living_alone,0,F&B Eatery/Full-Service Restaurants,Public_transport,Walking
66272,27,Young Adult,23770,Low,4_person,family_single,1,F&B Eatery/Snack and Nonalcoholic Beverage Bars,Walking,Car
534,42,Middle Age,0,Debt,4_person,married_couple,1,F&B Eatery/Full-Service Restaurants,Walking,Car
12665,32,Adult,20202,Low,3_person,nonfamily_single,0,F&B Eatery/Limited-Service Restaurants,Public_transport,Walking
34178,23,Young Adult,26508,Low,2_person,nonfamily_single,2,F&B Eatery/Drinking Places,Car,Walking
12479,56,Senior,0,Debt,7_plus_person,married_couple,3_plus,F&B Eatery/Full-Service Restaurants,Car,Car
49294,31,Adult,21617,Low,3_person,family_single,1,F&B Eatery/Full-Service Restaurants,Walking,Car
39434,21,Young Adult,16101,Low,4_person,nonfamily_single,0,F&B Eatery/Full-Service Restaurants,Walking,Walking
44100,42,Middle Age,78791,High,2_person,married_couple,1,F&B Eatery/Full-Service Restaurants,Car,Car
57786,50,Middle Age,0,Debt,6_person,married_couple,3_plus,F&B Eatery/Full-Service Restaurants,Car,Car
17199,73,Elderly,101418,Very High,2_person,family_single,2,F&B Eatery/Snack and Nonalcoholic Beverage Bars,Car,Car
22884,76,Elderly,29820,Low,1_person,living_alone,1,F&B Eatery/Snack and Nonalcoholic Beverage Bars,Walking,Car
47668,47,Middle Age,36911,Moderate,1_person,living_alone,1,F&B Eatery/Full-Service Restaurants,Car,Walking
23706,34,Adult,168736,Ultra High,2_person,married_couple,2,F&B Eatery/Full-Service Restaurants,Car,Car
34899,72,Elderly,99132,Very High,1_person,living_alone,1,F&B Eatery/Snack and Nonalcoholic Beverage Bars,Walking,Car
34565,36,Adult,0,Debt,4_person,married_couple,2,F&B Eatery/Full-Service Restaurants,Public_transport,Car
48146,65,Elderly,287684,Ultra High,2_person,married_couple,1,F&B Eatery/Snack and Nonalcoholic Beverage Bars,Car,Car
40495,59,Senior,0,Debt,6_person,married_couple,1,F&B Eatery/Full-Service Restaurants,Car,Car
4575,25,Young Adult,21609,Low,6_person,family_single,3_plus,F&B Eatery/Full-Service Restaurants,Public_transport,Car
5190,24,Young Adult,43218,Moderate,5_person,nonfamily_single,0,F&B Eatery/Limited-Service Restaurants,Walking,Public_transport
40935,19,Young Adult,3241,Low,4_person,family_single,1,F&B Eatery/Full-Service Restaurants,Public_transport,Car
19506,22,Young Adult,10101,Low,4_person,nonfamily_single,2,F&B Eatery/Snack and Nonalcoholic Beverage Bars,Walking,Car
15732,25,Young Adult,84368,High,2_person,nonfamily_single,1,F&B Eatery/Full-Service Restaurants,Car,Walking
30429,37,Adult,73822,High,4_person,married_couple,2,F&B Eatery/Full-Service Restaurants,Car,Car
54517,63,Elderly,0,Debt,5_person,married_couple,3_plus,F&B Eatery/Limited-Service Restaurants,Public_transport,Car
45178,28,Young Adult,82516,High,2_person,nonfamily_single,1,F&B Eatery/Limited-Service Restaurants,Walking,Walking
20659,69,Elderly,163164,Ultra High,2_person,married_couple,1,F&B Eatery/Full-Service Restaurants,Walking,Car
33291,67,Elderly,32310,Moderate,2_person,married_couple,1,F&B Eatery/Snack and Nonalcoholic Beverage Bars,Car,Car
3089,30,Young Adult,126552,Ultra High,6_person,married_couple,2,F&B Eatery/Drinking Places,Car,Public_transport
63625,25,Young Adult,31975,Moderate,6_person,nonfamily_single,0,F&B Eatery/Full-Service Restaurants,Public_transport,Walking
44387,75,Elderly,7779,Low,3_person,married_couple,1,F&B Eatery/Full-Service Restaurants,Walking,Car
54463,44,Middle Age,96115,Very High,3_person,married_couple,1,F&B Eatery/Full-Service Restaurants,Public_transport,Car
1996,40,Adult,27443,Low,3_person,married_couple,1,F&B Eatery/Full-Service Restaurants,Public_transport,Walking
21637,22,Young Adult,0,Debt,3_person,nonfamily_single,1,F&B Eatery/Limited-Service Restaurants,Car,Walking
24813,35,Adult,361008,Ultra High,2_person,married_couple,2,F&B Eatery/Full-Service Restaurants,Public_transport,Car
50684,45,Middle Age,15028,Low,4_person,married_couple,2,F&B Eatery/Limited-Service Restaurants,Public_transport,Public_transport
11819,52,Senior,185661,Ultra High,4_person,married_couple,2,F&B Eatery/Limited-Service Restaurants,Car,Car
51873,25,Young Adult,0,Debt,3_person,nonfamily_single,1,F&B Eatery/Full-Service Restaurants,Car,Walking
44370,20,Young Adult,0,Debt,6_person,married_couple,3_plus,F&B Eatery/Snack and Nonalcoholic Beverage Bars,Car,Car
2831,30,Young Adult,0,Debt,6_person,married_couple,1,F&B Eatery/Full-Service Restaurants,Car,Walking
8269,30,Young Adult,7514,Low,3_person,family_single,0,F&B Eatery/Snack and Nonalcoholic Beverage Bars,Walking,Walking
32355,35,Adult,94914,Very High,2_person,nonfamily_single,2,F&B Eatery/Full-Service Restaurants,Walking,Car
26111,39,Adult,84368,High,3_person,married_couple,1,F&B Eatery/Limited-Service Restaurants,Walking,Car
7489,54,Senior,0,Debt,4_person,married_couple,0,F&B Eatery/Limited-Service Restaurants,Public_transport,Public_transport
15627,63,Elderly,10727,Low,1_person,living_alone,1,F&B Eatery/Limited-Service Restaurants,Car,Car
29878,31,Adult,48992,Moderate,1_person,living_alone,1,F&B Eatery/Full-Service Restaurants,Walking,Car
62582,62,Elderly,50621,Moderate,4_person,married_couple,2,F&B Eatery/Snack and Nonalcoholic Beverage Bars,Car,Car
39469,89,Elderly,25253,Low,2_person,married_couple,1,F&B Eatery/Limited-Service Restaurants,Car,Car
59989,40,Adult,49819,Moderate,4_person,married_couple,2,F&B Eatery/Full-Service Restaurants,Car,Public_transport
1299,36,Adult,211447,Ultra High,3_person,married_couple,1,F&B Eatery/Limited-Service Restaurants,Car,Car
31315,20,Young Adult,0,Debt,3_person,nonfamily_single,0,F&B Eatery/Full-Service Restaurants,Public_transport,Walking
39041,27,Young Adult,23132,Low,4_person,family_single,3_plus,F&B Eatery/Full-Service Restaurants,Car,Walking
5499,35,Adult,92211,Very High,2_person,married_couple,2,F&B Eatery/Limited-Service Restaurants,Car,Car
6447,26,Young Adult,0,Debt,3_person,nonfamily_single,1,F&B Eatery/Snack and Nonalcoholic Beverage Bars,Car,Walking
15613,29,Young Adult,0,Debt,3_person,nonfamily_single,0,F&B Eatery/Snack and Nonalcoholic Beverage Bars,Car,Walking
47894,16,Teen,3971,Low,4_person,family_single,1,F&B Eatery/Full-Service Restaurants,Public_transport,Car
63644,28,Young Adult,162070,Ultra High,1_person,living_alone,0,F&B Eatery/Full-Service Restaurants,Walking,Walking
58446,27,Young Adult,83842,High,2_person,married_couple,1,F&B Eatery/Limited-Service Restaurants,Walking,Walking
65498,69,Elderly,0,Debt,4_person,family_single,2,F&B Eatery/Drinking Places,Walking,Car
17864,62,Elderly,13954,Low,4_person,married_couple,2,F&B Eatery/Snack and Nonalcoholic Beverage Bars,Public_transport,Car
27369,27,Young Adult,53672,Moderate,2_person,nonfamily_single,1,F&B Eatery/Drinking Places,Car,Car
17985,21,Young Adult,0,Debt,3_person,family_single,1,F&B Eatery/Snack and Nonalcoholic Beverage Bars,Walking,Walking
42919,34,Adult,172252,Ultra High,2_person,nonfamily_single,1,F&B Eatery/Full-Service Restaurants,Public_transport,Car
54243,74,Elderly,84044,High,2_person,married_couple,1,F&B Eatery/Limited-Service Restaurants,Car,Car
32559,20,Young Adult,0,Debt,2_person,family_single,0,F&B Eatery/Drinking Places,Public_transport,Walking
7067,25,Young Adult,0,Debt,2_person,nonfamily_single,0,F&B Eatery/Full-Service Restaurants,Public_transport,Walking
26905,82,Elderly,13858,Low,1_person,living_alone,0,F&B Eatery/Limited-Service Restaurants,Public_transport,Walking
64983,50,Middle Age,26365,Low,3_person,family_single,1,F&B Eatery/Snack and Nonalcoholic Beverage Bars,Walking,Car
35709,36,Adult,139246,Ultra High,2_person,nonfamily_single,2,F&B Eatery/Full-Service Restaurants,Public_transport,Car
26327,16,Teen,0,Debt,3_person,family_single,0,F&B Eatery/Snack and Nonalcoholic Beverage Bars,Walking,Walking
20045,57,Senior,11345,Low,1_person,living_alone,1,F&B Eatery/Snack and Nonalcoholic Beverage Bars,Car,Car
15116,48,Middle Age,34801,Moderate,4_person,married_couple,1,F&B Eatery/Full-Service Restaurants,Car,Car
64444,25,Young Adult,0,Debt,3_person,nonfamily_single,0,F&B Eatery/Full-Service Restaurants,Walking,Walking
41515,61,Elderly,90913,Very High,3_person,married_couple,2,F&B Eatery/Snack and Nonalcoholic Beverage Bars,Public_transport,Car
21209,47,Middle Age,0,Debt,5_person,married_couple,2,F&B Eatery/Limited-Service Restaurants,Car,Car
25739,35,Adult,69150,High,1_person,living_alone,1,F&B Eatery/Snack and Nonalcoholic Beverage Bars,Walking,Car
5680,24,Young Adult,42937,Moderate,3_person,nonfamily_single,1,F&B Eatery/Snack and Nonalcoholic Beverage Bars,Car,Car
11549,24,Young Adult,123774,Ultra High,3_person,married_couple,1,F&B Eatery/Limited-Service Restaurants,Walking,Walking
49549,65,Elderly,4545,Low,5_person,married_couple,2,F&B Eatery/Full-Service Restaurants,Car,Car
34305,59,Senior,604394,Ultra High,2_person,married_couple,1,F&B Eatery/Snack and Nonalcoholic Beverage Bars,Walking,Car
51658,26,Young Adult,43218,Moderate,1_person,living_alone,1,F&B Eatery/Full-Service Restaurants,Walking,Car
44953,62,Elderly,10372,Low,1_person,living_alone,0,F&B Eatery/Limited-Service Restaurants,Walking,Walking
60682,64,Elderly,97242,Very High,1_person,living_alone,1,F&B Eatery/Snack and Nonalcoholic Beverage Bars,Car,Car
67,34,Adult,24775,Low,2_person,married_couple,1,F&B Eatery/Limited-Service Restaurants,Public_transport,Walking
5555,40,Adult,3094,Low,7_plus_person,married_couple,1,F&B Eatery/Drinking Places,Car,Walking
3010,59,Senior,639500,Ultra High,1_person,living_alone,0,F&B Eatery/Full-Service Restaurants,Public_transport,Public_transport
54846,20,Young Adult,0,Debt,5_person,family_single,2,F&B Eatery/Limited-Service Restaurants,Car,Car
17107,32,Adult,121279,Ultra High,2_person,nonfamily_single,2,F&B Eatery/Snack and Nonalcoholic Beverage Bars,Car,Car
49452,28,Young Adult,74750,High,2_person,nonfamily_single,1,F&B Eatery/Drinking Places,Public_transport,Walking
52344,55,Senior,13288,Low,1_person,living_alone,0,F&B Eatery/Full-Service Restaurants,Public_transport,Public_transport
53785,30,Young Adult,36365,Moderate,2_person,nonfamily_single,1,F&B Eatery/Full-Service Restaurants,Car,Car
40096,23,Young Adult,1547,Low,2_person,nonfamily_single,0,F&B Eatery/Snack and Nonalcoholic Beverage Bars,Walking,Walking
45254,41,Middle Age,32738,Moderate,2_person,nonfamily_single,1,F&B Eatery/Full-Service Restaurants,Car,Walking
58701,22,Young Adult,54077,Moderate,1_person,living_alone,0,F&B Eatery/Full-Service Restaurants,Walking,Walking
36953,28,Young Adult,77358,High,2_person,nonfamily_single,1,F&B Eatery/Full-Service Restaurants,Walking,Walking
66474,23,Young Adult,35355,Moderate,1_person,living_alone,0,F&B Eatery/Full-Service Restaurants,Walking,Walking
47914,38,Adult,65659,High,3_person,married_couple,2,F&B Eatery/Snack and Nonalcoholic Beverage Bars,Car,Car
42317,73,Elderly,54887,Moderate,1_person,living_alone,1,F&B Eatery/Drinking Places,Car,Car
44264,28,Young Adult,49701,Moderate,4_person,married_couple,1,F&B Eatery/Full-Service Restaurants,Car,Walking
27718,28,Young Adult,43238,Moderate,1_person,living_alone,2,F&B Eatery/Full-Service Restaurants,Walking,Car
13647,78,Elderly,21934,Low,2_person,married_couple,1,F&B Eatery/Drinking Places,Walking,Car
37011,26,Young Adult,54023,Moderate,2_person,nonfamily_single,0,F&B Eatery/Full-Service Restaurants,Walking,Walking
38799,39,Adult,0,Debt,7_plus_person,married_couple,1,F&B Eatery/Full-Service Restaurants,Car,Car
11397,60,Senior,39395,Moderate,7_plus_person,married_couple,1,F&B Eatery/Full-Service Restaurants,Walking,Walking
13147,30,Young Adult,2171,Low,2_person,married_couple,1,F&B Eatery/Full-Service Restaurants,Public_transport,Public_transport
4582,90,Elderly,48890,Moderate,3_person,family_single,3_plus,F&B Eatery/Drinking Places,Car,Car
3228,50,Middle Age,106409,Very High,5_person,married_couple,2,F&B Eatery/Full-Service Restaurants,Public_transport,Car
7367,34,Adult,53635,Moderate,2_person,married_couple,1,F&B Eatery/Limited-Service Restaurants,Walking,Car
10681,87,Elderly,274759,Ultra High,1_person,living_alone,0,F&B Eatery/Limited-Service Restaurants,Car,Public_transport
143,42,Middle Age,60608,High,5_person,married_couple,2,F&B Eatery/Snack and Nonalcoholic Beverage Bars,Walking,Car
18895,89,Elderly,45348,Moderate,3_person,married_couple,3_plus,F&B Eatery/Limited-Service Restaurants,Car,Car
29813,37,Adult,26365,Low,3_person,family_single,1,F&B Eatery/Limited-Service Restaurants,Car,Car
23817,56,Senior,308404,Ultra High,2_person,married_couple,2,F&B Eatery/Limited-Service Restaurants,Walking,Car
66295,22,Young Adult,8587,Low,2_person,nonfamily_single,0,F&B Eatery/Full-Service Restaurants,Walking,Walking
39472,49,Middle Age,0,Debt,4_person,married_couple,2,F&B Eatery/Limited-Service Restaurants,Car,Car
9344,20,Young Adult,0,Debt,3_person,nonfamily_single,2,F&B Eatery/Full-Service Restaurants,Car,Walking
14141,51,Senior,108047,Very High,1_person,living_alone,0,F&B Eatery/Drinking Places,Car,Public_transport
56117,65,Elderly,9339,Low,1_person,living_alone,1,F&B Eatery/Full-Service Restaurants,Walking,Car
33980,22,Young Adult,5367,Low,4_person,nonfamily_single,1,F&B Eatery/Full-Service Restaurants,Walking,Car
29079,24,Young Adult,63276,High,1_person,living_alone,1,F&B Eatery/Full-Service Restaurants,Public_transport,Walking
56207,25,Young Adult,51572,Moderate,2_person,nonfamily_single,0,F&B Eatery/Drinking Places,Walking,Walking
61656,62,Elderly,303043,Ultra High,2_person,nonfamily_single,1,F&B Eatery/Limited-Service Restaurants,Public_transport,Car
18733,71,Elderly,35531,Moderate,1_person,living_alone,0,F&B Eatery/Snack and Nonalcoholic Beverage Bars,Public_transport,Public_transport
9261,29,Young Adult,92805,Very High,1_person,living_alone,1,F&B Eatery/Full-Service Restaurants,Walking,Car
46854,72,Elderly,70205,High,1_person,living_alone,1,F&B Eatery/Full-Service Restaurants,Public_transport,Car
20085,49,Middle Age,90696,Very High,5_person,married_couple,3_plus,F&B Eatery/Full-Service Restaurants,Public_transport,Car
62202,57,Senior,181518,Ultra High,1_person,living_alone,1,F&B Eatery/Snack and Nonalcoholic Beverage Bars,Car,Car
63730,71,Elderly,10505,Low,5_person,family_single,1,F&B Eatery/Full-Service Restaurants,Car,Car
21811,51,Senior,55557,Moderate,2_person,family_single,2,F&B Eatery/Full-Service Restaurants,Car,Car
20167,64,Elderly,0,Debt,2_person,married_couple,1,F&B Eatery/Snack and Nonalcoholic Beverage Bars,Public_transport,Car
63998,30,Young Adult,63276,High,5_person,married_couple,2,F&B Eatery/Full-Service Restaurants,Car,Public_transport
25241,18,Teen,0,Debt,2_person,family_single,1,F&B Eatery/Limited-Service Restaurants,Walking,Walking
29238,74,Elderly,44455,Moderate,2_person,married_couple,1,F&B Eatery/Full-Service Restaurants,Car,Car
23600,69,Elderly,3636,Low,3_person,family_single,2,F&B Eatery/Full-Service Restaurants,Car,Car
38762,24,Young Adult,75632,High,1_person,living_alone,0,F&B Eatery/Full-Service Restaurants,Walking,Walking
57986,44,Middle Age,604351,Ultra High,5_person,married_couple,1,F&B Eatery/Full-Service Restaurants,Car,Car
27454,76,Elderly,23293,Low,1_person,living_alone,1,F&B Eatery/Full-Service Restaurants,Car,Car
52919,33,Adult,216094,Ultra High,1_person,living_alone,1,F&B Eatery/Full-Service Restaurants,Car,Car
37040,23,Young Adult,34647,Moderate,1_person,living_alone,1,F&B Eatery/Special Food Services,Car,Car
47691,23,Young Adult,21468,Low,3_person,family_single,2,F&B Eatery/Limited-Service Restaurants,Car,Walking
57248,33,Adult,47457,Moderate,3_person,married_couple,1,F&B Eatery/Snack and Nonalcoholic Beverage Bars,Public_transport,Car
30699,70,Elderly,63276,High,3_person,married_couple,1,F&B Eatery/Full-Service Restaurants,Public_transport,Car
59740,57,Senior,8664,Low,2_person,nonfamily_single,0,F&B Eatery/Full-Service Restaurants,Public_transport,Public_transport
786,48,Middle Age,11163,Low,3_person,married_couple,0,F&B Eatery/Limited-Service Restaurants,Car,Public_transport
11049,53,Senior,52527,Moderate,2_person,married_couple,2,F&B Eatery/Snack and Nonalcoholic Beverage Bars,Walking,Car
47553,28,Young Adult,52730,Moderate,2_person,nonfamily_single,1,F&B Eatery/Full-Service Restaurants,Public_transport,Car
18100,20,Young Adult,0,Debt,3_person,nonfamily_single,0,F&B Eatery/Full-Service Restaurants,Walking,Walking
65461,37,Adult,77288,High,1_person,living_alone,1,F&B Eatery/Full-Service Restaurants,Car,Car
63055,66,Elderly,19193,Low,1_person,living_alone,1,F&B Eatery/Snack and Nonalcoholic Beverage Bars,Car,Car
15792,64,Elderly,64981,High,3_person,married_couple,2,F&B Eatery/Full-Service Restaurants,Car,Car
12379,22,Young Adult,0,Debt,2_person,nonfamily_single,2,F&B Eatery/Full-Service Restaurants,Public_transport,Walking
7853,61,Elderly,17172,Low,2_person,family_single,1,F&B Eatery/Drinking Places,Car,Car
153,32,Adult,41057,Moderate,3_person,married_couple,1,F&B Eatery/Full-Service Restaurants,Public_transport,Car
62976,27,Young Adult,44352,Moderate,3_person,family_single,1,F&B Eatery/Limited-Service Restaurants,Walking,Car
13016,84,Elderly,45961,Moderate,1_person,living_alone,0,F&B Eatery/Full-Service Restaurants,Public_transport,Public_transport
14873,39,Adult,110733,Very High,4_person,married_couple,1,F&B Eatery/Drinking Places,Car,Car
14259,30,Young Adult,48511,Moderate,2_person,nonfamily_single,0,F&B Eatery/Full-Service Restaurants,Public_transport,Walking
52057,24,Young Adult,0,Debt,3_person,nonfamily_single,0,F&B Eatery/Full-Service Restaurants,Walking,Walking
37394,30,Young Adult,97242,Very High,4_person,married_couple,1,F&B Eatery/Limited-Service Restaurants,Car,Walking
26870,28,Young Adult,94914,Very High,2_person,married_couple,1,F&B Eatery/Full-Service Restaurants,Car,Walking
17380,45,Middle Age,55819,Moderate,4_person,married_couple,2,F&B Eatery/Snack and Nonalcoholic Beverage Bars,Walking,Car
48091,51,Senior,39824,Moderate,3_person,married_couple,1,F&B Eatery/Drinking Places,Public_transport,Car
64758,51,Senior,0,Debt,4_person,married_couple,1,F&B Eatery/Limited-Service Restaurants,Car,Car
32922,42,Middle Age,9697,Low,7_plus_person,married_couple,3_plus,F&B Eatery/Full-Service Restaurants,Public_transport,Car
56398,65,Elderly,7192,Low,2_person,married_couple,0,F&B Eatery/Limited-Service Restaurants,Walking,Public_transport
11468,81,Elderly,21092,Low,1_person,living_alone,0,F&B Eatery/Full-Service Restaurants,Public_transport,Walking
32363,44,Middle Age,12444,Low,3_person,married_couple,1,F&B Eatery/Full-Service Restaurants,Public_transport,Car
22634,22,Young Adult,63276,High,2_person,nonfamily_single,0,F&B Eatery/Full-Service Restaurants,Walking,Walking
4654,33,Adult,47457,Moderate,2_person,married_couple,0,F&B Eatery/Full-Service Restaurants,Walking,Public_transport
8055,17,Teen,7131,Low,5_person,family_single,1,F&B Eatery/Drinking Places,Walking,Car
56695,66,Elderly,19907,Low,1_person,living_alone,0,F&B Eatery/Snack and Nonalcoholic Beverage Bars,Walking,Walking
54675,65,Elderly,11344,Low,1_person,living_alone,1,F&B Eatery/Limited-Service Restaurants,Car,Car
63027,44,Middle Age,25931,Low,2_person,family_single,0,F&B Eatery/Full-Service Restaurants,Public_transport,Walking
23889,50,Middle Age,227571,Ultra High,2_person,married_couple,2,F&B Eatery/Limited-Service Restaurants,Car,Car
30851,56,Senior,105964,Very High,4_person,married_couple,1,F&B Eatery/Full-Service Restaurants,Walking,Car
8926,30,Young Adult,75760,High,2_person,nonfamily_single,1,F&B Eatery/Full-Service Restaurants,Car,Walking
32924,23,Young Adult,0,Debt,5_person,family_single,0,F&B Eatery/Limited-Service Restaurants,Public_transport,Walking
62322,62,Elderly,19322,Low,2_person,family_single,0,F&B Eatery/Snack and Nonalcoholic Beverage Bars,Walking,Walking
35853,29,Young Adult,0,Debt,7_plus_person,nonfamily_single,2,F&B Eatery/Full-Service Restaurants,Car,Public_transport
51272,21,Young Adult,10101,Low,6_person,family_single,2,F&B Eatery/Limited-Service Restaurants,Car,Car
1552,74,Elderly,61618,High,2_person,married_couple,1,F&B Eatery/Drinking Places,Car,Car
13393,32,Adult,23723,Low,4_person,married_couple,1,F&B Eatery/Full-Service Restaurants,Walking,Public_transport
33324,23,Young Adult,63639,High,2_person,family_single,2,F&B Eatery/Full-Service Restaurants,Car,Walking
2148,38,Adult,252536,Ultra High,4_person,married_couple,2,F&B Eatery/Limited-Service Restaurants,Car,Public_transport
44755,50,Middle Age,21468,Low,1_person,living_alone,1,F&B Eatery/Drinking Places,Walking,Car
495,37,Adult,30943,Moderate,3_person,married_couple,1,F&B Eatery/Limited-Service Restaurants,Car,Car
13865,28,Young Adult,111788,Very High,1_person,living_alone,1,F&B Eatery/Full-Service Restaurants,Walking,Car
35089,32,Adult,91839,Very High,3_person,married_couple,1,F&B Eatery/Limited-Service Restaurants,Car,Car
50064,60,Senior,454565,Ultra High,7_plus_person,married_couple,1,F&B Eatery/Snack and Nonalcoholic Beverage Bars,Car,Car
57196,61,Elderly,32203,Moderate,2_person,married_couple,2,F&B Eatery/Snack and Nonalcoholic Beverage Bars,Public_transport,Car
25161,27,Young Adult,59039,Moderate,2_person,nonfamily_single,2,F&B Eatery/Full-Service Restaurants,Public_transport,Car
32919,24,Young Adult,0,Debt,3_person,nonfamily_single,0,F&B Eatery/Snack and Nonalcoholic Beverage Bars,Walking,Walking
17308,50,Middle Age,26836,Low,4_person,married_couple,1,F&B Eatery/Full-Service Restaurants,Walking,Car
64120,74,Elderly,12377,Low,2_person,married_couple,2,F&B Eatery/Full-Service Restaurants,Car,Car
63259,23,Young Adult,52599,Moderate,4_person,nonfamily_single,1,F&B Eatery/Limited-Service Restaurants,Walking,Car
1364,61,Elderly,274439,Ultra High,2_person,family_single,1,F&B Eatery/Full-Service Restaurants,Car,Car
18122,20,Young Adult,12377,Low,2_person,nonfamily_single,0,F&B Eatery/Snack and Nonalcoholic Beverage Bars,Walking,Walking
19385,51,Senior,50507,Moderate,3_person,married_couple,1,F&B Eatery/Snack and Nonalcoholic Beverage Bars,Car,Car
25693,57,Senior,50344,Moderate,3_person,married_couple,3_plus,F&B Eatery/Snack and Nonalcoholic Beverage Bars,Public_transport,Public_transport
51567,25,Young Adult,0,Debt,1_person,living_alone,0,F&B Eatery/Snack and Nonalcoholic Beverage Bars,Public_transport,Walking
23345,49,Middle Age,8990,Low,7_plus_person,married_couple,1,F&B Eatery/Full-Service Restaurants,Walking,Car
53364,29,Young Adult,80508,High,2_person,nonfamily_single,1,F&B Eatery/Limited-Service Restaurants,Public_transport,Walking
29968,65,Elderly,40001,Moderate,1_person,living_alone,0,F&B Eatery/Snack and Nonalcoholic Beverage Bars,Public_transport,Public_transport
15696,56,Senior,81035,High,1_person,living_alone,2,F&B Eatery/Full-Service Restaurants,Car,Car
19267,66,Elderly,3163,Low,2_person,married_couple,2,F&B Eatery/Snack and Nonalcoholic Beverage Bars,Car,Car
3720,48,Middle Age,0,Debt,3_person,family_single,2,F&B Eatery/Limited-Service Restaurants,Car,Car
39895,27,Young Adult,0,Debt,1_person,living_alone,0,F&B Eatery/Full-Service Restaurants,Walking,Walking
9533,39,Adult,12965,Low,3_person,family_single,0,F&B Eatery/Snack and Nonalcoholic Beverage Bars,Walking,Public_transport
26619,47,Middle Age,10707,Low,1_person,living_alone,0,F&B Eatery/Limited-Service Restaurants,Car,Walking
17272,59,Senior,14764,Low,1_person,living_alone,0,F&B Eatery/Snack and Nonalcoholic Beverage Bars,Public_transport,Public_transport
38239,69,Elderly,39653,Moderate,2_person,married_couple,1,F&B Eatery/Snack and Nonalcoholic Beverage Bars,Public_transport,Car
19585,68,Elderly,25253,Low,2_person,married_couple,1,F&B Eatery/Full-Service Restaurants,Walking,Car
4920,47,Middle Age,30943,Moderate,3_person,married_couple,2,F&B Eatery/Snack and Nonalcoholic Beverage Bars,Car,Public_transport
4823,89,Elderly,41864,Moderate,2_person,family_single,0,F&B Eatery/Snack and Nonalcoholic Beverage Bars,Car,Public_transport
31376,23,Young Adult,41258,Moderate,4_person,married_couple,3_plus,F&B Eatery/Full-Service Restaurants,Car,Car
53856,22,Young Adult,25786,Low,3_person,married_couple,0,F&B Eatery/Full-Service Restaurants,Walking,Public_transport
15479,22,Young Adult,25499,Low,2_person,married_couple,1,F&B Eatery/Limited-Service Restaurants,Public_transport,Public_transport
45421,36,Adult,353550,Ultra High,4_person,married_couple,2,F&B Eatery/Full-Service Restaurants,Public_transport,Public_transport
32167,25,Young Adult,0,Debt,2_person,married_couple,1,F&B Eatery/Full-Service Restaurants,Car,Public_transport
16727,28,Young Adult,43218,Moderate,1_person,living_alone,1,F&B Eatery/Limited-Service Restaurants,Car,Car
4136,70,Elderly,313561,Ultra High,2_person,married_couple,2,F&B Eatery/Snack and Nonalcoholic Beverage Bars,Car,Car
63783,27,Young Adult,0,Debt,4_person,nonfamily_single,3_plus,F&B Eatery/Full-Service Restaurants,Public_transport,Walking
19572,39,Adult,80811,High,4_person,married_couple,1,F&B Eatery/Snack and Nonalcoholic Beverage Bars,Public_transport,Car
20906,50,Middle Age,16768,Low,3_person,family_single,1,F&B Eatery/Full-Service Restaurants,Car,Car
51375,47,Middle Age,17287,Low,4_person,family_single,1,F&B Eatery/Full-Service Restaurants,Walking,Car
45156,29,Young Adult,55819,Moderate,3_person,married_couple,1,F&B Eatery/Full-Service Restaurants,Car,Car
27160,56,Senior,27849,Low,3_person,married_couple,2,F&B Eatery/Full-Service Restaurants,Car,Car
2121,35,Adult,36911,Moderate,4_person,married_couple,2,F&B Eatery/Snack and Nonalcoholic Beverage Bars,Public_transport,Public_transport
6858,41,Middle Age,21468,Low,2_person,nonfamily_single,1,F&B Eatery/Snack and Nonalcoholic Beverage Bars,Car,Car
992,69,Elderly,15253,Low,2_person,married_couple,1,F&B Eatery/Full-Service Restaurants,Walking,Car
46041,30,Young Adult,51525,Moderate,2_person,married_couple,2,F&B Eatery/Limited-Service Restaurants,Public_transport,Car
48639,21,Young Adult,4218,Low,2_person,nonfamily_single,0,F&B Eatery/Full-Service Restaurants,Walking,Walking
16149,20,Young Adult,14046,Low,6_person,married_couple,3_plus,F&B Eatery/Snack and Nonalcoholic Beverage Bars,Walking,Public_transport
55739,23,Young Adult,0,Debt,3_person,nonfamily_single,0,F&B Eatery/Snack and Nonalcoholic Beverage Bars,Walking,Walking
7382,82,Elderly,17172,Low,2_person,married_couple,1,F&B Eatery/Limited-Service Restaurants,Car,Car
67014,33,Adult,407910,Ultra High,3_person,married_couple,1,F&B Eatery/Drinking Places,Public_transport,Car
15630,25,Young Adult,65659,High,3_person,nonfamily_single,1,F&B Eatery/Drinking Places,Walking,Walking
26636,18,Teen,3241,Low,3_person,family_single,1,F&B Eatery/Full-Service Restaurants,Public_transport,Walking
7366,26,Young Adult,30943,Moderate,4_person,nonfamily_single,0,F&B Eatery/Snack and Nonalcoholic Beverage Bars,Public_transport,Walking
22641,32,Adult,64406,High,2_person,nonfamily_single,0,F&B Eatery/Full-Service Restaurants,Public_transport,Walking
21118,29,Young Adult,0,Debt,4_person,married_couple,1,F&B Eatery/Drinking Places,Car,Car
57473,78,Elderly,46971,Moderate,2_person,married_couple,1,F&B Eatery/Special Food Services,Car,Car
50617,18,Teen,8858,Low,2_person,family_single,1,F&B Eatery/Full-Service Restaurants,Walking,Walking
20977,56,Senior,27611,Low,2_person,married_couple,0,F&B Eatery/Full-Service Restaurants,Public_transport,Public_transport
43194,56,Senior,19899,Low,1_person,living_alone,1,F&B Eatery/Full-Service Restaurants,Walking,Car
3565,74,Elderly,6440,Low,2_person,married_couple,2,F&B Eatery/Snack and Nonalcoholic Beverage Bars,Car,Car
5840,21,Young Adult,5367,Low,2_person,nonfamily_single,0,F&B Eatery/Limited-Service Restaurants,Walking,Walking
16667,31,Adult,38429,Moderate,2_person,married_couple,1,F&B Eatery/Snack and Nonalcoholic Beverage Bars,Car,Car
66710,21,Young Adult,15126,Low,3_person,family_single,1,F&B Eatery/Snack and Nonalcoholic Beverage Bars,Walking,Walking
12861,36,Adult,54729,Moderate,3_person,nonfamily_single,1,F&B Eatery/Limited-Service Restaurants,Walking,Car
22559,32,Adult,30304,Moderate,3_person,family_single,0,F&B Eatery/Limited-Service Restaurants,Public_transport,Walking
18984,55,Senior,91799,Very High,1_person,living_alone,1,F&B Eatery/Full-Service Restaurants,Car,Car
41679,54,Senior,15819,Low,1_person,living_alone,0,F&B Eatery/Snack and Nonalcoholic Beverage Bars,Car,Public_transport
36919,40,Adult,343503,Ultra High,6_person,married_couple,0,F&B Eatery/Full-Service Restaurants,Public_transport,Walking
16075,87,Elderly,86305,High,1_person,living_alone,1,F&B Eatery/Snack and Nonalcoholic Beverage Bars,Car,Car
14271,65,Elderly,15028,Low,1_person,living_alone,0,F&B Eatery/Snack and Nonalcoholic Beverage Bars,Public_transport,Walking
14130,23,Young Adult,62260,High,4_person,nonfamily_single,2,F&B Eatery/Full-Service Restaurants,Car,Car
67058,26,Young Adult,64828,High,2_person,nonfamily_single,3_plus,F&B Eatery/Limited-Service Restaurants,Car,Car
20462,26,Young Adult,8436,Low,4_person,married_couple,3_plus,F&B Eatery/Full-Service Restaurants,Car,Car
46270,29,Young Adult,158190,Ultra High,4_person,nonfamily_single,1,F&B Eatery/Full-Service Restaurants,Public_transport,Public_transport
10313,51,Senior,6806,Low,1_person,living_alone,0,F&B Eatery/Full-Service Restaurants,Public_transport,Public_transport
59660,49,Middle Age,16873,Low,4_person,married_couple,0,F&B Eatery/Snack and Nonalcoholic Beverage Bars,Public_transport,Public_transport
23760,45,Middle Age,51582,Moderate,1_person,living_alone,0,F&B Eatery/Full-Service Restaurants,Walking,Walking
65507,27,Young Adult,47457,Moderate,2_person,family_single,1,F&B Eatery/Full-Service Restaurants,Walking,Car
55421,61,Elderly,9724,Low,1_person,living_alone,0,F&B Eatery/Full-Service Restaurants,Walking,Walking
45972,25,Young Adult,42937,Moderate,3_person,nonfamily_single,2,F&B Eatery/Snack and Nonalcoholic Beverage Bars,Public_transport,Car
30435,57,Senior,58792,Moderate,2_person,married_couple,2,F&B Eatery/Full-Service Restaurants,Car,Car
58013,94,Elderly,25253,Low,1_person,living_alone,0,F&B Eatery/Snack and Nonalcoholic Beverage Bars,Public_transport,Walking
4321,31,Adult,0,Debt,4_person,nonfamily_single,1,F&B Eatery/Limited-Service Restaurants,Car,Walking
35929,70,Elderly,37965,Moderate,5_person,married_couple,2,F&B Eatery/Snack and Nonalcoholic Beverage Bars,Car,Car
35398,73,Elderly,8889,Low,7_plus_person,nonfamily_single,0,F&B Eatery/Full-Service Restaurants,Public_transport,Public_transport
65911,65,Elderly,4641,Low,1_person,living_alone,1,F&B Eatery/Drinking Places,Walking,Car
3174,31,Adult,49915,Moderate,4_person,nonfamily_single,1,F&B Eatery/Snack and Nonalcoholic Beverage Bars,Public_transport,Public_transport
35333,27,Young Adult,116006,Very High,2_person,nonfamily_single,0,F&B Eatery/Full-Service Restaurants,Public_transport,Walking
65360,47,Middle Age,33738,Moderate,7_plus_person,married_couple,3_plus,F&B Eatery/Snack and Nonalcoholic Beverage Bars,Walking,Car
17587,26,Young Adult,45456,Moderate,5_person,nonfamily_single,3_plus,F&B Eatery/Full-Service Restaurants,Car,Car
55565,80,Elderly,29496,Low,3_person,married_couple,1,F&B Eatery/Drinking Places,Public_transport,Car
20028,51,Senior,0,Debt,3_person,family_single,0,F&B Eatery/Snack and Nonalcoholic Beverage Bars,Walking,Walking
48128,25,Young Adult,5353,Low,2_person,family_single,0,F&B Eatery/Snack and Nonalcoholic Beverage Bars,Walking,Walking
49768,68,Elderly,9613,Low,1_person,living_alone,0,F&B Eatery/Full-Service Restaurants,Public_transport,Walking
26502,90,Elderly,14046,Low,1_person,living_alone,0,F&B Eatery/Full-Service Restaurants,Walking,Walking
3114,55,Senior,27909,Low,2_person,married_couple,2,F&B Eatery/Snack and Nonalcoholic Beverage Bars,Car,Car
43601,37,Adult,62918,High,1_person,living_alone,0,F&B Eatery/Full-Service Restaurants,Public_transport,Walking
55582,41,Middle Age,319853,Ultra High,2_person,married_couple,0,F&B Eatery/Limited-Service Restaurants,Public_transport,Walking
26655,56,Senior,63276,High,3_person,married_couple,1,F&B Eatery/Full-Service Restaurants,Walking,Car
56633,44,Middle Age,60506,High,1_person,living_alone,0,F&B Eatery/Full-Service Restaurants,Car,Public_transport
65680,21,Young Adult,1073,Low,3_person,nonfamily_single,0,F&B Eatery/Full-Service Restaurants,Public_transport,Walking
23110,23,Young Adult,20629,Low,2_person,nonfamily_single,0,F&B Eatery/Limited-Service Restaurants,Public_transport,Walking
51880,50,Middle Age,30583,Moderate,7_plus_person,family_single,0,F&B Eatery/Limited-Service Restaurants,Walking,Public_transport
46688,39,Adult,111115,Very High,7_plus_person,married_couple,1,F&B Eatery/Limited-Service Restaurants,Car,Public_transport
59932,29,Young Adult,0,Debt,3_person,family_single,3_plus,F&B Eatery/Snack and Nonalcoholic Beverage Bars,Car,Walking
35228,40,Adult,5402,Low,6_person,family_single,1,F&B Eatery/Snack and Nonalcoholic Beverage Bars,Car,Public_transport
47682,31,Adult,23014,Low,3_person,family_single,2,F&B Eatery/Full-Service Restaurants,Walking,Car
59470,65,Elderly,14046,Low,1_person,living_alone,1,F&B Eatery/Snack and Nonalcoholic Beverage Bars,Car,Car
44578,43,Middle Age,18485,Low,7_plus_person,married_couple,1,F&B Eatery/Full-Service Restaurants,Public_transport,Car
3225,82,Elderly,299599,Ultra High,1_person,living_alone,1,F&B Eatery/Limited-Service Restaurants,Car,Car
40860,35,Adult,45379,Moderate,2_person,nonfamily_single,0,F&B Eatery/Limited-Service Restaurants,Public_transport,Walking
50509,34,Adult,65908,High,3_person,family_single,1,F&B Eatery/Snack and Nonalcoholic Beverage Bars,Public_transport,Car
20175,18,Teen,0,Debt,4_person,married_couple,1,F&B Eatery/Snack and Nonalcoholic Beverage Bars,Public_transport,Public_transport
40566,53,Senior,44504,Moderate,2_person,family_single,1,F&B Eatery/Snack and Nonalcoholic Beverage Bars,Car,Car
8997,67,Elderly,56892,Moderate,2_person,nonfamily_single,1,F&B Eatery/Snack and Nonalcoholic Beverage Bars,Car,Car
45654,56,Senior,8990,Low,7_plus_person,family_single,1,F&B Eatery/Snack and Nonalcoholic Beverage Bars,Car,Walking
64874,68,Elderly,13408,Low,1_person,living_alone,0,F&B Eatery/Full-Service Restaurants,Walking,Walking
40544,72,Elderly,21557,Low,2_person,married_couple,1,F&B Eatery/Full-Service Restaurants,Car,Car
14201,76,Elderly,14910,Low,2_person,married_couple,1,F&B Eatery/Full-Service Restaurants,Car,Car
50742,83,Elderly,23615,Low,1_person,living_alone,1,F&B Eatery/Drinking Places,Car,Car
48257,51,Senior,21454,Low,2_person,nonfamily_single,0,F&B Eatery/Full-Service Restaurants,Public_transport,Public_transport
67097,22,Young Adult,3094,Low,2_person,nonfamily_single,0,F&B Eatery/Limited-Service Restaurants,Walking,Walking
35908,26,Young Adult,10734,Low,4_person,nonfamily_single,1,F&B Eatery/Full-Service Restaurants,Walking,Car
45240,25,Young Adult,32511,Moderate,2_person,married_couple,1,F&B Eatery/Drinking Places,Walking,Car
38106,95,Elderly,49509,Moderate,1_person,living_alone,3_plus,F&B Eatery/Full-Service Restaurants,Car,Car
65118,49,Middle Age,2146,Low,4_person,married_couple,2,F&B Eatery/Full-Service Restaurants,Car,Public_transport
25142,55,Senior,10588,Low,1_person,living_alone,0,F&B Eatery/Limited-Service Restaurants,Public_transport,Public_transport
63776,62,Elderly,62260,High,3_person,family_single,2,F&B Eatery/Full-Service Restaurants,Walking,Car
49699,20,Young Adult,0,Debt,3_person,nonfamily_single,0,F&B Eatery/Full-Service Restaurants,Public_transport,Walking
39886,32,Adult,135058,Ultra High,1_person,living_alone,0,F&B Eatery/Full-Service Restaurants,Walking,Walking
56416,28,Young Adult,45456,Moderate,1_person,living_alone,0,F&B Eatery/Limited-Service Restaurants,Public_transport,Walking
6937,28,Young Adult,0,Debt,3_person,nonfamily_single,1,F&B Eatery/Snack and Nonalcoholic Beverage Bars,Car,Walking
49178,24,Young Adult,65480,High,3_person,nonfamily_single,0,F&B Eatery/Drinking Places,Public_transport,Walking
17451,26,Young Adult,2109,Low,3_person,nonfamily_single,3_plus,F&B Eatery/Full-Service Restaurants,Car,Walking
36686,33,Adult,144450,Ultra High,2_person,married_couple,1,F&B Eatery/Snack and Nonalcoholic Beverage Bars,Walking,Car
29062,28,Young Adult,46567,Moderate,3_person,nonfamily_single,0,F&B Eatery/Limited-Service Restaurants,Public_transport,Walking
55756,23,Young Adult,702,Low,2_person,family_single,1,F&B Eatery/Snack and Nonalcoholic Beverage Bars,Public_transport,Walking
5529,94,Elderly,6970,Low,2_person,married_couple,0,F&B Eatery/Full-Service Restaurants,Walking,Public_transport
55830,58,Senior,38464,Moderate,2_person,married_couple,2,F&B Eatery/Snack and Nonalcoholic Beverage Bars,Public_transport,Car
5398,64,Elderly,21,Low,3_person,married_couple,1,F&B Eatery/Drinking Places,Car,Car
11360,68,Elderly,46402,Moderate,6_person,married_couple,1,F&B Eatery/Snack and Nonalcoholic Beverage Bars,Car,Car
14380,29,Young Adult,40607,Moderate,3_person,married_couple,3_plus,F&B Eatery/Full-Service Restaurants,Walking,Car
17285,62,Elderly,13954,Low,4_person,married_couple,2,F&B Eatery/Limited-Service Restaurants,Public_transport,Car
57233,57,Senior,95783,Very High,1_person,living_alone,1,F&B Eatery/Full-Service Restaurants,Car,Car
64803,23,Young Adult,58003,Moderate,3_person,nonfamily_single,3_plus,F&B Eatery/Snack and Nonalcoholic Beverage Bars,Walking,Car
58565,52,Senior,86872,High,6_person,married_couple,1,F&B Eatery/Full-Service Restaurants,Car,Car
35897,40,Adult,140262,Ultra High,4_person,married_couple,2,F&B Eatery/Full-Service Restaurants,Walking,Public_transport
10740,58,Senior,37570,Moderate,7_plus_person,married_couple,3_plus,F&B Eatery/Snack and Nonalcoholic Beverage Bars,Car,Walking
53998,31,Adult,45084,Moderate,2_person,nonfamily_single,1,F&B Eatery/Full-Service Restaurants,Car,Car
49589,39,Adult,4545,Low,2_person,family_single,0,F&B Eatery/Full-Service Restaurants,Public_transport,Public_transport
8320,57,Senior,47034,Moderate,2_person,married_couple,1,F&B Eatery/Full-Service Restaurants,Car,Car
48467,61,Elderly,8436,Low,2_person,married_couple,0,F&B Eatery/Snack and Nonalcoholic Beverage Bars,Walking,Public_transport
43880,38,Adult,85610,High,2_person,family_single,2,F&B Eatery/Full-Service Restaurants,Car,Car
56095,21,Young Adult,0,Debt,3_person,nonfamily_single,0,F&B Eatery/Full-Service Restaurants,Walking,Walking
5269,26,Young Adult,12377,Low,1_person,living_alone,0,F&B Eatery/Snack and Nonalcoholic Beverage Bars,Walking,Walking
34629,23,Young Adult,0,Debt,1_person,living_alone,0,F&B Eatery/Snack and Nonalcoholic Beverage Bars,Walking,Walking
10891,26,Young Adult,2109,Low,3_person,nonfamily_single,3_plus,F&B Eatery/Full-Service Restaurants,Car,Walking
14820,26,Young Adult,112943,Very High,2_person,nonfamily_single,0,F&B Eatery/Snack and Nonalcoholic Beverage Bars,Walking,Walking
50256,69,Elderly,29294,Low,2_person,family_single,0,F&B Eatery/Full-Service Restaurants,Walking,Walking
24700,57,Senior,14478,Low,4_person,married_couple,0,F&B Eatery/Full-Service Restaurants,Walking,Public_transport
41993,58,Senior,193220,Ultra High,2_person,married_couple,1,F&B Eatery/Snack and Nonalcoholic Beverage Bars,Public_transport,Car
32769,85,Elderly,6060,Low,5_person,married_couple,3_plus,F&B Eatery/Special Food Services,Car,Car
35474,27,Young Adult,74264,High,4_person,nonfamily_single,0,F&B Eatery/Limited-Service Restaurants,Walking,Walking
53855,67,Elderly,9508,Low,1_person,living_alone,1,F&B Eatery/Snack and Nonalcoholic Beverage Bars,Public_transport,Car
57670,34,Adult,101014,Very High,4_person,married_couple,1,F&B Eatery/Drinking Places,Public_transport,Car
13327,40,Adult,64406,High,3_person,married_couple,1,F&B Eatery/Snack and Nonalcoholic Beverage Bars,Public_transport,Car
21709,78,Elderly,84166,High,2_person,nonfamily_single,1,F&B Eatery/Limited-Service Restaurants,Car,Car
43459,31,Adult,92830,Very High,2_person,married_couple,2,F&B Eatery/Full-Service Restaurants,Walking,Car
9196,41,Middle Age,43218,Moderate,2_person,nonfamily_single,2,F&B Eatery/Full-Service Restaurants,Public_transport,Public_transport
39725,28,Young Adult,0,Debt,3_person,nonfamily_single,0,F&B Eatery/Full-Service Restaurants,Public_transport,Walking
64833,74,Elderly,0,Debt,3_person,family_single,1,F&B Eatery/Full-Service Restaurants,Car,Car
55118,21,Young Adult,51572,Moderate,1_person,living_alone,0,F&B Eatery/Snack and Nonalcoholic Beverage Bars,Walking,Walking
2155,45,Middle Age,1054,Low,2_person,married_couple,2,F&B Eatery/Drinking Places,Car,Car
19782,26,Young Adult,64828,High,3_person,nonfamily_single,1,F&B Eatery/Snack and Nonalcoholic Beverage Bars,Car,Walking
4011,39,Adult,58588,Moderate,2_person,nonfamily_single,2,F&B Eatery/Full-Service Restaurants,Walking,Car
19846,34,Adult,32165,Moderate,5_person,married_couple,2,F&B Eatery/Full-Service Restaurants,Walking,Car
33302,29,Young Adult,85862,High,1_person,living_alone,0,F&B Eatery/Full-Service Restaurants,Public_transport,Walking
11962,34,Adult,75962,High,3_person,married_couple,0,F&B Eatery/Full-Service Restaurants,Public_transport,Public_transport
32016,31,Adult,90913,Very High,2_person,nonfamily_single,1,F&B Eatery/Full-Service Restaurants,Walking,Car
30890,63,Elderly,1512,Low,2_person,nonfamily_single,2,F&B Eatery/Limited-Service Restaurants,Car,Car
38591,86,Elderly,8182,Low,6_person,married_couple,3_plus,F&B Eatery/Full-Service Restaurants,Car,Car
49737,23,Young Adult,50507,Moderate,4_person,nonfamily_single,0,F&B Eatery/Snack and Nonalcoholic Beverage Bars,Walking,Walking
44643,22,Young Adult,25499,Low,2_person,married_couple,1,F&B Eatery/Drinking Places,Public_transport,Public_transport
12352,54,Senior,0,Debt,2_person,married_couple,2,F&B Eatery/Snack and Nonalcoholic Beverage Bars,Public_transport,Car
15323,27,Young Adult,45385,Moderate,2_person,nonfamily_single,1,F&B Eatery/Limited-Service Restaurants,Walking,Car
63500,29,Young Adult,139977,Ultra High,2_person,married_couple,1,F&B Eatery/Limited-Service Restaurants,Walking,Walking
23065,34,Adult,65587,High,2_person,married_couple,0,F&B Eatery/Full-Service Restaurants,Public_transport,Public_transport
9269,48,Middle Age,47661,Moderate,4_person,family_single,1,F&B Eatery/Snack and Nonalcoholic Beverage Bars,Car,Car
66321,55,Senior,295198,Ultra High,1_person,living_alone,1,F&B Eatery/Full-Service Restaurants,Car,Car
32634,28,Young Adult,33325,Moderate,5_person,family_single,1,F&B Eatery/Full-Service Restaurants,Walking,Car
8683,41,Middle Age,64828,High,1_person,living_alone,1,F&B Eatery/Snack and Nonalcoholic Beverage Bars,Public_transport,Car
42511,21,Young Adult,0,Debt,5_person,nonfamily_single,2,F&B Eatery/Full-Service Restaurants,Car,Car
47028,34,Adult,47274,Moderate,4_person,nonfamily_single,2,F&B Eatery/Drinking Places,Walking,Car
47892,21,Young Adult,0,Debt,2_person,nonfamily_single,0,F&B Eatery/Full-Service Restaurants,Walking,Walking
55514,68,Elderly,0,Debt,5_person,family_single,1,F&B Eatery/Full-Service Restaurants,Car,Car
41856,64,Elderly,70710,High,1_person,living_alone,3_plus,F&B Eatery/Limited-Service Restaurants,Car,Car
16562,25,Young Adult,0,Debt,1_person,living_alone,0,F&B Eatery/Snack and Nonalcoholic Beverage Bars,Walking,Walking
6464,23,Young Adult,0,Debt,3_person,nonfamily_single,0,F&B Eatery/Full-Service Restaurants,Walking,Walking
26532,39,Adult,4851,Low,3_person,married_couple,1,F&B Eatery/Full-Service Restaurants,Car,Walking
65138,35,Adult,361008,Ultra High,2_person,married_couple,2,F&B Eatery/Full-Service Restaurants,Car,Car
56148,51,Senior,821,Low,2_person,married_couple,0,F&B Eatery/Drinking Places,Public_transport,Public_transport
29491,26,Young Adult,61586,High,3_person,nonfamily_single,1,F&B Eatery/Drinking Places,Walking,Walking
18300,31,Adult,103145,Very High,2_person,married_couple,0,F&B Eatery/Drinking Places,Walking,Public_transport
27761,77,Elderly,464565,Ultra High,6_person,married_couple,3_plus,F&B Eatery/Full-Service Restaurants,Car,Car
66318,50,Middle Age,26817,Low,5_person,family_single,1,F&B Eatery/Full-Service Restaurants,Walking,Car
26081,25,Young Adult,0,Debt,3_person,married_couple,0,F&B Eatery/Full-Service Restaurants,Walking,Walking
40875,81,Elderly,31718,Moderate,1_person,living_alone,0,F&B Eatery/Snack and Nonalcoholic Beverage Bars,Walking,Public_transport
14904,57,Senior,947904,Ultra High,2_person,married_couple,2,F&B Eatery/Limited-Service Restaurants,Walking,Car
66920,69,Elderly,95125,Very High,1_person,living_alone,1,F&B Eatery/Full-Service Restaurants,Car,Car
34678,62,Elderly,10546,Low,4_person,married_couple,1,F&B Eatery/Snack and Nonalcoholic Beverage Bars,Walking,Car
15927,52,Senior,595338,Ultra High,1_person,living_alone,1,F&B Eatery/Limited-Service Restaurants,Walking,Car
28610,60,Senior,0,Debt,6_person,married_couple,2,F&B Eatery/Full-Service Restaurants,Car,Car
1301,31,Adult,0,Debt,4_person,nonfamily_single,1,F&B Eatery/Snack and Nonalcoholic Beverage Bars,Walking,Walking
23991,37,Adult,30056,Moderate,4_person,married_couple,2,F&B Eatery/Snack and Nonalcoholic Beverage Bars,Car,Public_transport
17517,22,Young Adult,15152,Low,3_person,nonfamily_single,0,F&B Eatery/Full-Service Restaurants,Walking,Walking
1230,26,Young Adult,30943,Moderate,2_person,married_couple,1,F&B Eatery/Snack and Nonalcoholic Beverage Bars,Car,Car
66012,28,Young Adult,90913,Very High,6_person,married_couple,3_plus,F&B Eatery/Full-Service Restaurants,Car,Car
27094,29,Young Adult,16970,Low,3_person,married_couple,1,F&B Eatery/Snack and Nonalcoholic Beverage Bars,Public_transport,Public_transport
53645,53,Senior,607453,Ultra High,2_person,married_couple,3_plus,F&B Eatery/Full-Service Restaurants,Car,Car
34085,24,Young Adult,32324,Moderate,2_person,nonfamily_single,2,F&B Eatery/Full-Service Restaurants,Car,Car
4368,27,Young Adult,51572,Moderate,2_person,nonfamily_single,1,F&B Eatery/Snack and Nonalcoholic Beverage Bars,Public_transport,Car
41081,23,Young Adult,18566,Low,1_person,living_alone,0,F&B Eatery/Full-Service Restaurants,Walking,Walking
52982,23,Young Adult,53672,Moderate,3_person,family_single,3_plus,F&B Eatery/Full-Service Restaurants,Walking,Car
27025,33,Adult,123388,Ultra High,2_person,nonfamily_single,2,F&B Eatery/Snack and Nonalcoholic Beverage Bars,Public_transport,Car
60296,40,Adult,312255,Ultra High,2_person,married_couple,1,F&B Eatery/Limited-Service Restaurants,Car,Car
56477,68,Elderly,52730,Moderate,2_person,married_couple,1,F&B Eatery/Full-Service Restaurants,Public_transport,Car
13854,55,Senior,5367,Low,3_person,nonfamily_single,1,F&B Eatery/Limited-Service Restaurants,Car,Car
6080,50,Middle Age,8889,Low,7_plus_person,nonfamily_single,0,F&B Eatery/Full-Service Restaurants,Car,Public_transport
60953,25,Young Adult,43218,Moderate,2_person,family_single,0,F&B Eatery/Drinking Places,Walking,Walking
35369,24,Young Adult,29294,Low,5_person,married_couple,2,F&B Eatery/Full-Service Restaurants,Walking,Public_transport
6568,79,Elderly,13073,Low,2_person,married_couple,2,F&B Eatery/Full-Service Restaurants,Car,Car
58866,57,Senior,12965,Low,1_person,living_alone,0,F&B Eatery/Full-Service Restaurants,Walking,Public_transport
28060,40,Adult,151521,Ultra High,3_person,married_couple,1,F&B Eatery/Full-Service Restaurants,Walking,Car
18557,58,Senior,19288,Low,2_person,family_single,0,F&B Eatery/Full-Service Restaurants,Public_transport,Public_transport
44243,56,Senior,26365,Low,3_person,married_couple,1,F&B Eatery/Snack and Nonalcoholic Beverage Bars,Walking,Car
12746,24,Young Adult,18182,Low,2_person,nonfamily_single,0,F&B Eatery/Full-Service Restaurants,Walking,Walking
19989,54,Senior,0,Debt,7_plus_person,married_couple,0,F&B Eatery/Full-Service Restaurants,Walking,Walking
13276,53,Senior,48621,Moderate,4_person,married_couple,1,F&B Eatery/Full-Service Restaurants,Walking,Public_transport
22813,19,Young Adult,0,Debt,4_person,family_single,1,F&B Eatery/Full-Service Restaurants,Car,Walking
29245,42,Middle Age,78949,High,1_person,living_alone,0,F&B Eatery/Full-Service Restaurants,Public_transport,Public_transport
25186,52,Senior,19510,Low,4_person,family_single,1,F&B Eatery/Full-Service Restaurants,Car,Car
7995,23,Young Adult,23201,Low,3_person,nonfamily_single,2,F&B Eatery/Limited-Service Restaurants,Walking,Walking
41910,21,Young Adult,20202,Low,7_plus_person,married_couple,3_plus,F&B Eatery/Drinking Places,Walking,Public_transport
36536,24,Young Adult,23253,Low,1_person,living_alone,0,F&B Eatery/Limited-Service Restaurants,Walking,Walking
32574,83,Elderly,9339,Low,1_person,living_alone,0,F&B Eatery/Full-Service Restaurants,Public_transport,Walking
37845,18,Teen,0,Debt,2_person,family_single,0,F&B Eatery/Snack and Nonalcoholic Beverage Bars,Walking,Walking
24658,31,Adult,51572,Moderate,2_person,nonfamily_single,1,F&B Eatery/Limited-Service Restaurants,Walking,Car
44462,42,Middle Age,0,Debt,5_person,married_couple,3_plus,F&B Eatery/Full-Service Restaurants,Car,Car
9599,45,Middle Age,25823,Low,2_person,married_couple,1,F&B Eatery/Snack and Nonalcoholic Beverage Bars,Public_transport,Car
4631,51,Senior,59425,Moderate,7_plus_person,family_single,2,F&B Eatery/Full-Service Restaurants,Car,Walking
60481,25,Young Adult,22728,Low,6_person,nonfamily_single,1,F&B Eatery/Limited-Service Restaurants,Car,Public_transport
240,65,Elderly,135815,Ultra High,2_person,married_couple,2,F&B Eatery/Drinking Places,Car,Car
48821,24,Young Adult,0,Debt,2_person,nonfamily_single,0,F&B Eatery/Snack and Nonalcoholic Beverage Bars,Walking,Walking
15424,60,Senior,30998,Moderate,2_person,married_couple,2,F&B Eatery/Full-Service Restaurants,Car,Car
29511,37,Adult,146943,Ultra High,2_person,married_couple,1,F&B Eatery/Drinking Places,Public_transport,Car
12197,52,Senior,63276,High,4_person,nonfamily_single,3_plus,F&B Eatery/Snack and Nonalcoholic Beverage Bars,Walking,Car
60572,46,Middle Age,42937,Moderate,6_person,married_couple,3_plus,F&B Eatery/Full-Service Restaurants,Car,Car
27155,24,Young Adult,0,Debt,2_person,nonfamily_single,1,F&B Eatery/Snack and Nonalcoholic Beverage Bars,Walking,Walking
62072,49,Middle Age,19448,Low,2_person,married_couple,1,F&B Eatery/Full-Service Restaurants,Public_transport,Car
44229,50,Middle Age,162340,Ultra High,2_person,married_couple,2,F&B Eatery/Limited-Service Restaurants,Car,Car
27314,76,Elderly,48478,Moderate,2_person,nonfamily_single,1,F&B Eatery/Full-Service Restaurants,Car,Car
32439,73,Elderly,56729,Moderate,3_person,married_couple,1,F&B Eatery/Full-Service Restaurants,Car,Car
56754,86,Elderly,18182,Low,2_person,nonfamily_single,1,F&B Eatery/Full-Service Restaurants,Car,Car
7465,40,Adult,183559,Ultra High,1_person,living_alone,1,F&B Eatery/Limited-Service Restaurants,Public_transport,Car
34635,69,Elderly,32740,Moderate,2_person,married_couple,1,F&B Eatery/Limited-Service Restaurants,Car,Car
60562,69,Elderly,49378,Moderate,2_person,married_couple,1,F&B Eatery/Limited-Service Restaurants,Walking,Car
51720,57,Senior,45084,Moderate,3_person,married_couple,2,F&B Eatery/Full-Service Restaurants,Public_transport,Car
60457,80,Elderly,85256,High,2_person,married_couple,1,F&B Eatery/Full-Service Restaurants,Car,Car
35289,29,Young Adult,35759,Moderate,3_person,nonfamily_single,1,F&B Eatery/Full-Service Restaurants,Car,Car
62337,60,Senior,118616,Very High,1_person,living_alone,1,F&B Eatery/Full-Service Restaurants,Car,Car
1820,32,Adult,0,Debt,6_person,married_couple,1,F&B Eatery/Limited-Service Restaurants,Car,Car
2410,56,Senior,8990,Low,7_plus_person,family_single,1,F&B Eatery/Snack and Nonalcoholic Beverage Bars,Walking,Walking
61427,82,Elderly,966910,Ultra High,2_person,married_couple,1,F&B Eatery/Drinking Places,Walking,Car
8243,42,Middle Age,9076,Low,7_plus_person,married_couple,3_plus,F&B Eatery/Snack and Nonalcoholic Beverage Bars,Public_transport,Car
28464,54,Senior,85875,High,1_person,living_alone,1,F&B Eatery/Full-Service Restaurants,Walking,Car
39405,59,Senior,0,Debt,7_plus_person,married_couple,2,F&B Eatery/Snack and Nonalcoholic Beverage Bars,Car,Walking
54339,80,Elderly,9394,Low,1_person,living_alone,1,F&B Eatery/Full-Service Restaurants,Public_transport,Car
16576,43,Middle Age,67044,High,1_person,living_alone,1,F&B Eatery/Full-Service Restaurants,Walking,Car
37333,25,Young Adult,0,Debt,4_person,nonfamily_single,1,F&B Eatery/Snack and Nonalcoholic Beverage Bars,Public_transport,Walking
47685,45,Middle Age,18771,Low,2_person,nonfamily_single,0,F&B Eatery/Full-Service Restaurants,Public_transport,Walking
29991,47,Middle Age,121217,Ultra High,7_plus_person,married_couple,1,F&B Eatery/Limited-Service Restaurants,Walking,Walking
24326,56,Senior,21609,Low,3_person,family_single,1,F&B Eatery/Full-Service Restaurants,Car,Car
13929,30,Young Adult,121217,Ultra High,6_person,married_couple,3_plus,F&B Eatery/Snack and Nonalcoholic Beverage Bars,Walking,Car
145,29,Young Adult,36926,Moderate,4_person,nonfamily_single,0,F&B Eatery/Snack and Nonalcoholic Beverage Bars,Car,Walking
6391,32,Adult,0,Debt,5_person,married_couple,1,F&B Eatery/Full-Service Restaurants,Car,Car
34886,37,Adult,129732,Ultra High,2_person,married_couple,1,F&B Eatery/Snack and Nonalcoholic Beverage Bars,Public_transport,Car
42818,28,Young Adult,133196,Ultra High,2_person,married_couple,1,F&B Eatery/Full-Service Restaurants,Car,Walking
36547,34,Adult,108047,Very High,2_person,nonfamily_single,0,F&B Eatery/Snack and Nonalcoholic Beverage Bars,Walking,Walking
41785,25,Young Adult,5273,Low,4_person,nonfamily_single,1,F&B Eatery/Full-Service Restaurants,Walking,Car
37729,44,Middle Age,0,Debt,3_person,married_couple,1,F&B Eatery/Full-Service Restaurants,Walking,Car
2809,29,Young Adult,172875,Ultra High,2_person,nonfamily_single,1,F&B Eatery/Full-Service Restaurants,Walking,Walking
33266,58,Senior,313336,Ultra High,2_person,married_couple,1,F&B Eatery/Snack and Nonalcoholic Beverage Bars,Car,Car
11445,28,Young Adult,27011,Low,2_person,nonfamily_single,1,F&B Eatery/Full-Service Restaurants,Public_transport,Walking
33686,69,Elderly,331832,Ultra High,2_person,married_couple,1,F&B Eatery/Full-Service Restaurants,Car,Car
62575,67,Elderly,90590,Very High,1_person,living_alone,1,F&B Eatery/Snack and Nonalcoholic Beverage Bars,Car,Car
46158,18,Teen,0,Debt,3_person,married_couple,2,F&B Eatery/Drinking Places,Car,Car
46032,26,Young Adult,83729,High,2_person,nonfamily_single,0,F&B Eatery/Drinking Places,Walking,Walking
57769,51,Senior,5050,Low,2_person,married_couple,1,F&B Eatery/Full-Service Restaurants,Public_transport,Car
37052,27,Young Adult,89641,High,4_person,married_couple,0,F&B Eatery/Drinking Places,Walking,Walking
62847,81,Elderly,10440,Low,2_person,married_couple,1,F&B Eatery/Limited-Service Restaurants,Car,Car
24746,24,Young Adult,13397,Low,3_person,nonfamily_single,0,F&B Eatery/Full-Service Restaurants,Public_transport,Walking
228,75,Elderly,26508,Low,1_person,living_alone,1,F&B Eatery/Full-Service Restaurants,Car,Car
65186,74,Elderly,12881,Low,4_person,family_single,2,F&B Eatery/Full-Service Restaurants,Car,Car
52172,19,Young Adult,0,Debt,3_person,nonfamily_single,0,F&B Eatery/Snack and Nonalcoholic Beverage Bars,Walking,Walking
35509,43,Middle Age,151914,Ultra High,3_person,married_couple,1,F&B Eatery/Full-Service Restaurants,Public_transport,Car
13329,27,Young Adult,69603,High,2_person,nonfamily_single,1,F&B Eatery/Full-Service Restaurants,Walking,Walking
11703,65,Elderly,20932,Low,1_person,living_alone,1,F&B Eatery/Full-Service Restaurants,Car,Car
47116,30,Young Adult,202029,Ultra High,2_person,married_couple,0,F&B Eatery/Full-Service Restaurants,Public_transport,Walking
9271,30,Young Adult,0,Debt,2_person,married_couple,1,F&B Eatery/Limited-Service Restaurants,Public_transport,Public_transport
61747,24,Young Adult,86437,High,4_person,nonfamily_single,0,F&B Eatery/Limited-Service Restaurants,Walking,Walking
43881,68,Elderly,105460,Very High,3_person,family_single,2,F&B Eatery/Full-Service Restaurants,Car,Car
6001,27,Young Adult,15471,Low,2_person,nonfamily_single,1,F&B Eatery/Snack and Nonalcoholic Beverage Bars,Car,Walking
54870,29,Young Adult,119601,Very High,2_person,nonfamily_single,1,F&B Eatery/Snack and Nonalcoholic Beverage Bars,Public_transport,Car
4897,21,Young Adult,0,Debt,2_person,nonfamily_single,0,F&B Eatery/Full-Service Restaurants,Walking,Walking
5583,53,Senior,54745,Moderate,3_person,family_single,1,F&B Eatery/Snack and Nonalcoholic Beverage Bars,Car,Car
51517,43,Middle Age,13397,Low,4_person,married_couple,2,F&B Eatery/Full-Service Restaurants,Car,Public_transport
28229,50,Middle Age,111115,Very High,2_person,married_couple,2,F&B Eatery/Full-Service Restaurants,Car,Walking
40635,36,Adult,27011,Low,7_plus_person,married_couple,0,F&B Eatery/Limited-Service Restaurants,Public_transport,Public_transport
28899,23,Young Adult,12881,Low,3_person,nonfamily_single,2,F&B Eatery/Snack and Nonalcoholic Beverage Bars,Public_transport,Walking
19894,18,Teen,0,Debt,7_plus_person,family_single,3_plus,F&B Eatery/Full-Service Restaurants,Walking,Car
33896,50,Middle Age,53635,Moderate,4_person,family_single,1,F&B Eatery/Limited-Service Restaurants,Car,Car
62055,63,Elderly,500666,Ultra High,3_person,married_couple,1,F&B Eatery/Special Food Services,Car,Car
64665,86,Elderly,6327,Low,4_person,married_couple,1,F&B Eatery/Full-Service Restaurants,Car,Car
10400,62,Elderly,5273,Low,4_person,married_couple,1,F&B Eatery/Snack and Nonalcoholic Beverage Bars,Walking,Car
34335,48,Middle Age,0,Debt,3_person,family_single,2,F&B Eatery/Full-Service Restaurants,Car,Car
43066,52,Senior,64406,High,2_person,family_single,1,F&B Eatery/Full-Service Restaurants,Walking,Car
34474,29,Young Adult,107344,Very High,2_person,nonfamily_single,2,F&B Eatery/Limited-Service Restaurants,Public_transport,Car
23834,29,Young Adult,52,Low,3_person,family_single,0,F&B Eatery/Snack and Nonalcoholic Beverage Bars,Public_transport,Walking
3153,73,Elderly,10273,Low,1_person,living_alone,1,F&B Eatery/Full-Service Restaurants,Car,Car
10364,78,Elderly,9724,Low,2_person,family_single,0,F&B Eatery/Limited-Service Restaurants,Car,Walking
11523,54,Senior,77288,High,3_person,married_couple,1,F&B Eatery/Full-Service Restaurants,Walking,Car
40067,25,Young Adult,9385,Low,4_person,family_single,0,F&B Eatery/Full-Service Restaurants,Walking,Walking
215,33,Adult,25253,Low,2_person,married_couple,1,F&B Eatery/Full-Service Restaurants,Public_transport,Walking
49664,31,Adult,40910,Moderate,7_plus_person,married_couple,1,F&B Eatery/Full-Service Restaurants,Car,Public_transport
39008,27,Young Adult,72201,High,2_person,married_couple,1,F&B Eatery/Snack and Nonalcoholic Beverage Bars,Walking,Walking
23488,31,Adult,0,Debt,4_person,nonfamily_single,1,F&B Eatery/Snack and Nonalcoholic Beverage Bars,Car,Walking
26950,27,Young Adult,61887,High,3_person,family_single,3_plus,F&B Eatery/Full-Service Restaurants,Car,Car
9824,44,Middle Age,60608,High,3_person,family_single,0,F&B Eatery/Limited-Service Restaurants,Public_transport,Walking
35693,51,Senior,1581,Low,3_person,married_couple,2,F&B Eatery/Full-Service Restaurants,Car,Car
43258,32,Adult,43436,Moderate,2_person,married_couple,1,F&B Eatery/Full-Service Restaurants,Car,Car
9637,67,Elderly,5353,Low,1_person,living_alone,1,F&B Eatery/Limited-Service Restaurants,Car,Car
45212,29,Young Adult,69150,High,2_person,nonfamily_single,0,F&B Eatery/Full-Service Restaurants,Car,Walking
58806,70,Elderly,44446,Moderate,1_person,living_alone,1,F&B Eatery/Limited-Service Restaurants,Walking,Car
35489,70,Elderly,0,Debt,2_person,married_couple,1,F&B Eatery/Full-Service Restaurants,Car,Car
56597,70,Elderly,309951,Ultra High,2_person,married_couple,1,F&B Eatery/Full-Service Restaurants,Public_transport,Car
24277,23,Young Adult,45084,Moderate,2_person,nonfamily_single,0,F&B Eatery/Full-Service Restaurants,Car,Walking
67304,26,Young Adult,42184,Moderate,2_person,nonfamily_single,1,F&B Eatery/Limited-Service Restaurants,Car,Car
40277,79,Elderly,10124,Low,1_person,living_alone,2,F&B Eatery/Snack and Nonalcoholic Beverage Bars,Car,Car
35427,21,Young Adult,0,Debt,2_person,nonfamily_single,0,F&B Eatery/Limited-Service Restaurants,Walking,Walking
24426,29,Young Adult,72391,High,2_person,family_single,1,F&B Eatery/Full-Service Restaurants,Public_transport,Walking
60552,25,Young Adult,48305,Moderate,3_person,nonfamily_single,0,F&B Eatery/Limited-Service Restaurants,Walking,Walking
55105,61,Elderly,12274,Low,1_person,living_alone,0,F&B Eatery/Snack and Nonalcoholic Beverage Bars,Public_transport,Walking
1449,50,Middle Age,75141,High,4_person,married_couple,1,F&B Eatery/Full-Service Restaurants,Walking,Car
39620,31,Adult,49951,Moderate,4_person,family_single,0,F&B Eatery/Limited-Service Restaurants,Public_transport,Public_transport
26312,41,Middle Age,40405,Moderate,4_person,family_single,2,F&B Eatery/Snack and Nonalcoholic Beverage Bars,Public_transport,Car
13799,58,Senior,30304,Moderate,2_person,married_couple,1,F&B Eatery/Limited-Service Restaurants,Walking,Car
27812,81,Elderly,248887,Ultra High,2_person,married_couple,1,F&B Eatery/Full-Service Restaurants,Public_transport,Car
47922,77,Elderly,17328,Low,1_person,living_alone,1,F&B Eatery/Full-Service Restaurants,Car,Car
62881,56,Senior,41258,Moderate,2_person,married_couple,1,F&B Eatery/Snack and Nonalcoholic Beverage Bars,Walking,Car
47551,50,Middle Age,0,Debt,6_person,married_couple,3_plus,F&B Eatery/Snack and Nonalcoholic Beverage Bars,Public_transport,Car
28307,70,Elderly,74264,High,3_person,married_couple,2,F&B Eatery/Full-Service Restaurants,Public_transport,Car
63090,75,Elderly,10756,Low,3_person,family_single,1,F&B Eatery/Limited-Service Restaurants,Public_transport,Car
64282,46,Middle Age,268924,Ultra High,4_person,married_couple,1,F&B Eatery/Limited-Service Restaurants,Walking,Car
49112,26,Young Adult,31638,Moderate,2_person,nonfamily_single,1,F&B Eatery/Full-Service Restaurants,Public_transport,Car
29670,32,Adult,289,Low,2_person,married_couple,1,F&B Eatery/Full-Service Restaurants,Walking,Walking
10832,29,Young Adult,119601,Very High,1_person,living_alone,0,F&B Eatery/Full-Service Restaurants,Public_transport,Walking
48517,22,Young Adult,10804,Low,5_person,nonfamily_single,0,F&B Eatery/Full-Service Restaurants,Walking,Walking
41821,60,Senior,10335,Low,1_person,living_alone,0,F&B Eatery/Limited-Service Restaurants,Walking,Public_transport
34273,34,Adult,34565,Moderate,5_person,family_single,2,F&B Eatery/Full-Service Restaurants,Car,Car
6054,31,Adult,123774,Ultra High,4_person,married_couple,2,F&B Eatery/Full-Service Restaurants,Car,Public_transport
62707,21,Young Adult,0,Debt,7_plus_person,family_single,1,F&B Eatery/Drinking Places,Car,Walking
31875,64,Elderly,118079,Very High,1_person,living_alone,1,F&B Eatery/Limited-Service Restaurants,Walking,Car
36993,42,Middle Age,7220,Low,1_person,living_alone,0,F&B Eatery/Full-Service Restaurants,Walking,Walking
51702,24,Young Adult,0,Debt,7_plus_person,family_single,0,F&B Eatery/Full-Service Restaurants,Public_transport,Walking
41401,26,Young Adult,40791,Moderate,5_person,married_couple,3_plus,F&B Eatery/Full-Service Restaurants,Car,Car
23824,39,Adult,6327,Low,7_plus_person,family_single,3_plus,F&B Eatery/Snack and Nonalcoholic Beverage Bars,Car,Public_transport
9130,70,Elderly,10372,Low,1_person,living_alone,0,F&B Eatery/Full-Service Restaurants,Walking,Walking
39536,60,Senior,32414,Moderate,1_person,living_alone,1,F&B Eatery/Full-Service Restaurants,Public_transport,Car
35967,55,Senior,0,Debt,3_person,married_couple,2,F&B Eatery/Snack and Nonalcoholic Beverage Bars,Car,Car
66888,45,Middle Age,1054,Low,2_person,married_couple,2,F&B Eatery/Limited-Service Restaurants,Public_transport,Car
6449,83,Elderly,7171,Low,2_person,married_couple,1,F&B Eatery/Full-Service Restaurants,Public_transport,Car
7951,86,Elderly,105249,Very High,2_person,married_couple,1,F&B Eatery/Limited-Service Restaurants,Car,Car
28132,43,Middle Age,50507,Moderate,1_person,living_alone,1,F&B Eatery/Limited-Service Restaurants,Public_transport,Walking
14626,40,Adult,639500,Ultra High,5_person,married_couple,1,F&B Eatery/Limited-Service Restaurants,Public_transport,Public_transport
50197,71,Elderly,10372,Low,1_person,living_alone,2,F&B Eatery/Full-Service Restaurants,Car,Car
15804,54,Senior,70710,High,1_person,living_alone,1,F&B Eatery/Snack and Nonalcoholic Beverage Bars,Walking,Car
51796,52,Senior,19721,Low,4_person,family_single,0,F&B Eatery/Full-Service Restaurants,Public_transport,Walking
37203,44,Middle Age,118079,Very High,5_person,married_couple,1,F&B Eatery/Full-Service Restaurants,Car,Car
11357,59,Senior,8587,Low,1_person,living_alone,1,F&B Eatery/Limited-Service Restaurants,Car,Car
60908,95,Elderly,20385,Low,2_person,family_single,0,F&B Eatery/Full-Service Restaurants,Walking,Walking
13668,24,Young Adult,63276,High,1_person,living_alone,1,F&B Eatery/Full-Service Restaurants,Public_transport,Walking
31105,50,Middle Age,112712,Very High,3_person,family_single,1,F&B Eatery/Full-Service Restaurants,Car,Car
14645,25,Young Adult,10734,Low,3_person,married_couple,2,F&B Eatery/Full-Service Restaurants,Public_transport,Public_transport
48474,84,Elderly,0,Debt,6_person,nonfamily_single,0,F&B Eatery/Full-Service Restaurants,Public_transport,Public_transport
53639,61,Elderly,15152,Low,1_person,living_alone,0,F&B Eatery/Full-Service Restaurants,Public_transport,Walking
18445,61,Elderly,42500,Moderate,2_person,family_single,0,F&B Eatery/Full-Service Restaurants,Public_transport,Public_transport
21029,38,Adult,135254,Ultra High,4_person,married_couple,1,F&B Eatery/Limited-Service Restaurants,Car,Public_transport
58264,23,Young Adult,60113,High,2_person,nonfamily_single,0,F&B Eatery/Drinking Places,Walking,Walking
27388,36,Adult,145863,Ultra High,3_person,family_single,1,F&B Eatery/Full-Service Restaurants,Car,Car
3775,31,Adult,65659,High,1_person,living_alone,0,F&B Eatery/Full-Service Restaurants,Public_transport,Walking
53150,27,Young Adult,68549,High,2_person,nonfamily_single,1,F&B Eatery/Snack and Nonalcoholic Beverage Bars,Car,Walking
16374,55,Senior,128813,Ultra High,1_person,living_alone,2,F&B Eatery/Limited-Service Restaurants,Walking,Car
5596,42,Middle Age,97987,Very High,1_person,living_alone,1,F&B Eatery/Full-Service Restaurants,Car,Car
34758,27,Young Adult,87882,High,2_person,nonfamily_single,1,F&B Eatery/Drinking Places,Car,Walking
27125,32,Adult,107344,Very High,2_person,married_couple,1,F&B Eatery/Full-Service Restaurants,Car,Car
42065,22,Young Adult,17534,Low,7_plus_person,nonfamily_single,2,F&B Eatery/Limited-Service Restaurants,Public_transport,Car
23649,37,Adult,50507,Moderate,2_person,nonfamily_single,1,F&B Eatery/Full-Service Restaurants,Car,Car
48476,62,Elderly,8182,Low,1_person,living_alone,0,F&B Eatery/Snack and Nonalcoholic Beverage Bars,Public_transport,Walking
61659,40,Adult,14448,Low,2_person,family_single,0,F&B Eatery/Full-Service Restaurants,Walking,Public_transport
64629,28,Young Adult,76986,High,4_person,nonfamily_single,2,F&B Eatery/Full-Service Restaurants,Public_transport,Car
36942,31,Adult,92830,Very High,2_person,married_couple,2,F&B Eatery/Full-Service Restaurants,Walking,Car
62065,70,Elderly,149209,Ultra High,2_person,married_couple,3_plus,F&B Eatery/Full-Service Restaurants,Car,Car
41505,74,Elderly,149104,Ultra High,2_person,married_couple,0,F&B Eatery/Full-Service Restaurants,Public_transport,Public_transport
41984,22,Young Adult,63276,High,2_person,nonfamily_single,0,F&B Eatery/Limited-Service Restaurants,Car,Walking
23308,29,Young Adult,44352,Moderate,3_person,family_single,3_plus,F&B Eatery/Full-Service Restaurants,Public_transport,Car
29424,49,Middle Age,602707,Ultra High,2_person,married_couple,1,F&B Eatery/Full-Service Restaurants,Car,Car
1907,72,Elderly,38429,Moderate,1_person,living_alone,1,F&B Eatery/Drinking Places,Car,Car
15581,47,Middle Age,61887,High,1_person,living_alone,1,F&B Eatery/Snack and Nonalcoholic Beverage Bars,Car,Car
25855,23,Young Adult,0,Debt,4_person,nonfamily_single,0,F&B Eatery/Full-Service Restaurants,Walking,Walking
10143,22,Young Adult,4641,Low,2_person,family_single,0,F&B Eatery/Full-Service Restaurants,Public_transport,Walking
9916,33,Adult,63276,High,5_person,family_single,1,F&B Eatery/Full-Service Restaurants,Walking,Car
41311,27,Young Adult,116006,Very High,2_person,nonfamily_single,1,F&B Eatery/Snack and Nonalcoholic Beverage Bars,Car,Car
65423,39,Adult,193328,Ultra High,2_person,married_couple,2,F&B Eatery/Snack and Nonalcoholic Beverage Bars,Walking,Car
33751,21,Young Adult,0,Debt,3_person,nonfamily_single,0,F&B Eatery/Full-Service Restaurants,Walking,Walking
40801,46,Middle Age,33522,Moderate,4_person,married_couple,1,F&B Eatery/Full-Service Restaurants,Public_transport,Car
38248,63,Elderly,16207,Low,5_person,married_couple,1,F&B Eatery/Full-Service Restaurants,Public_transport,Car
21452,83,Elderly,22041,Low,1_person,living_alone,0,F&B Eatery/Limited-Service Restaurants,Public_transport,Walking
47662,55,Senior,25786,Low,6_person,married_couple,2,F&B Eatery/Limited-Service Restaurants,Car,Car
21181,79,Elderly,18982,Low,2_person,married_couple,1,F&B Eatery/Limited-Service Restaurants,Walking,Car
53634,23,Young Adult,5402,Low,7_plus_person,married_couple,2,F&B Eatery/Limited-Service Restaurants,Car,Car
52814,25,Young Adult,4641,Low,3_person,married_couple,3_plus,F&B Eatery/Full-Service Restaurants,Car,Public_transport
24327,56,Senior,185661,Ultra High,4_person,married_couple,3_plus,F&B Eatery/Snack and Nonalcoholic Beverage Bars,Public_transport,Public_transport
43254,26,Young Adult,30943,Moderate,2_person,married_couple,1,F&B Eatery/Snack and Nonalcoholic Beverage Bars,Car,Car
56099,19,Young Adult,16451,Low,1_person,living_alone,1,F&B Eatery/Limited-Service Restaurants,Public_transport,Walking
37425,25,Young Adult,1041,Low,7_plus_person,nonfamily_single,1,F&B Eatery/Limited-Service Restaurants,Car,Walking
39182,28,Young Adult,0,Debt,3_person,nonfamily_single,1,F&B Eatery/Limited-Service Restaurants,Walking,Walking
15386,43,Middle Age,115932,Very High,1_person,living_alone,1,F&B Eatery/Full-Service Restaurants,Car,Car
26181,74,Elderly,13636,Low,2_person,married_couple,2,F&B Eatery/Full-Service Restaurants,Public_transport,Car
35918,45,Middle Age,64828,High,4_person,married_couple,1,F&B Eatery/Full-Service Restaurants,Car,Car
61565,34,Adult,65587,High,2_person,married_couple,0,F&B Eatery/Snack and Nonalcoholic Beverage Bars,Walking,Public_transport
52721,27,Young Adult,1502,Low,2_person,nonfamily_single,0,F&B Eatery/Snack and Nonalcoholic Beverage Bars,Public_transport,Walking
53965,47,Middle Age,183501,Ultra High,2_person,nonfamily_single,2,F&B Eatery/Drinking Places,Public_transport,Car
48629,25,Young Adult,84368,High,2_person,nonfamily_single,1,F&B Eatery/Limited-Service Restaurants,Car,Walking
9265,47,Middle Age,121217,Ultra High,7_plus_person,married_couple,1,F&B Eatery/Drinking Places,Car,Walking
38737,23,Young Adult,60608,High,2_person,nonfamily_single,1,F&B Eatery/Limited-Service Restaurants,Car,Walking
47766,82,Elderly,84682,High,1_person,living_alone,1,F&B Eatery/Full-Service Restaurants,Car,Car
44659,34,Adult,85875,High,1_person,living_alone,1,F&B Eatery/Drinking Places,Public_transport,Car
52091,73,Elderly,351554,Ultra High,2_person,married_couple,2,F&B Eatery/Limited-Service Restaurants,Car,Car
30480,29,Young Adult,74067,High,3_person,nonfamily_single,3_plus,F&B Eatery/Limited-Service Restaurants,Public_transport,Car
48222,60,Senior,40405,Moderate,2_person,married_couple,0,F&B Eatery/Drinking Places,Walking,Public_transport
29086,45,Middle Age,22220,Low,3_person,married_couple,1,F&B Eatery/Snack and Nonalcoholic Beverage Bars,Public_transport,Car
50492,29,Young Adult,91839,Very High,2_person,nonfamily_single,2,F&B Eatery/Full-Service Restaurants,Walking,Car
11516,28,Young Adult,55819,Moderate,2_person,family_single,1,F&B Eatery/Full-Service Restaurants,Car,Car
34159,22,Young Adult,13730,Low,2_person,nonfamily_single,0,F&B Eatery/Full-Service Restaurants,Walking,Walking
33214,29,Young Adult,75141,High,2_person,married_couple,1,F&B Eatery/Full-Service Restaurants,Walking,Walking
40205,70,Elderly,56770,Moderate,2_person,married_couple,1,F&B Eatery/Full-Service Restaurants,Public_transport,Car
63358,33,Adult,105460,Very High,2_person,nonfamily_single,2,F&B Eatery/Full-Service Restaurants,Public_transport,Car
8802,56,Senior,170740,Ultra High,5_person,married_couple,2,F&B Eatery/Snack and Nonalcoholic Beverage Bars,Car,Car
63934,82,Elderly,64056,High,2_person,married_couple,1,F&B Eatery/Snack and Nonalcoholic Beverage Bars,Car,Car
54958,59,Senior,103034,Very High,3_person,family_single,1,F&B Eatery/Snack and Nonalcoholic Beverage Bars,Car,Car
33139,78,Elderly,0,Debt,2_person,married_couple,3_plus,F&B Eatery/Limited-Service Restaurants,Car,Car
38914,48,Middle Age,66440,High,5_person,married_couple,2,F&B Eatery/Full-Service Restaurants,Car,Car
14559,55,Senior,15126,Low,2_person,nonfamily_single,1,F&B Eatery/Snack and Nonalcoholic Beverage Bars,Car,Car
42543,69,Elderly,24072,Low,2_person,married_couple,0,F&B Eatery/Limited-Service Restaurants,Public_transport,Public_transport
17796,28,Young Adult,21609,Low,2_person,nonfamily_single,0,F&B Eatery/Snack and Nonalcoholic Beverage Bars,Car,Walking
11695,51,Senior,92805,Very High,3_person,family_single,3_plus,F&B Eatery/Snack and Nonalcoholic Beverage Bars,Public_transport,Car
28386,74,Elderly,18785,Low,2_person,family_single,1,F&B Eatery/Limited-Service Restaurants,Car,Car
51408,73,Elderly,13636,Low,2_person,married_couple,2,F&B Eatery/Snack and Nonalcoholic Beverage Bars,Walking,Car
64196,81,Elderly,5050,Low,3_person,married_couple,2,F&B Eatery/Full-Service Restaurants,Car,Car
54970,61,Elderly,57264,Moderate,2_person,married_couple,2,F&B Eatery/Snack and Nonalcoholic Beverage Bars,Car,Car
22504,25,Young Adult,64406,High,4_person,nonfamily_single,2,F&B Eatery/Snack and Nonalcoholic Beverage Bars,Walking,Car
34980,40,Adult,38385,Moderate,4_person,nonfamily_single,2,F&B Eatery/Limited-Service Restaurants,Walking,Car
5603,21,Young Adult,0,Debt,3_person,nonfamily_single,1,F&B Eatery/Snack and Nonalcoholic Beverage Bars,Walking,Walking
59966,26,Young Adult,41258,Moderate,2_person,married_couple,1,F&B Eatery/Full-Service Restaurants,Car,Car
8881,61,Elderly,32203,Moderate,2_person,married_couple,2,F&B Eatery/Snack and Nonalcoholic Beverage Bars,Car,Car
22388,44,Middle Age,175346,Ultra High,3_person,married_couple,1,F&B Eatery/Drinking Places,Car,Car
38185,27,Young Adult,70446,High,2_person,nonfamily_single,1,F&B Eatery/Full-Service Restaurants,Walking,Walking
4938,24,Young Adult,40405,Moderate,5_person,married_couple,2,F&B Eatery/Full-Service Restaurants,Public_transport,Car
46202,43,Middle Age,0,Debt,2_person,married_couple,2,F&B Eatery/Snack and Nonalcoholic Beverage Bars,Car,Car
20008,53,Senior,40405,Moderate,1_person,living_alone,0,F&B Eatery/Snack and Nonalcoholic Beverage Bars,Public_transport,Public_transport
3158,34,Adult,31871,Moderate,2_person,nonfamily_single,1,F&B Eatery/Limited-Service Restaurants,Walking,Car
20651,51,Senior,56892,Moderate,2_person,family_single,1,F&B Eatery/Snack and Nonalcoholic Beverage Bars,Car,Car
9158,54,Senior,110105,Very High,1_person,living_alone,1,F&B Eatery/Limited-Service Restaurants,Public_transport,Car
31973,33,Adult,64406,High,2_person,nonfamily_single,0,F&B Eatery/Limited-Service Restaurants,Public_transport,Walking
463,25,Young Adult,58588,Moderate,2_person,nonfamily_single,2,F&B Eatery/Full-Service Restaurants,Walking,Car
50906,83,Elderly,18982,Low,2_person,married_couple,1,F&B Eatery/Full-Service Restaurants,Car,Car
61271,25,Young Adult,17980,Low,7_plus_person,family_single,3_plus,F&B Eatery/Snack and Nonalcoholic Beverage Bars,Public_transport,Car
615,65,Elderly,80811,High,3_person,married_couple,3_plus,F&B Eatery/Full-Service Restaurants,Car,Car
6380,64,Elderly,0,Debt,2_person,married_couple,1,F&B Eatery/Full-Service Restaurants,Car,Car
20213,63,Elderly,197988,Ultra High,2_person,married_couple,1,F&B Eatery/Full-Service Restaurants,Walking,Car
49530,45,Middle Age,77358,High,3_person,family_single,2,F&B Eatery/Full-Service Restaurants,Walking,Car
44066,50,Middle Age,15152,Low,2_person,family_single,1,F&B Eatery/Full-Service Restaurants,Walking,Car
45763,66,Elderly,19193,Low,1_person,living_alone,1,F&B Eatery/Snack and Nonalcoholic Beverage Bars,Car,Car
8181,26,Young Adult,64649,High,2_person,nonfamily_single,0,F&B Eatery/Full-Service Restaurants,Public_transport,Walking
17719,79,Elderly,18982,Low,2_person,married_couple,1,F&B Eatery/Full-Service Restaurants,Car,Car
46279,28,Young Adult,161017,Ultra High,2_person,nonfamily_single,1,F&B Eatery/Drinking Places,Walking,Walking
16574,55,Senior,77288,High,3_person,family_single,2,F&B Eatery/Drinking Places,Public_transport,Car
2716,42,Middle Age,27273,Low,2_person,family_single,1,F&B Eatery/Full-Service Restaurants,Car,Car
36736,71,Elderly,13920,Low,1_person,living_alone,0,F&B Eatery/Limited-Service Restaurants,Public_transport,Walking
26220,23,Young Adult,4125,Low,5_person,family_single,1,F&B Eatery/Limited-Service Restaurants,Car,Car
15240,29,Young Adult,11236,Low,2_person,nonfamily_single,0,F&B Eatery/Full-Service Restaurants,Public_transport,Walking
30022,49,Middle Age,90696,Very High,5_person,married_couple,3_plus,F&B Eatery/Full-Service Restaurants,Walking,Car
5178,65,Elderly,0,Debt,5_person,married_couple,1,F&B Eatery/Full-Service Restaurants,Car,Car
52949,50,Middle Age,0,Debt,4_person,married_couple,1,F&B Eatery/Full-Service Restaurants,Car,Car
66938,61,Elderly,63747,High,2_person,family_single,1,F&B Eatery/Full-Service Restaurants,Car,Car
52335,73,Elderly,34169,Moderate,3_person,married_couple,1,F&B Eatery/Full-Service Restaurants,Car,Car
42771,23,Young Adult,58003,Moderate,2_person,nonfamily_single,2,F&B Eatery/Drinking Places,Walking,Car
22706,26,Young Adult,47540,Moderate,3_person,nonfamily_single,1,F&B Eatery/Snack and Nonalcoholic Beverage Bars,Public_transport,Car
46407,28,Young Adult,54023,Moderate,2_person,nonfamily_single,2,F&B Eatery/Full-Service Restaurants,Walking,Car
61273,45,Middle Age,734375,Ultra High,4_person,married_couple,1,F&B Eatery/Snack and Nonalcoholic Beverage Bars,Walking,Car
40157,26,Young Adult,0,Debt,3_person,nonfamily_single,0,F&B Eatery/Limited-Service Restaurants,Walking,Walking
51046,29,Young Adult,17084,Low,2_person,married_couple,0,F&B Eatery/Snack and Nonalcoholic Beverage Bars,Walking,Public_transport
25783,49,Middle Age,51862,Moderate,1_person,living_alone,0,F&B Eatery/Full-Service Restaurants,Public_transport,Walking
21045,68,Elderly,40405,Moderate,7_plus_person,family_single,1,F&B Eatery/Limited-Service Restaurants,Walking,Car
47124,26,Young Adult,0,Debt,4_person,married_couple,1,F&B Eatery/Snack and Nonalcoholic Beverage Bars,Walking,Car
49839,27,Young Adult,596906,Ultra High,2_person,nonfamily_single,0,F&B Eatery/Full-Service Restaurants,Walking,Walking
40537,82,Elderly,68549,High,1_person,living_alone,1,F&B Eatery/Full-Service Restaurants,Car,Car
23474,31,Adult,51675,Moderate,1_person,living_alone,1,F&B Eatery/Limited-Service Restaurants,Public_transport,Car
6221,42,Middle Age,70710,High,3_person,married_couple,0,F&B Eatery/Limited-Service Restaurants,Public_transport,Public_transport
61147,22,Young Adult,12965,Low,4_person,nonfamily_single,3_plus,F&B Eatery/Snack and Nonalcoholic Beverage Bars,Car,Walking
58533,68,Elderly,49269,Moderate,2_person,married_couple,1,F&B Eatery/Full-Service Restaurants,Car,Car
13386,31,Adult,0,Debt,3_person,married_couple,1,F&B Eatery/Full-Service Restaurants,Public_transport,Car
54146,44,Middle Age,46402,Moderate,6_person,married_couple,1,F&B Eatery/Full-Service Restaurants,Public_transport,Public_transport
42267,26,Young Adult,28092,Low,2_person,nonfamily_single,0,F&B Eatery/Full-Service Restaurants,Walking,Walking
28129,82,Elderly,0,Debt,2_person,married_couple,0,F&B Eatery/Full-Service Restaurants,Walking,Public_transport
7037,31,Adult,9661,Low,3_person,married_couple,1,F&B Eatery/Full-Service Restaurants,Public_transport,Walking
15474,80,Elderly,7382,Low,1_person,living_alone,0,F&B Eatery/Limited-Service Restaurants,Car,Walking
44414,30,Young Adult,67044,High,1_person,living_alone,0,F&B Eatery/Snack and Nonalcoholic Beverage Bars,Walking,Walking
48665,44,Middle Age,419210,Ultra High,5_person,married_couple,2,F&B Eatery/Full-Service Restaurants,Car,Car
10570,65,Elderly,5726,Low,2_person,married_couple,0,F&B Eatery/Limited-Service Restaurants,Public_transport,Public_transport
15511,40,Adult,240328,Ultra High,2_person,nonfamily_single,2,F&B Eatery/Full-Service Restaurants,Walking,Car
60230,79,Elderly,34344,Moderate,1_person,living_alone,1,F&B Eatery/Full-Service Restaurants,Car,Car
55192,40,Adult,92316,Very High,1_person,living_alone,1,F&B Eatery/Drinking Places,Car,Car
63103,33,Adult,64406,High,2_person,family_single,1,F&B Eatery/Snack and Nonalcoholic Beverage Bars,Car,Car
51333,23,Young Adult,34350,Moderate,4_person,nonfamily_single,0,F&B Eatery/Full-Service Restaurants,Public_transport,Walking
6358,52,Senior,105481,Very High,1_person,living_alone,1,F&B Eatery/Full-Service Restaurants,Public_transport,Car
64295,24,Young Adult,0,Debt,2_person,nonfamily_single,0,F&B Eatery/Limited-Service Restaurants,Walking,Walking
53144,81,Elderly,199503,Ultra High,1_person,living_alone,1,F&B Eatery/Limited-Service Restaurants,Car,Car
6691,35,Adult,41258,Moderate,4_person,married_couple,1,F&B Eatery/Limited-Service Restaurants,Car,Public_transport
10785,18,Teen,7220,Low,6_person,family_single,3_plus,F&B Eatery/Limited-Service Restaurants,Public_transport,Car
15881,22,Young Adult,18785,Low,5_person,family_single,1,F&B Eatery/Drinking Places,Car,Car
31898,53,Senior,19322,Low,2_person,married_couple,1,F&B Eatery/Snack and Nonalcoholic Beverage Bars,Car,Car
33798,34,Adult,55819,Moderate,2_person,nonfamily_single,2,F&B Eatery/Full-Service Restaurants,Walking,Car
41932,49,Middle Age,11593,Low,5_person,family_single,0,F&B Eatery/Full-Service Restaurants,Walking,Public_transport
51372,53,Senior,12641,Low,2_person,family_single,0,F&B Eatery/Full-Service Restaurants,Public_transport,Public_transport
28350,28,Young Adult,151521,Ultra High,1_person,living_alone,1,F&B Eatery/Limited-Service Restaurants,Walking,Walking
42256,68,Elderly,0,Debt,3_person,family_single,1,F&B Eatery/Limited-Service Restaurants,Car,Car
1577,61,Elderly,8889,Low,7_plus_person,nonfamily_single,0,F&B Eatery/Drinking Places,Public_transport,Public_transport
23122,80,Elderly,8889,Low,7_plus_person,nonfamily_single,0,F&B Eatery/Snack and Nonalcoholic Beverage Bars,Public_transport,Public_transport
15859,27,Young Adult,81035,High,2_person,nonfamily_single,2,F&B Eatery/Full-Service Restaurants,Public_transport,Walking
32335,21,Young Adult,40405,Moderate,1_person,living_alone,0,F&B Eatery/Snack and Nonalcoholic Beverage Bars,Walking,Walking
9947,71,Elderly,46352,Moderate,2_person,nonfamily_single,1,F&B Eatery/Full-Service Restaurants,Car,Car
36561,33,Adult,42184,Moderate,2_person,nonfamily_single,1,F&B Eatery/Full-Service Restaurants,Walking,Car
20039,64,Elderly,9091,Low,1_person,living_alone,1,F&B Eatery/Snack and Nonalcoholic Beverage Bars,Car,Car
54962,26,Young Adult,38163,Moderate,2_person,nonfamily_single,1,F&B Eatery/Limited-Service Restaurants,Walking,Car
20711,49,Middle Age,75632,High,4_person,married_couple,2,F&B Eatery/Full-Service Restaurants,Car,Car
21493,44,Middle Age,11593,Low,2_person,married_couple,1,F&B Eatery/Full-Service Restaurants,Car,Car
57454,30,Young Adult,18982,Low,2_person,nonfamily_single,1,F&B Eatery/Snack and Nonalcoholic Beverage Bars,Car,Walking
17551,67,Elderly,10480,Low,2_person,nonfamily_single,0,F&B Eatery/Full-Service Restaurants,Public_transport,Walking
32728,57,Senior,33334,Moderate,3_person,nonfamily_single,3_plus,F&B Eatery/Full-Service Restaurants,Car,Car
65021,34,Adult,1054,Low,7_plus_person,married_couple,1,F&B Eatery/Full-Service Restaurants,Car,Walking
65503,58,Senior,132438,Ultra High,3_person,married_couple,2,F&B Eatery/Full-Service Restaurants,Car,Car
48669,25,Young Adult,69700,High,3_person,nonfamily_single,3_plus,F&B Eatery/Full-Service Restaurants,Walking,Car
56838,50,Middle Age,47457,Moderate,2_person,nonfamily_single,2,F&B Eatery/Limited-Service Restaurants,Walking,Public_transport
54883,57,Senior,9661,Low,1_person,living_alone,0,F&B Eatery/Snack and Nonalcoholic Beverage Bars,Public_transport,Public_transport
35685,39,Adult,0,Debt,6_person,married_couple,3_plus,F&B Eatery/Snack and Nonalcoholic Beverage Bars,Car,Car
5586,26,Young Adult,64828,High,3_person,nonfamily_single,1,F&B Eatery/Limited-Service Restaurants,Walking,Walking
56240,62,Elderly,8889,Low,7_plus_person,nonfamily_single,0,F&B Eatery/Full-Service Restaurants,Public_transport,Public_transport
14605,80,Elderly,4213,Low,2_person,married_couple,1,F&B Eatery/Full-Service Restaurants,Public_transport,Car
39094,62,Elderly,293952,Ultra High,1_person,living_alone,2,F&B Eatery/Snack and Nonalcoholic Beverage Bars,Walking,Car
48674,51,Senior,0,Debt,4_person,married_couple,1,F&B Eatery/Full-Service Restaurants,Public_transport,Car
31670,84,Elderly,277361,Ultra High,2_person,married_couple,1,F&B Eatery/Full-Service Restaurants,Public_transport,Car
1515,25,Young Adult,50507,Moderate,4_person,nonfamily_single,3_plus,F&B Eatery/Snack and Nonalcoholic Beverage Bars,Public_transport,Public_transport
53464,94,Elderly,5045,Low,3_person,family_single,0,F&B Eatery/Full-Service Restaurants,Public_transport,Walking
35139,31,Adult,40405,Moderate,2_person,family_single,1,F&B Eatery/Snack and Nonalcoholic Beverage Bars,Walking,Car
3432,48,Middle Age,13535,Low,1_person,living_alone,0,F&B Eatery/Snack and Nonalcoholic Beverage Bars,Walking,Walking
51415,18,Teen,0,Debt,5_person,married_couple,1,F&B Eatery/Snack and Nonalcoholic Beverage Bars,Public_transport,Car
20863,60,Senior,18182,Low,6_person,married_couple,2,F&B Eatery/Full-Service Restaurants,Car,Car
4239,81,Elderly,10440,Low,2_person,married_couple,1,F&B Eatery/Snack and Nonalcoholic Beverage Bars,Car,Car
19773,20,Young Adult,0,Debt,5_person,family_single,2,F&B Eatery/Limited-Service Restaurants,Car,Car
34158,88,Elderly,62327,High,1_person,living_alone,1,F&B Eatery/Full-Service Restaurants,Public_transport,Car
893,59,Senior,1296,Low,2_person,family_single,2,F&B Eatery/Full-Service Restaurants,Car,Car
50642,70,Elderly,10967,Low,2_person,married_couple,0,F&B Eatery/Full-Service Restaurants,Car,Public_transport
39867,43,Middle Age,73841,High,1_person,living_alone,1,F&B Eatery/Drinking Places,Walking,Car
26426,24,Young Adult,73740,High,2_person,nonfamily_single,1,F&B Eatery/Full-Service Restaurants,Public_transport,Walking
46805,70,Elderly,74264,High,3_person,married_couple,2,F&B Eatery/Drinking Places,Public_transport,Car
5074,30,Young Adult,101014,Very High,2_person,married_couple,1,F&B Eatery/Limited-Service Restaurants,Car,Walking
24900,26,Young Adult,43320,Moderate,2_person,nonfamily_single,0,F&B Eatery/Limited-Service Restaurants,Walking,Walking
25791,23,Young Adult,0,Debt,1_person,living_alone,0,F&B Eatery/Snack and Nonalcoholic Beverage Bars,Walking,Walking
15187,68,Elderly,34791,Moderate,2_person,married_couple,2,F&B Eatery/Full-Service Restaurants,Public_transport,Car
2933,61,Elderly,160493,Ultra High,2_person,married_couple,1,F&B Eatery/Full-Service Restaurants,Car,Car
32330,47,Middle Age,121217,Ultra High,7_plus_person,married_couple,1,F&B Eatery/Snack and Nonalcoholic Beverage Bars,Car,Walking
29265,35,Adult,361008,Ultra High,2_person,married_couple,2,F&B Eatery/Drinking Places,Public_transport,Car
44130,44,Middle Age,97242,Very High,2_person,family_single,1,F&B Eatery/Snack and Nonalcoholic Beverage Bars,Walking,Car
43705,43,Middle Age,54023,Moderate,2_person,nonfamily_single,1,F&B Eatery/Drinking Places,Public_transport,Walking
11970,68,Elderly,8889,Low,7_plus_person,nonfamily_single,0,F&B Eatery/Snack and Nonalcoholic Beverage Bars,Public_transport,Public_transport
66643,28,Young Adult,94914,Very High,2_person,married_couple,1,F&B Eatery/Full-Service Restaurants,Walking,Walking
28022,32,Adult,97242,Very High,2_person,family_single,1,F&B Eatery/Full-Service Restaurants,Car,Car
1129,29,Young Adult,68549,High,2_person,married_couple,2,F&B Eatery/Full-Service Restaurants,Car,Walking
731,16,Teen,0,Debt,3_person,family_single,2,F&B Eatery/Snack and Nonalcoholic Beverage Bars,Public_transport,Walking
11110,28,Young Adult,10804,Low,2_person,nonfamily_single,0,F&B Eatery/Full-Service Restaurants,Car,Walking
30329,34,Adult,0,Debt,4_person,married_couple,1,F&B Eatery/Full-Service Restaurants,Public_transport,Car
3084,46,Middle Age,34037,Moderate,2_person,married_couple,0,F&B Eatery/Full-Service Restaurants,Public_transport,Public_transport
7297,23,Young Adult,0,Debt,3_person,nonfamily_single,0,F&B Eatery/Limited-Service Restaurants,Walking,Walking
37356,60,Senior,25310,Low,1_person,living_alone,0,F&B Eatery/Full-Service Restaurants,Walking,Public_transport
45264,28,Young Adult,0,Debt,2_person,nonfamily_single,0,F&B Eatery/Full-Service Restaurants,Car,Walking
31926,45,Middle Age,0,Debt,5_person,married_couple,2,F&B Eatery/Snack and Nonalcoholic Beverage Bars,Public_transport,Car
2795,33,Adult,0,Debt,4_person,married_couple,2,F&B Eatery/Full-Service Restaurants,Walking,Car
25363,29,Young Adult,195975,Ultra High,1_person,living_alone,0,F&B Eatery/Snack and Nonalcoholic Beverage Bars,Walking,Walking
7601,65,Elderly,23939,Low,3_person,family_single,1,F&B Eatery/Full-Service Restaurants,Car,Car
798,60,Senior,1515,Low,7_plus_person,nonfamily_single,0,F&B Eatery/Snack and Nonalcoholic Beverage Bars,Public_transport,Public_transport
22616,27,Young Adult,53032,Moderate,4_person,nonfamily_single,1,F&B Eatery/Full-Service Restaurants,Public_transport,Car
17118,79,Elderly,431861,Ultra High,2_person,married_couple,2,F&B Eatery/Limited-Service Restaurants,Car,Car
63596,31,Adult,64406,High,2_person,nonfamily_single,0,F&B Eatery/Full-Service Restaurants,Public_transport,Walking
51396,29,Young Adult,139977,Ultra High,2_person,married_couple,1,F&B Eatery/Full-Service Restaurants,Public_transport,Walking
178,39,Adult,72201,High,2_person,married_couple,2,F&B Eatery/Limited-Service Restaurants,Walking,Car
44237,37,Adult,136044,Ultra High,4_person,married_couple,2,F&B Eatery/Full-Service Restaurants,Walking,Public_transport
17558,39,Adult,32414,Moderate,3_person,married_couple,1,F&B Eatery/Full-Service Restaurants,Public_transport,Car
13798,34,Adult,108302,Very High,2_person,married_couple,1,F&B Eatery/Drinking Places,Car,Car
59199,26,Young Adult,30304,Moderate,3_person,nonfamily_single,1,F&B Eatery/Snack and Nonalcoholic Beverage Bars,Car,Car
59175,63,Elderly,42426,Moderate,7_plus_person,family_single,1,F&B Eatery/Full-Service Restaurants,Car,Car
42598,71,Elderly,84265,High,2_person,family_single,1,F&B Eatery/Snack and Nonalcoholic Beverage Bars,Car,Car
17174,53,Senior,12641,Low,2_person,family_single,0,F&B Eatery/Full-Service Restaurants,Walking,Public_transport
65529,66,Elderly,23201,Low,3_person,nonfamily_single,1,F&B Eatery/Full-Service Restaurants,Walking,Car
32567,23,Young Adult,71170,High,3_person,nonfamily_single,1,F&B Eatery/Full-Service Restaurants,Public_transport,Walking
64850,37,Adult,123774,Ultra High,3_person,married_couple,1,F&B Eatery/Full-Service Restaurants,Public_transport,Car
27777,64,Elderly,49566,Moderate,2_person,family_single,1,F&B Eatery/Snack and Nonalcoholic Beverage Bars,Car,Car
32966,36,Adult,3649,Low,2_person,family_single,0,F&B Eatery/Full-Service Restaurants,Public_transport,Public_transport
47411,22,Young Adult,0,Debt,2_person,nonfamily_single,2,F&B Eatery/Full-Service Restaurants,Car,Walking
24648,61,Elderly,9724,Low,4_person,married_couple,1,F&B Eatery/Full-Service Restaurants,Car,Car
56827,65,Elderly,36365,Moderate,1_person,living_alone,0,F&B Eatery/Snack and Nonalcoholic Beverage Bars,Public_transport,Public_transport
29769,27,Young Adult,103351,Very High,7_plus_person,family_single,2,F&B Eatery/Limited-Service Restaurants,Car,Walking
16932,73,Elderly,8889,Low,7_plus_person,nonfamily_single,0,F&B Eatery/Snack and Nonalcoholic Beverage Bars,Public_transport,Public_transport
52491,62,Elderly,50507,Moderate,2_person,married_couple,1,F&B Eatery/Limited-Service Restaurants,Walking,Car
12940,48,Middle Age,101082,Very High,6_person,married_couple,2,F&B Eatery/Drinking Places,Car,Car
53623,25,Young Adult,58003,Moderate,4_person,nonfamily_single,3_plus,F&B Eatery/Full-Service Restaurants,Car,Public_transport
58531,85,Elderly,10108,Low,2_person,family_single,0,F&B Eatery/Full-Service Restaurants,Walking,Walking
49036,47,Middle Age,121217,Ultra High,7_plus_person,married_couple,1,F&B Eatery/Snack and Nonalcoholic Beverage Bars,Car,Walking
23849,31,Adult,77781,High,2_person,married_couple,0,F&B Eatery/Full-Service Restaurants,Public_transport,Public_transport
11772,62,Elderly,5078,Low,1_person,living_alone,0,F&B Eatery/Full-Service Restaurants,Walking,Walking
43492,47,Middle Age,0,Debt,4_person,married_couple,2,F&B Eatery/Snack and Nonalcoholic Beverage Bars,Car,Car
38498,29,Young Adult,52,Low,3_person,family_single,0,F&B Eatery/Snack and Nonalcoholic Beverage Bars,Walking,Walking
59658,30,Young Adult,93862,Very High,1_person,living_alone,1,F&B Eatery/Snack and Nonalcoholic Beverage Bars,Walking,Car
50292,32,Adult,18566,Low,3_person,married_couple,2,F&B Eatery/Snack and Nonalcoholic Beverage Bars,Walking,Walking
46045,35,Adult,52500,Moderate,1_person,living_alone,0,F&B Eatery/Full-Service Restaurants,Walking,Walking
4616,28,Young Adult,105460,Very High,2_person,nonfamily_single,1,F&B Eatery/Full-Service Restaurants,Walking,Car
15103,26,Young Adult,64981,High,2_person,nonfamily_single,2,F&B Eatery/Drinking Places,Walking,Walking
7533,52,Senior,114952,Very High,2_person,nonfamily_single,2,F&B Eatery/Full-Service Restaurants,Car,Car
65102,22,Young Adult,32414,Moderate,2_person,nonfamily_single,1,F&B Eatery/Drinking Places,Car,Car
48623,23,Young Adult,35355,Moderate,3_person,nonfamily_single,3_plus,F&B Eatery/Limited-Service Restaurants,Public_transport,Car
66,34,Adult,105460,Very High,1_person,living_alone,0,F&B Eatery/Drinking Places,Public_transport,Walking
66830,26,Young Adult,10804,Low,4_person,family_single,2,F&B Eatery/Full-Service Restaurants,Public_transport,Public_transport
37480,52,Senior,20202,Low,3_person,married_couple,2,F&B Eatery/Full-Service Restaurants,Car,Car
21598,18,Teen,0,Debt,2_person,family_single,0,F&B Eatery/Full-Service Restaurants,Public_transport,Walking
44220,31,Adult,70710,High,2_person,nonfamily_single,2,F&B Eatery/Drinking Places,Walking,Car
15689,27,Young Adult,45383,Moderate,4_person,family_single,0,F&B Eatery/Limited-Service Restaurants,Walking,Walking
65489,66,Elderly,5259,Low,4_person,married_couple,0,F&B Eatery/Snack and Nonalcoholic Beverage Bars,Car,Public_transport
5033,41,Middle Age,193274,Ultra High,1_person,living_alone,1,F&B Eatery/Full-Service Restaurants,Car,Car
39683,66,Elderly,9983,Low,1_person,living_alone,0,F&B Eatery/Snack and Nonalcoholic Beverage Bars,Car,Walking
35340,27,Young Adult,75760,High,2_person,nonfamily_single,0,F&B Eatery/Snack and Nonalcoholic Beverage Bars,Public_transport,Walking
66059,29,Young Adult,3838,Low,3_person,family_single,0,F&B Eatery/Drinking Places,Public_transport,Walking
20225,64,Elderly,68069,High,2_person,family_single,2,F&B Eatery/Snack and Nonalcoholic Beverage Bars,Walking,Car
17006,24,Young Adult,55698,Moderate,2_person,nonfamily_single,1,F&B Eatery/Full-Service Restaurants,Car,Car
9873,62,Elderly,10520,Low,3_person,married_couple,1,F&B Eatery/Full-Service Restaurants,Car,Car
38990,32,Adult,270117,Ultra High,1_person,living_alone,0,F&B Eatery/Limited-Service Restaurants,Public_transport,Walking
787,64,Elderly,90913,Very High,1_person,living_alone,1,F&B Eatery/Full-Service Restaurants,Car,Car
3332,35,Adult,51517,Moderate,4_person,married_couple,3_plus,F&B Eatery/Drinking Places,Car,Car
30966,22,Young Adult,25499,Low,2_person,married_couple,1,F&B Eatery/Snack and Nonalcoholic Beverage Bars,Public_transport,Public_transport
7987,28,Young Adult,108624,Very High,1_person,living_alone,1,F&B Eatery/Snack and Nonalcoholic Beverage Bars,Car,Car
6008,33,Adult,68689,High,4_person,married_couple,1,F&B Eatery/Snack and Nonalcoholic Beverage Bars,Walking,Car
24162,55,Senior,0,Debt,2_person,married_couple,1,F&B Eatery/Snack and Nonalcoholic Beverage Bars,Car,Car
8334,26,Young Adult,33813,Moderate,5_person,nonfamily_single,3_plus,F&B Eatery/Snack and Nonalcoholic Beverage Bars,Car,Car
49423,56,Senior,0,Debt,2_person,married_couple,2,F&B Eatery/Snack and Nonalcoholic Beverage Bars,Car,Car
66384,28,Young Adult,29712,Low,2_person,nonfamily_single,2,F&B Eatery/Full-Service Restaurants,Walking,Walking
58755,21,Young Adult,21660,Low,4_person,married_couple,2,F&B Eatery/Full-Service Restaurants,Public_transport,Car
6297,40,Adult,949,Low,5_person,married_couple,2,F&B Eatery/Limited-Service Restaurants,Public_transport,Car
46216,32,Adult,60608,High,4_person,nonfamily_single,1,F&B Eatery/Limited-Service Restaurants,Public_transport,Car
43628,27,Young Adult,74264,High,4_person,nonfamily_single,0,F&B Eatery/Full-Service Restaurants,Walking,Walking
32264,32,Adult,47540,Moderate,2_person,nonfamily_single,0,F&B Eatery/Full-Service Restaurants,Car,Walking
1191,59,Senior,51525,Moderate,2_person,nonfamily_single,2,F&B Eatery/Full-Service Restaurants,Public_transport,Car
45246,28,Young Adult,105460,Very High,2_person,married_couple,1,F&B Eatery/Full-Service Restaurants,Public_transport,Walking
515,42,Middle Age,41649,Moderate,4_person,married_couple,2,F&B Eatery/Snack and Nonalcoholic Beverage Bars,Car,Car
30734,26,Young Adult,43218,Moderate,3_person,nonfamily_single,3_plus,F&B Eatery/Snack and Nonalcoholic Beverage Bars,Public_transport,Car
49630,46,Middle Age,54023,Moderate,4_person,family_single,1,F&B Eatery/Limited-Service Restaurants,Public_transport,Car
30024,25,Young Adult,0,Debt,4_person,nonfamily_single,0,F&B Eatery/Snack and Nonalcoholic Beverage Bars,Walking,Walking
37244,23,Young Adult,30056,Moderate,4_person,nonfamily_single,0,F&B Eatery/Full-Service Restaurants,Walking,Walking
59123,68,Elderly,12626,Low,1_person,living_alone,0,F&B Eatery/Full-Service Restaurants,Walking,Walking
27223,16,Teen,0,Debt,4_person,married_couple,3_plus,F&B Eatery/Full-Service Restaurants,Public_transport,Car
21435,58,Senior,10229,Low,1_person,living_alone,0,F&B Eatery/Snack and Nonalcoholic Beverage Bars,Car,Public_transport
57617,58,Senior,660167,Ultra High,1_person,living_alone,1,F&B Eatery/Snack and Nonalcoholic Beverage Bars,Car,Car
23283,55,Senior,121419,Ultra High,2_person,family_single,2,F&B Eatery/Drinking Places,Public_transport,Car
43000,73,Elderly,9283,Low,6_person,married_couple,2,F&B Eatery/Full-Service Restaurants,Car,Car
60651,58,Senior,37570,Moderate,7_plus_person,married_couple,3_plus,F&B Eatery/Full-Service Restaurants,Public_transport,Walking
50185,60,Senior,226919,Ultra High,1_person,living_alone,1,F&B Eatery/Snack and Nonalcoholic Beverage Bars,Car,Car
1001,37,Adult,36844,Moderate,7_plus_person,married_couple,1,F&B Eatery/Limited-Service Restaurants,Car,Public_transport
14622,34,Adult,38644,Moderate,3_person,married_couple,2,F&B Eatery/Full-Service Restaurants,Public_transport,Car
18982,20,Young Adult,0,Debt,1_person,living_alone,0,F&B Eatery/Limited-Service Restaurants,Walking,Walking
17898,36,Adult,162070,Ultra High,2_person,nonfamily_single,1,F&B Eatery/Full-Service Restaurants,Walking,Car
6191,46,Middle Age,43218,Moderate,6_person,married_couple,1,F&B Eatery/Full-Service Restaurants,Public_transport,Public_transport
56168,42,Middle Age,9076,Low,7_plus_person,married_couple,3_plus,F&B Eatery/Snack and Nonalcoholic Beverage Bars,Car,Car
14175,75,Elderly,7779,Low,3_person,married_couple,1,F&B Eatery/Full-Service Restaurants,Car,Car
40005,22,Young Adult,60608,High,2_person,nonfamily_single,1,F&B Eatery/Full-Service Restaurants,Public_transport,Walking
5753,27,Young Adult,48621,Moderate,2_person,nonfamily_single,2,F&B Eatery/Full-Service Restaurants,Public_transport,Car
34836,27,Young Adult,214,Low,7_plus_person,nonfamily_single,1,F&B Eatery/Drinking Places,Car,Walking
40581,61,Elderly,73473,High,2_person,married_couple,2,F&B Eatery/Limited-Service Restaurants,Public_transport,Car
41004,33,Adult,21213,Low,2_person,nonfamily_single,0,F&B Eatery/Limited-Service Restaurants,Public_transport,Walking
16252,69,Elderly,125164,Ultra High,1_person,living_alone,1,F&B Eatery/Full-Service Restaurants,Walking,Car
24920,63,Elderly,2109,Low,4_person,family_single,1,F&B Eatery/Snack and Nonalcoholic Beverage Bars,Car,Car
15905,43,Middle Age,36365,Moderate,6_person,married_couple,2,F&B Eatery/Snack and Nonalcoholic Beverage Bars,Car,Car
54673,31,Adult,120763,Ultra High,3_person,married_couple,1,F&B Eatery/Full-Service Restaurants,Car,Car
1462,26,Young Adult,0,Debt,7_plus_person,nonfamily_single,1,F&B Eatery/Snack and Nonalcoholic Beverage Bars,Car,Walking
47975,22,Young Adult,3691,Low,6_person,nonfamily_single,0,F&B Eatery/Limited-Service Restaurants,Walking,Walking
24299,27,Young Adult,214,Low,7_plus_person,nonfamily_single,1,F&B Eatery/Limited-Service Restaurants,Walking,Walking
18255,57,Senior,8664,Low,2_person,nonfamily_single,0,F&B Eatery/Limited-Service Restaurants,Public_transport,Public_transport
37344,31,Adult,134181,Ultra High,2_person,nonfamily_single,1,F&B Eatery/Full-Service Restaurants,Walking,Car
56361,36,Adult,79801,High,7_plus_person,nonfamily_single,3_plus,F&B Eatery/Snack and Nonalcoholic Beverage Bars,Car,Walking
42624,42,Middle Age,0,Debt,3_person,married_couple,1,F&B Eatery/Full-Service Restaurants,Public_transport,Car
27464,73,Elderly,9394,Low,2_person,family_single,1,F&B Eatery/Full-Service Restaurants,Car,Car
62651,44,Middle Age,21146,Low,4_person,married_couple,1,F&B Eatery/Snack and Nonalcoholic Beverage Bars,Public_transport,Car
7349,40,Adult,86437,High,3_person,married_couple,1,F&B Eatery/Full-Service Restaurants,Car,Car
53775,55,Senior,9491,Low,1_person,living_alone,0,F&B Eatery/Limited-Service Restaurants,Public_transport,Public_transport
56344,56,Senior,253105,Ultra High,1_person,living_alone,1,F&B Eatery/Snack and Nonalcoholic Beverage Bars,Public_transport,Car
4818,43,Middle Age,206290,Ultra High,2_person,married_couple,2,F&B Eatery/Snack and Nonalcoholic Beverage Bars,Public_transport,Car
46994,23,Young Adult,16101,Low,1_person,living_alone,0,F&B Eatery/Limited-Service Restaurants,Public_transport,Walking
220,66,Elderly,63639,High,2_person,nonfamily_single,2,F&B Eatery/Snack and Nonalcoholic Beverage Bars,Car,Car
26337,26,Young Adult,0,Debt,3_person,family_single,1,F&B Eatery/Full-Service Restaurants,Public_transport,Walking
61462,58,Senior,10264,Low,1_person,living_alone,0,F&B Eatery/Full-Service Restaurants,Car,Public_transport
12632,28,Young Adult,60608,High,2_person,nonfamily_single,1,F&B Eatery/Snack and Nonalcoholic Beverage Bars,Car,Walking
19937,35,Adult,0,Debt,4_person,family_single,1,F&B Eatery/Limited-Service Restaurants,Walking,Car
27773,46,Middle Age,140461,Ultra High,4_person,married_couple,2,F&B Eatery/Snack and Nonalcoholic Beverage Bars,Car,Car
4603,66,Elderly,5186,Low,1_person,living_alone,0,F&B Eatery/Snack and Nonalcoholic Beverage Bars,Public_transport,Walking
51628,87,Elderly,27806,Low,1_person,living_alone,0,F&B Eatery/Limited-Service Restaurants,Public_transport,Walking
37016,62,Elderly,38385,Moderate,7_plus_person,nonfamily_single,0,F&B Eatery/Snack and Nonalcoholic Beverage Bars,Public_transport,Public_transport
22499,33,Adult,17534,Low,2_person,nonfamily_single,0,F&B Eatery/Full-Service Restaurants,Walking,Walking
51200,37,Adult,633360,Ultra High,4_person,married_couple,1,F&B Eatery/Limited-Service Restaurants,Car,Public_transport
60093,25,Young Adult,6188,Low,6_person,nonfamily_single,2,F&B Eatery/Snack and Nonalcoholic Beverage Bars,Car,Car
50210,75,Elderly,12965,Low,1_person,living_alone,0,F&B Eatery/Full-Service Restaurants,Public_transport,Walking
39255,22,Young Adult,21609,Low,5_person,nonfamily_single,1,F&B Eatery/Full-Service Restaurants,Walking,Car
7036,56,Senior,9661,Low,5_person,married_couple,1,F&B Eatery/Snack and Nonalcoholic Beverage Bars,Car,Car
59251,35,Adult,10505,Low,2_person,family_single,0,F&B Eatery/Snack and Nonalcoholic Beverage Bars,Public_transport,Public_transport
42224,51,Senior,105055,Very High,2_person,nonfamily_single,1,F&B Eatery/Limited-Service Restaurants,Car,Car
55231,64,Elderly,53672,Moderate,2_person,married_couple,1,F&B Eatery/Full-Service Restaurants,Walking,Car
45201,70,Elderly,18259,Low,1_person,living_alone,1,F&B Eatery/Limited-Service Restaurants,Public_transport,Car
5650,25,Young Adult,71311,High,1_person,living_alone,0,F&B Eatery/Full-Service Restaurants,Walking,Walking
28311,67,Elderly,5353,Low,1_person,living_alone,1,F&B Eatery/Snack and Nonalcoholic Beverage Bars,Walking,Car
17632,27,Young Adult,75141,High,1_person,living_alone,1,F&B Eatery/Limited-Service Restaurants,Public_transport,Walking
63805,26,Young Adult,61887,High,2_person,nonfamily_single,1,F&B Eatery/Drinking Places,Walking,Walking
57204,32,Adult,75404,High,1_person,living_alone,1,F&B Eatery/Snack and Nonalcoholic Beverage Bars,Public_transport,Car
5622,37,Adult,4125,Low,4_person,nonfamily_single,0,F&B Eatery/Limited-Service Restaurants,Public_transport,Walking
61453,44,Middle Age,364118,Ultra High,3_person,family_single,1,F&B Eatery/Snack and Nonalcoholic Beverage Bars,Car,Car
29863,53,Senior,9016,Low,3_person,family_single,1,F&B Eatery/Limited-Service Restaurants,Car,Car
2881,49,Middle Age,37965,Moderate,2_person,nonfamily_single,1,F&B Eatery/Limited-Service Restaurants,Car,Walking
18061,94,Elderly,38896,Moderate,2_person,married_couple,1,F&B Eatery/Limited-Service Restaurants,Car,Car
42058,56,Senior,6854,Low,3_person,family_single,2,F&B Eatery/Snack and Nonalcoholic Beverage Bars,Walking,Car
22444,27,Young Adult,26836,Low,6_person,nonfamily_single,0,F&B Eatery/Full-Service Restaurants,Public_transport,Walking
901,58,Senior,5152,Low,7_plus_person,married_couple,2,F&B Eatery/Full-Service Restaurants,Public_transport,Car
18981,75,Elderly,3889,Low,1_person,living_alone,0,F&B Eatery/Full-Service Restaurants,Walking,Walking
39932,81,Elderly,10967,Low,3_person,married_couple,0,F&B Eatery/Full-Service Restaurants,Public_transport,Public_transport
51448,28,Young Adult,0,Debt,5_person,married_couple,2,F&B Eatery/Full-Service Restaurants,Walking,Car
44362,48,Middle Age,11163,Low,3_person,married_couple,0,F&B Eatery/Full-Service Restaurants,Public_transport,Public_transport
34949,25,Young Adult,46415,Moderate,3_person,nonfamily_single,2,F&B Eatery/Limited-Service Restaurants,Public_transport,Car
8488,67,Elderly,23079,Low,1_person,living_alone,0,F&B Eatery/Limited-Service Restaurants,Walking,Walking
42481,43,Middle Age,0,Debt,4_person,married_couple,3_plus,F&B Eatery/Full-Service Restaurants,Walking,Car
30232,41,Middle Age,40536,Moderate,3_person,married_couple,1,F&B Eatery/Full-Service Restaurants,Walking,Car
51137,63,Elderly,52730,Moderate,3_person,family_single,3_plus,F&B Eatery/Snack and Nonalcoholic Beverage Bars,Car,Car
23464,64,Elderly,25786,Low,3_person,family_single,1,F&B Eatery/Limited-Service Restaurants,Car,Car
8219,28,Young Adult,108624,Very High,1_person,living_alone,1,F&B Eatery/Full-Service Restaurants,Walking,Car
44432,47,Middle Age,0,Debt,6_person,married_couple,3_plus,F&B Eatery/Limited-Service Restaurants,Car,Car
1627,22,Young Adult,25499,Low,2_person,married_couple,1,F&B Eatery/Full-Service Restaurants,Public_transport,Public_transport
6772,29,Young Adult,82516,High,2_person,nonfamily_single,1,F&B Eatery/Full-Service Restaurants,Car,Walking
12021,72,Elderly,33276,Moderate,2_person,married_couple,1,F&B Eatery/Limited-Service Restaurants,Car,Car
47204,26,Young Adult,46415,Moderate,3_person,nonfamily_single,0,F&B Eatery/Snack and Nonalcoholic Beverage Bars,Public_transport,Walking
14678,41,Middle Age,6915,Low,2_person,family_single,0,F&B Eatery/Limited-Service Restaurants,Public_transport,Walking
11440,30,Young Adult,102296,Very High,2_person,married_couple,1,F&B Eatery/Snack and Nonalcoholic Beverage Bars,Car,Walking
63738,59,Senior,126552,Ultra High,2_person,married_couple,1,F&B Eatery/Full-Service Restaurants,Car,Car
48940,64,Elderly,76214,High,2_person,married_couple,2,F&B Eatery/Full-Service Restaurants,Public_transport,Car
65286,31,Adult,32414,Moderate,5_person,married_couple,2,F&B Eatery/Drinking Places,Public_transport,Car
28967,43,Middle Age,31638,Moderate,5_person,family_single,1,F&B Eatery/Drinking Places,Public_transport,Car
40025,45,Middle Age,15028,Low,4_person,married_couple,2,F&B Eatery/Full-Service Restaurants,Car,Public_transport
2580,37,Adult,60113,High,3_person,married_couple,1,F&B Eatery/Limited-Service Restaurants,Car,Car
40734,37,Adult,118616,Very High,5_person,married_couple,3_plus,F&B Eatery/Full-Service Restaurants,Car,Car
65174,25,Young Adult,12655,Low,4_person,family_single,1,F&B Eatery/Full-Service Restaurants,Car,Car
34924,49,Middle Age,596917,Ultra High,1_person,living_alone,1,F&B Eatery/Snack and Nonalcoholic Beverage Bars,Public_transport,Car
4340,55,Senior,3737,Low,1_person,living_alone,0,F&B Eatery/Drinking Places,Public_transport,Public_transport
63785,22,Young Adult,3691,Low,6_person,nonfamily_single,0,F&B Eatery/Limited-Service Restaurants,Walking,Walking
42330,54,Senior,0,Debt,2_person,married_couple,1,F&B Eatery/Snack and Nonalcoholic Beverage Bars,Public_transport,Car
35461,71,Elderly,9875,Low,1_person,living_alone,2,F&B Eatery/Limited-Service Restaurants,Public_transport,Car
59738,31,Adult,2741,Low,7_plus_person,married_couple,1,F&B Eatery/Special Food Services,Car,Walking
18771,44,Middle Age,222231,Ultra High,1_person,living_alone,1,F&B Eatery/Snack and Nonalcoholic Beverage Bars,Public_transport,Car
46511,49,Middle Age,59057,Moderate,4_person,married_couple,2,F&B Eatery/Drinking Places,Public_transport,Car
1073,30,Young Adult,62260,High,3_person,married_couple,1,F&B Eatery/Full-Service Restaurants,Public_transport,Walking
21638,25,Young Adult,0,Debt,2_person,family_single,2,F&B Eatery/Full-Service Restaurants,Public_transport,Walking
17065,74,Elderly,33334,Moderate,1_person,living_alone,1,F&B Eatery/Limited-Service Restaurants,Car,Car
37298,57,Senior,8889,Low,7_plus_person,nonfamily_single,0,F&B Eatery/Full-Service Restaurants,Public_transport,Public_transport
29351,64,Elderly,78390,High,1_person,living_alone,1,F&B Eatery/Limited-Service Restaurants,Car,Car
32626,49,Middle Age,0,Debt,2_person,nonfamily_single,2,F&B Eatery/Snack and Nonalcoholic Beverage Bars,Public_transport,Public_transport
3159,36,Adult,9489,Low,4_person,family_single,1,F&B Eatery/Special Food Services,Public_transport,Walking
38353,25,Young Adult,70710,High,3_person,nonfamily_single,0,F&B Eatery/Full-Service Restaurants,Car,Walking
35755,87,Elderly,0,Debt,5_person,married_couple,2,F&B Eatery/Snack and Nonalcoholic Beverage Bars,Car,Car
21292,31,Adult,43474,Moderate,2_person,nonfamily_single,1,F&B Eatery/Full-Service Restaurants,Public_transport,Car
34650,79,Elderly,26470,Low,2_person,married_couple,0,F&B Eatery/Full-Service Restaurants,Public_transport,Public_transport
21398,80,Elderly,0,Debt,6_person,married_couple,2,F&B Eatery/Drinking Places,Car,Car
31334,26,Young Adult,50507,Moderate,6_person,married_couple,1,F&B Eatery/Full-Service Restaurants,Public_transport,Public_transport
18324,38,Adult,129887,Ultra High,1_person,living_alone,1,F&B Eatery/Full-Service Restaurants,Public_transport,Car
19680,30,Young Adult,0,Debt,1_person,living_alone,0,F&B Eatery/Full-Service Restaurants,Walking,Walking
52686,37,Adult,0,Debt,5_person,married_couple,3_plus,F&B Eatery/Full-Service Restaurants,Public_transport,Car
5974,34,Adult,72201,High,3_person,family_single,2,F&B Eatery/Full-Service Restaurants,Car,Car
3729,29,Young Adult,26263,Low,5_person,family_single,0,F&B Eatery/Limited-Service Restaurants,Public_transport,Walking
490,24,Young Adult,3757,Low,4_person,family_single,1,F&B Eatery/Snack and Nonalcoholic Beverage Bars,Public_transport,Car
22092,73,Elderly,54853,Moderate,2_person,married_couple,1,F&B Eatery/Full-Service Restaurants,Car,Car
33949,21,Young Adult,0,Debt,3_person,family_single,0,F&B Eatery/Full-Service Restaurants,Walking,Walking
1375,46,Middle Age,162090,Ultra High,1_person,living_alone,1,F&B Eatery/Limited-Service Restaurants,Walking,Car
37782,43,Middle Age,10734,Low,6_person,family_single,1,F&B Eatery/Snack and Nonalcoholic Beverage Bars,Public_transport,Walking
49002,42,Middle Age,22990,Low,1_person,living_alone,0,F&B Eatery/Snack and Nonalcoholic Beverage Bars,Public_transport,Walking
31658,76,Elderly,6327,Low,2_person,married_couple,0,F&B Eatery/Drinking Places,Car,Public_transport
17010,72,Elderly,19803,Low,7_plus_person,married_couple,1,F&B Eatery/Snack and Nonalcoholic Beverage Bars,Car,Car
4758,25,Young Adult,47457,Moderate,3_person,nonfamily_single,1,F&B Eatery/Full-Service Restaurants,Car,Car
30341,62,Elderly,8889,Low,7_plus_person,nonfamily_single,0,F&B Eatery/Full-Service Restaurants,Public_transport,Public_transport
10304,25,Young Adult,85875,High,2_person,nonfamily_single,1,F&B Eatery/Full-Service Restaurants,Public_transport,Walking
63082,89,Elderly,87882,High,2_person,family_single,1,F&B Eatery/Limited-Service Restaurants,Car,Car
6040,26,Young Adult,78361,High,3_person,nonfamily_single,0,F&B Eatery/Full-Service Restaurants,Walking,Walking
28756,26,Young Adult,101082,Very High,3_person,nonfamily_single,1,F&B Eatery/Limited-Service Restaurants,Public_transport,Car
59111,63,Elderly,10727,Low,1_person,living_alone,1,F&B Eatery/Full-Service Restaurants,Car,Car
2841,26,Young Adult,0,Debt,4_person,family_single,0,F&B Eatery/Snack and Nonalcoholic Beverage Bars,Walking,Walking
36948,27,Young Adult,4646,Low,7_plus_person,family_single,1,F&B Eatery/Limited-Service Restaurants,Car,Walking
51413,21,Young Adult,0,Debt,3_person,married_couple,1,F&B Eatery/Snack and Nonalcoholic Beverage Bars,Walking,Public_transport
36854,68,Elderly,8889,Low,7_plus_person,nonfamily_single,0,F&B Eatery/Snack and Nonalcoholic Beverage Bars,Car,Public_transport
42422,22,Young Adult,0,Debt,2_person,nonfamily_single,0,F&B Eatery/Snack and Nonalcoholic Beverage Bars,Walking,Walking
2887,64,Elderly,8372,Low,2_person,family_single,1,F&B Eatery/Full-Service Restaurants,Car,Car
8876,27,Young Adult,0,Debt,4_person,married_couple,1,F&B Eatery/Snack and Nonalcoholic Beverage Bars,Car,Car
20923,59,Senior,0,Debt,6_person,married_couple,1,F&B Eatery/Full-Service Restaurants,Public_transport,Car
45039,49,Middle Age,44947,Moderate,6_person,married_couple,3_plus,F&B Eatery/Snack and Nonalcoholic Beverage Bars,Car,Car
23067,80,Elderly,275252,Ultra High,2_person,married_couple,1,F&B Eatery/Snack and Nonalcoholic Beverage Bars,Car,Car
39439,80,Elderly,31441,Moderate,2_person,family_single,3_plus,F&B Eatery/Limited-Service Restaurants,Public_transport,Car
14997,44,Middle Age,51572,Moderate,4_person,married_couple,2,F&B Eatery/Full-Service Restaurants,Car,Car
22837,49,Middle Age,46158,Moderate,2_person,married_couple,2,F&B Eatery/Full-Service Restaurants,Car,Public_transport
41979,26,Young Adult,34575,Moderate,3_person,nonfamily_single,1,F&B Eatery/Limited-Service Restaurants,Public_transport,Car
17750,30,Young Adult,64406,High,2_person,married_couple,2,F&B Eatery/Limited-Service Restaurants,Public_transport,Walking
65368,40,Adult,50507,Moderate,5_person,married_couple,1,F&B Eatery/Snack and Nonalcoholic Beverage Bars,Public_transport,Public_transport
45349,27,Young Adult,31333,Moderate,1_person,living_alone,1,F&B Eatery/Full-Service Restaurants,Public_transport,Car
19023,47,Middle Age,88892,High,3_person,nonfamily_single,3_plus,F&B Eatery/Limited-Service Restaurants,Car,Car
17575,28,Young Adult,95979,Very High,2_person,nonfamily_single,0,F&B Eatery/Full-Service Restaurants,Walking,Walking
5602,25,Young Adult,0,Debt,4_person,nonfamily_single,0,F&B Eatery/Limited-Service Restaurants,Walking,Walking
32894,33,Adult,30304,Moderate,4_person,family_single,1,F&B Eatery/Full-Service Restaurants,Walking,Public_transport
13921,72,Elderly,19803,Low,7_plus_person,married_couple,1,F&B Eatery/Full-Service Restaurants,Car,Car
5730,41,Middle Age,0,Debt,2_person,family_single,1,F&B Eatery/Full-Service Restaurants,Car,Car
14745,70,Elderly,37965,Moderate,5_person,married_couple,2,F&B Eatery/Snack and Nonalcoholic Beverage Bars,Car,Car
56356,23,Young Adult,6762,Low,3_person,nonfamily_single,1,F&B Eatery/Full-Service Restaurants,Walking,Walking
5296,41,Middle Age,12377,Low,4_person,married_couple,1,F&B Eatery/Drinking Places,Car,Car
52349,39,Adult,39395,Moderate,7_plus_person,family_single,1,F&B Eatery/Full-Service Restaurants,Walking,Public_transport
59644,30,Young Adult,87518,High,4_person,family_single,1,F&B Eatery/Snack and Nonalcoholic Beverage Bars,Car,Car
45747,21,Young Adult,54023,Moderate,4_person,nonfamily_single,3_plus,F&B Eatery/Snack and Nonalcoholic Beverage Bars,Car,Public_transport
52090,89,Elderly,87882,High,2_person,family_single,1,F&B Eatery/Limited-Service Restaurants,Car,Car
13851,44,Middle Age,70710,High,4_person,married_couple,1,F&B Eatery/Full-Service Restaurants,Car,Car
62917,21,Young Adult,337,Low,2_person,nonfamily_single,0,F&B Eatery/Full-Service Restaurants,Public_transport,Walking
17696,51,Senior,0,Debt,5_person,family_single,1,F&B Eatery/Full-Service Restaurants,Public_transport,Car
25274,36,Adult,66553,High,2_person,married_couple,1,F&B Eatery/Snack and Nonalcoholic Beverage Bars,Public_transport,Car
42939,25,Young Adult,0,Debt,2_person,nonfamily_single,1,F&B Eatery/Limited-Service Restaurants,Walking,Walking
55131,33,Adult,128813,Ultra High,2_person,nonfamily_single,2,F&B Eatery/Drinking Places,Car,Car
28379,37,Adult,35355,Moderate,3_person,family_single,2,F&B Eatery/Limited-Service Restaurants,Car,Car
20918,26,Young Adult,132632,Ultra High,3_person,married_couple,1,F&B Eatery/Limited-Service Restaurants,Walking,Walking
55371,26,Young Adult,52527,Moderate,1_person,living_alone,1,F&B Eatery/Special Food Services,Walking,Car
42833,60,Senior,34037,Moderate,5_person,married_couple,3_plus,F&B Eatery/Full-Service Restaurants,Walking,Car
44306,52,Senior,9508,Low,2_person,family_single,1,F&B Eatery/Full-Service Restaurants,Car,Car
40437,33,Adult,32214,Moderate,5_person,nonfamily_single,0,F&B Eatery/Full-Service Restaurants,Car,Public_transport
56759,64,Elderly,49566,Moderate,2_person,married_couple,2,F&B Eatery/Full-Service Restaurants,Car,Car
6869,82,Elderly,10804,Low,1_person,living_alone,1,F&B Eatery/Full-Service Restaurants,Car,Car
61505,65,Elderly,19448,Low,5_person,married_couple,2,F&B Eatery/Full-Service Restaurants,Car,Car
56234,20,Young Adult,1080,Low,6_person,family_single,1,F&B Eatery/Snack and Nonalcoholic Beverage Bars,Car,Public_transport
21042,34,Adult,85875,High,1_person,living_alone,1,F&B Eatery/Full-Service Restaurants,Public_transport,Car
45760,20,Young Adult,3241,Low,7_plus_person,married_couple,2,F&B Eatery/Snack and Nonalcoholic Beverage Bars,Public_transport,Car
43240,34,Adult,75740,High,2_person,married_couple,1,F&B Eatery/Snack and Nonalcoholic Beverage Bars,Car,Car
9943,39,Adult,166384,Ultra High,2_person,married_couple,2,F&B Eatery/Full-Service Restaurants,Walking,Car
9643,49,Middle Age,67679,High,4_person,married_couple,2,F&B Eatery/Drinking Places,Walking,Car
14892,35,Adult,82516,High,1_person,living_alone,0,F&B Eatery/Full-Service Restaurants,Public_transport,Walking
45429,22,Young Adult,54023,Moderate,3_person,nonfamily_single,0,F&B Eatery/Drinking Places,Walking,Walking
29709,26,Young Adult,32414,Moderate,2_person,married_couple,1,F&B Eatery/Snack and Nonalcoholic Beverage Bars,Walking,Car
39661,82,Elderly,75404,High,1_person,living_alone,1,F&B Eatery/Full-Service Restaurants,Public_transport,Car
39449,30,Young Adult,105460,Very High,2_person,married_couple,1,F&B Eatery/Limited-Service Restaurants,Public_transport,Walking
38196,33,Adult,264715,Ultra High,3_person,nonfamily_single,1,F&B Eatery/Full-Service Restaurants,Public_transport,Car
9190,26,Young Adult,54023,Moderate,4_person,married_couple,2,F&B Eatery/Snack and Nonalcoholic Beverage Bars,Walking,Car
28706,29,Young Adult,21092,Low,2_person,married_couple,2,F&B Eatery/Full-Service Restaurants,Car,Public_transport
21650,63,Elderly,25152,Low,2_person,nonfamily_single,2,F&B Eatery/Snack and Nonalcoholic Beverage Bars,Car,Car
3786,19,Young Adult,0,Debt,6_person,family_single,0,F&B Eatery/Full-Service Restaurants,Public_transport,Walking
67180,50,Middle Age,320721,Ultra High,1_person,living_alone,1,F&B Eatery/Full-Service Restaurants,Car,Car
34552,20,Young Adult,0,Debt,3_person,nonfamily_single,0,F&B Eatery/Limited-Service Restaurants,Walking,Walking
29809,32,Adult,131825,Ultra High,2_person,married_couple,2,F&B Eatery/Limited-Service Restaurants,Public_transport,Car
39884,26,Young Adult,129656,Ultra High,2_person,married_couple,0,F&B Eatery/Limited-Service Restaurants,Walking,Walking
49646,28,Young Adult,94914,Very High,2_person,married_couple,1,F&B Eatery/Snack and Nonalcoholic Beverage Bars,Car,Walking
4683,57,Senior,19932,Low,5_person,married_couple,0,F&B Eatery/Snack and Nonalcoholic Beverage Bars,Public_transport,Walking
42814,25,Young Adult,37816,Moderate,2_person,nonfamily_single,1,F&B Eatery/Limited-Service Restaurants,Car,Car
4270,24,Young Adult,21609,Low,2_person,nonfamily_single,2,F&B Eatery/Snack and Nonalcoholic Beverage Bars,Walking,Walking
32113,46,Middle Age,11056,Low,2_person,family_single,0,F&B Eatery/Full-Service Restaurants,Public_transport,Walking
60204,60,Senior,39395,Moderate,7_plus_person,married_couple,1,F&B Eatery/Drinking Places,Walking,Walking
34806,70,Elderly,3333,Low,1_person,living_alone,1,F&B Eatery/Limited-Service Restaurants,Car,Car
20425,33,Adult,131825,Ultra High,3_person,married_couple,1,F&B Eatery/Snack and Nonalcoholic Beverage Bars,Car,Car
42049,20,Young Adult,52943,Moderate,1_person,living_alone,1,F&B Eatery/Full-Service Restaurants,Public_transport,Car
19281,47,Middle Age,0,Debt,5_person,married_couple,2,F&B Eatery/Full-Service Restaurants,Walking,Car
57710,19,Young Adult,0,Debt,3_person,nonfamily_single,0,F&B Eatery/Limited-Service Restaurants,Walking,Walking
66194,35,Adult,51572,Moderate,2_person,married_couple,1,F&B Eatery/Snack and Nonalcoholic Beverage Bars,Public_transport,Car
62221,33,Adult,103660,Very High,2_person,nonfamily_single,2,F&B Eatery/Limited-Service Restaurants,Public_transport,Car
45203,23,Young Adult,41656,Moderate,2_person,nonfamily_single,2,F&B Eatery/Full-Service Restaurants,Public_transport,Car
48664,37,Adult,106065,Very High,3_person,married_couple,1,F&B Eatery/Snack and Nonalcoholic Beverage Bars,Car,Car
40644,44,Middle Age,103725,Very High,3_person,married_couple,1,F&B Eatery/Full-Service Restaurants,Car,Car
3340,26,Young Adult,74714,High,2_person,nonfamily_single,1,F&B Eatery/Full-Service Restaurants,Public_transport,Walking
60758,73,Elderly,62093,High,2_person,married_couple,2,F&B Eatery/Limited-Service Restaurants,Public_transport,Car
19037,80,Elderly,31441,Moderate,2_person,family_single,3_plus,F&B Eatery/Full-Service Restaurants,Car,Car
32230,63,Elderly,0,Debt,6_person,married_couple,1,F&B Eatery/Limited-Service Restaurants,Public_transport,Car
44463,62,Elderly,41057,Moderate,6_person,married_couple,1,F&B Eatery/Full-Service Restaurants,Public_transport,Car
38679,26,Young Adult,106065,Very High,2_person,nonfamily_single,0,F&B Eatery/Full-Service Restaurants,Walking,Walking
14287,26,Young Adult,0,Debt,7_plus_person,family_single,3_plus,F&B Eatery/Full-Service Restaurants,Car,Car
58885,84,Elderly,6482,Low,7_plus_person,married_couple,2,F&B Eatery/Full-Service Restaurants,Car,Car
41863,27,Young Adult,61887,High,1_person,living_alone,1,F&B Eatery/Limited-Service Restaurants,Walking,Walking
60313,22,Young Adult,618,Low,2_person,family_single,3_plus,F&B Eatery/Full-Service Restaurants,Car,Walking
41282,58,Senior,8485,Low,1_person,living_alone,0,F&B Eatery/Full-Service Restaurants,Car,Public_transport
2031,76,Elderly,22146,Low,1_person,living_alone,1,F&B Eatery/Snack and Nonalcoholic Beverage Bars,Car,Car
21473,44,Middle Age,6482,Low,2_person,family_single,1,F&B Eatery/Full-Service Restaurants,Walking,Car
17197,90,Elderly,53537,Moderate,2_person,married_couple,1,F&B Eatery/Drinking Places,Car,Car
7235,63,Elderly,1547,Low,2_person,nonfamily_single,1,F&B Eatery/Snack and Nonalcoholic Beverage Bars,Car,Car
59872,64,Elderly,70974,High,3_person,married_couple,3_plus,F&B Eatery/Snack and Nonalcoholic Beverage Bars,Car,Car
60123,28,Young Adult,64981,High,2_person,nonfamily_single,2,F&B Eatery/Full-Service Restaurants,Walking,Walking
12755,61,Elderly,8889,Low,7_plus_person,nonfamily_single,0,F&B Eatery/Full-Service Restaurants,Walking,Public_transport
15327,64,Elderly,50507,Moderate,6_person,nonfamily_single,1,F&B Eatery/Full-Service Restaurants,Walking,Car
30951,76,Elderly,466686,Ultra High,2_person,married_couple,2,F&B Eatery/Drinking Places,Car,Car
55432,40,Adult,15152,Low,3_person,married_couple,2,F&B Eatery/Full-Service Restaurants,Walking,Walking
20590,28,Young Adult,94914,Very High,2_person,married_couple,1,F&B Eatery/Full-Service Restaurants,Public_transport,Walking
46751,26,Young Adult,21468,Low,5_person,nonfamily_single,3_plus,F&B Eatery/Drinking Places,Car,Walking
29850,47,Middle Age,184274,Ultra High,4_person,married_couple,1,F&B Eatery/Snack and Nonalcoholic Beverage Bars,Car,Car
1079,29,Young Adult,79421,High,2_person,married_couple,1,F&B Eatery/Limited-Service Restaurants,Public_transport,Walking
18610,28,Young Adult,41258,Moderate,3_person,nonfamily_single,2,F&B Eatery/Snack and Nonalcoholic Beverage Bars,Car,Car
48219,29,Young Adult,108047,Very High,2_person,nonfamily_single,1,F&B Eatery/Snack and Nonalcoholic Beverage Bars,Public_transport,Car
65057,45,Middle Age,121217,Ultra High,4_person,married_couple,2,F&B Eatery/Full-Service Restaurants,Car,Car
50494,41,Middle Age,101014,Very High,1_person,living_alone,0,F&B Eatery/Limited-Service Restaurants,Public_transport,Public_transport
28091,33,Adult,184556,Ultra High,1_person,living_alone,1,F&B Eatery/Full-Service Restaurants,Walking,Car
62971,27,Young Adult,0,Debt,2_person,married_couple,1,F&B Eatery/Snack and Nonalcoholic Beverage Bars,Public_transport,Public_transport
27281,19,Young Adult,0,Debt,3_person,nonfamily_single,0,F&B Eatery/Limited-Service Restaurants,Walking,Walking
50971,26,Young Adult,30943,Moderate,2_person,married_couple,1,F&B Eatery/Full-Service Restaurants,Car,Car
60672,30,Young Adult,10967,Low,2_person,family_single,1,F&B Eatery/Limited-Service Restaurants,Car,Walking
58508,25,Young Adult,16207,Low,5_person,nonfamily_single,1,F&B Eatery/Snack and Nonalcoholic Beverage Bars,Public_transport,Car
52413,54,Senior,0,Debt,2_person,family_single,1,F&B Eatery/Snack and Nonalcoholic Beverage Bars,Car,Car
38417,19,Young Adult,0,Debt,3_person,married_couple,1,F&B Eatery/Limited-Service Restaurants,Public_transport,Public_transport
27672,89,Elderly,45348,Moderate,3_person,married_couple,3_plus,F&B Eatery/Limited-Service Restaurants,Car,Car
26026,50,Middle Age,28092,Low,6_person,married_couple,3_plus,F&B Eatery/Full-Service Restaurants,Public_transport,Car
48068,66,Elderly,20932,Low,7_plus_person,married_couple,3_plus,F&B Eatery/Full-Service Restaurants,Car,Car
14318,30,Young Adult,61586,High,2_person,nonfamily_single,0,F&B Eatery/Snack and Nonalcoholic Beverage Bars,Walking,Walking
28805,84,Elderly,0,Debt,3_person,family_single,1,F&B Eatery/Full-Service Restaurants,Public_transport,Car
14506,35,Adult,66989,High,2_person,nonfamily_single,2,F&B Eatery/Limited-Service Restaurants,Public_transport,Car
36630,60,Senior,39395,Moderate,7_plus_person,married_couple,1,F&B Eatery/Full-Service Restaurants,Walking,Walking
2936,66,Elderly,14169,Low,3_person,married_couple,1,F&B Eatery/Full-Service Restaurants,Public_transport,Car
57763,53,Senior,53635,Moderate,4_person,married_couple,1,F&B Eatery/Limited-Service Restaurants,Car,Public_transport
56232,20,Young Adult,0,Debt,3_person,nonfamily_single,0,F&B Eatery/Snack and Nonalcoholic Beverage Bars,Walking,Walking
3917,27,Young Adult,41258,Moderate,2_person,married_couple,1,F&B Eatery/Snack and Nonalcoholic Beverage Bars,Public_transport,Car
30063,64,Elderly,24243,Low,2_person,family_single,1,F&B Eatery/Limited-Service Restaurants,Car,Car
58861,37,Adult,178755,Ultra High,3_person,nonfamily_single,2,F&B Eatery/Full-Service Restaurants,Car,Car
34457,84,Elderly,9491,Low,2_person,married_couple,1,F&B Eatery/Full-Service Restaurants,Car,Car
26299,37,Adult,247546,Ultra High,4_person,married_couple,0,F&B Eatery/Limited-Service Restaurants,Public_transport,Walking
28112,36,Adult,72350,High,2_person,married_couple,1,F&B Eatery/Full-Service Restaurants,Public_transport,Car
63023,19,Young Adult,0,Debt,1_person,living_alone,0,F&B Eatery/Limited-Service Restaurants,Walking,Walking
47115,80,Elderly,15135,Low,1_person,living_alone,0,F&B Eatery/Full-Service Restaurants,Walking,Walking
33073,84,Elderly,22223,Low,2_person,married_couple,2,F&B Eatery/Full-Service Restaurants,Car,Car
36824,36,Adult,194047,Ultra High,1_person,living_alone,1,F&B Eatery/Drinking Places,Car,Car
52592,62,Elderly,51862,Moderate,1_person,living_alone,1,F&B Eatery/Full-Service Restaurants,Walking,Car
52151,25,Young Adult,65962,High,2_person,nonfamily_single,2,F&B Eatery/Drinking Places,Car,Walking
61810,41,Middle Age,26048,Low,4_person,married_couple,0,F&B Eatery/Full-Service Restaurants,Public_transport,Public_transport
9837,35,Adult,51847,Moderate,2_person,married_couple,1,F&B Eatery/Snack and Nonalcoholic Beverage Bars,Walking,Car
50383,21,Young Adult,0,Debt,3_person,family_single,0,F&B Eatery/Full-Service Restaurants,Public_transport,Walking
9706,24,Young Adult,54618,Moderate,2_person,married_couple,1,F&B Eatery/Limited-Service Restaurants,Public_transport,Car
35081,95,Elderly,15713,Low,1_person,living_alone,0,F&B Eatery/Limited-Service Restaurants,Walking,Walking
30720,27,Young Adult,0,Debt,3_person,nonfamily_single,0,F&B Eatery/Snack and Nonalcoholic Beverage Bars,Car,Walking
26027,30,Young Adult,53672,Moderate,7_plus_person,married_couple,3_plus,F&B Eatery/Snack and Nonalcoholic Beverage Bars,Car,Car
14308,62,Elderly,52730,Moderate,2_person,family_single,0,F&B Eatery/Full-Service Restaurants,Walking,Public_transport
55408,69,Elderly,32203,Moderate,2_person,married_couple,0,F&B Eatery/Snack and Nonalcoholic Beverage Bars,Public_transport,Public_transport
61025,66,Elderly,316381,Ultra High,2_person,married_couple,1,F&B Eatery/Full-Service Restaurants,Public_transport,Car
34581,65,Elderly,5726,Low,2_person,married_couple,0,F&B Eatery/Full-Service Restaurants,Walking,Public_transport
19880,68,Elderly,192863,Ultra High,2_person,married_couple,3_plus,F&B Eatery/Full-Service Restaurants,Car,Car
53473,88,Elderly,11600,Low,1_person,living_alone,1,F&B Eatery/Full-Service Restaurants,Public_transport,Car
58981,82,Elderly,23623,Low,2_person,married_couple,1,F&B Eatery/Full-Service Restaurants,Public_transport,Car
41798,63,Elderly,0,Debt,2_person,married_couple,1,F&B Eatery/Limited-Service Restaurants,Car,Car
2062,30,Young Adult,26611,Low,6_person,married_couple,2,F&B Eatery/Full-Service Restaurants,Car,Car
6470,63,Elderly,52730,Moderate,2_person,family_single,1,F&B Eatery/Full-Service Restaurants,Car,Car
17400,21,Young Adult,0,Debt,2_person,nonfamily_single,0,F&B Eatery/Snack and Nonalcoholic Beverage Bars,Walking,Walking
56652,20,Young Adult,0,Debt,3_person,nonfamily_single,0,F&B Eatery/Limited-Service Restaurants,Walking,Walking
6477,30,Young Adult,61887,High,1_person,living_alone,0,F&B Eatery/Full-Service Restaurants,Public_transport,Walking
53051,69,Elderly,54745,Moderate,1_person,living_alone,0,F&B Eatery/Full-Service Restaurants,Car,Public_transport
59400,21,Young Adult,2109,Low,4_person,nonfamily_single,0,F&B Eatery/Limited-Service Restaurants,Walking,Walking
52719,74,Elderly,17844,Low,2_person,married_couple,2,F&B Eatery/Full-Service Restaurants,Car,Car
38220,86,Elderly,0,Debt,2_person,family_single,0,F&B Eatery/Snack and Nonalcoholic Beverage Bars,Public_transport,Walking
11279,51,Senior,38644,Moderate,3_person,married_couple,2,F&B Eatery/Limited-Service Restaurants,Public_transport,Car
57174,41,Middle Age,89641,High,2_person,married_couple,1,F&B Eatery/Snack and Nonalcoholic Beverage Bars,Car,Car
29831,31,Adult,75632,High,1_person,living_alone,1,F&B Eatery/Limited-Service Restaurants,Car,Car
16940,74,Elderly,13181,Low,5_person,married_couple,2,F&B Eatery/Snack and Nonalcoholic Beverage Bars,Car,Car
29122,19,Young Adult,0,Debt,2_person,nonfamily_single,1,F&B Eatery/Limited-Service Restaurants,Public_transport,Walking
42674,25,Young Adult,22728,Low,6_person,nonfamily_single,1,F&B Eatery/Limited-Service Restaurants,Walking,Public_transport
22403,45,Middle Age,595555,Ultra High,4_person,married_couple,1,F&B Eatery/Full-Service Restaurants,Car,Car
37038,37,Adult,73822,High,4_person,married_couple,2,F&B Eatery/Snack and Nonalcoholic Beverage Bars,Car,Car
8531,24,Young Adult,171724,Ultra High,2_person,nonfamily_single,2,F&B Eatery/Limited-Service Restaurants,Car,Car
43129,31,Adult,0,Debt,4_person,nonfamily_single,1,F&B Eatery/Limited-Service Restaurants,Car,Walking
20470,51,Senior,35355,Moderate,4_person,married_couple,2,F&B Eatery/Full-Service Restaurants,Car,Car
23047,54,Senior,153972,Ultra High,1_person,living_alone,3_plus,F&B Eatery/Snack and Nonalcoholic Beverage Bars,Car,Car
9095,26,Young Adult,32203,Moderate,3_person,married_couple,2,F&B Eatery/Drinking Places,Car,Car
19522,21,Young Adult,337,Low,2_person,nonfamily_single,0,F&B Eatery/Full-Service Restaurants,Walking,Walking
61791,78,Elderly,117005,Very High,2_person,married_couple,1,F&B Eatery/Full-Service Restaurants,Car,Car
32092,76,Elderly,15457,Low,1_person,living_alone,0,F&B Eatery/Full-Service Restaurants,Public_transport,Walking
16972,21,Young Adult,0,Debt,5_person,nonfamily_single,2,F&B Eatery/Snack and Nonalcoholic Beverage Bars,Walking,Car
36133,34,Adult,220211,Ultra High,2_person,married_couple,1,F&B Eatery/Limited-Service Restaurants,Car,Car
51822,27,Young Adult,69774,High,4_person,nonfamily_single,1,F&B Eatery/Drinking Places,Public_transport,Car
5515,62,Elderly,1717,Low,2_person,married_couple,2,F&B Eatery/Full-Service Restaurants,Car,Car
11781,28,Young Adult,26836,Low,3_person,family_single,1,F&B Eatery/Full-Service Restaurants,Public_transport,Walking
8226,20,Young Adult,3241,Low,7_plus_person,married_couple,2,F&B Eatery/Limited-Service Restaurants,Public_transport,Car
15310,40,Adult,82831,High,3_person,married_couple,1,F&B Eatery/Full-Service Restaurants,Public_transport,Car
24604,31,Adult,0,Debt,4_person,nonfamily_single,1,F&B Eatery/Full-Service Restaurants,Public_transport,Walking
35163,40,Adult,60608,High,1_person,living_alone,0,F&B Eatery/Full-Service Restaurants,Walking,Walking
61145,63,Elderly,1547,Low,2_person,nonfamily_single,1,F&B Eatery/Full-Service Restaurants,Car,Car
5506,52,Senior,38385,Moderate,4_person,married_couple,2,F&B Eatery/Full-Service Restaurants,Car,Car
26478,40,Adult,86437,High,3_person,married_couple,1,F&B Eatery/Full-Service Restaurants,Car,Car
51322,24,Young Adult,5157,Low,7_plus_person,nonfamily_single,2,F&B Eatery/Limited-Service Restaurants,Public_transport,Car
924,74,Elderly,27694,Low,5_person,family_single,2,F&B Eatery/Full-Service Restaurants,Car,Car
40902,40,Adult,639500,Ultra High,5_person,married_couple,1,F&B Eatery/Full-Service Restaurants,Walking,Public_transport
67038,58,Senior,9596,Low,2_person,family_single,0,F&B Eatery/Full-Service Restaurants,Walking,Public_transport
58233,69,Elderly,331832,Ultra High,2_person,married_couple,1,F&B Eatery/Full-Service Restaurants,Car,Car
12070,26,Young Adult,51572,Moderate,2_person,married_couple,1,F&B Eatery/Full-Service Restaurants,Public_transport,Car
50505,62,Elderly,9899,Low,3_person,family_single,1,F&B Eatery/Limited-Service Restaurants,Car,Car
11706,35,Adult,98194,Very High,3_person,married_couple,2,F&B Eatery/Snack and Nonalcoholic Beverage Bars,Car,Car
41439,32,Adult,65385,High,2_person,married_couple,1,F&B Eatery/Full-Service Restaurants,Car,Car
35892,54,Senior,28983,Low,3_person,family_single,0,F&B Eatery/Full-Service Restaurants,Walking,Public_transport
22057,28,Young Adult,60608,High,2_person,nonfamily_single,1,F&B Eatery/Full-Service Restaurants,Car,Walking
30916,24,Young Adult,59425,Moderate,4_person,nonfamily_single,2,F&B Eatery/Snack and Nonalcoholic Beverage Bars,Public_transport,Public_transport
19158,21,Young Adult,0,Debt,3_person,nonfamily_single,0,F&B Eatery/Snack and Nonalcoholic Beverage Bars,Walking,Walking
40388,45,Middle Age,47653,Moderate,2_person,family_single,2,F&B Eatery/Snack and Nonalcoholic Beverage Bars,Public_transport,Public_transport
6559,46,Middle Age,12655,Low,2_person,family_single,1,F&B Eatery/Snack and Nonalcoholic Beverage Bars,Public_transport,Car
61460,37,Adult,39597,Moderate,2_person,nonfamily_single,1,F&B Eatery/Full-Service Restaurants,Walking,Car
41913,35,Adult,69150,High,1_person,living_alone,1,F&B Eatery/Full-Service Restaurants,Car,Car
57608,54,Senior,44951,Moderate,6_person,family_single,3_plus,F&B Eatery/Limited-Service Restaurants,Public_transport,Car
12720,39,Adult,169300,Ultra High,4_person,married_couple,1,F&B Eatery/Drinking Places,Walking,Public_transport
42614,60,Senior,0,Debt,7_plus_person,married_couple,2,F&B Eatery/Limited-Service Restaurants,Car,Walking
64554,76,Elderly,14268,Low,3_person,family_single,1,F&B Eatery/Full-Service Restaurants,Car,Car
61979,91,Elderly,27333,Low,2_person,family_single,1,F&B Eatery/Full-Service Restaurants,Public_transport,Car
41183,35,Adult,0,Debt,2_person,nonfamily_single,2,F&B Eatery/Snack and Nonalcoholic Beverage Bars,Car,Public_transport
9627,55,Senior,15152,Low,2_person,married_couple,1,F&B Eatery/Snack and Nonalcoholic Beverage Bars,Walking,Car
5798,63,Elderly,10727,Low,1_person,living_alone,1,F&B Eatery/Snack and Nonalcoholic Beverage Bars,Walking,Car
28557,45,Middle Age,86437,High,2_person,married_couple,2,F&B Eatery/Full-Service Restaurants,Walking,Car
22366,28,Young Adult,37570,Moderate,2_person,family_single,1,F&B Eatery/Drinking Places,Car,Car
38650,75,Elderly,285859,Ultra High,1_person,living_alone,1,F&B Eatery/Limited-Service Restaurants,Car,Car
9782,53,Senior,0,Debt,2_person,married_couple,1,F&B Eatery/Full-Service Restaurants,Car,Car
44116,35,Adult,633360,Ultra High,4_person,married_couple,1,F&B Eatery/Drinking Places,Walking,Public_transport
27832,77,Elderly,17717,Low,1_person,living_alone,0,F&B Eatery/Full-Service Restaurants,Walking,Walking
61631,23,Young Adult,53672,Moderate,2_person,family_single,0,F&B Eatery/Special Food Services,Car,Walking
52248,40,Adult,84368,High,3_person,married_couple,1,F&B Eatery/Limited-Service Restaurants,Car,Car
26025,39,Adult,84368,High,2_person,nonfamily_single,1,F&B Eatery/Full-Service Restaurants,Walking,Car
18565,29,Young Adult,42937,Moderate,4_person,nonfamily_single,3_plus,F&B Eatery/Full-Service Restaurants,Public_transport,Public_transport
19627,56,Senior,102224,Very High,1_person,living_alone,1,F&B Eatery/Limited-Service Restaurants,Walking,Car
17857,23,Young Adult,25174,Low,3_person,nonfamily_single,1,F&B Eatery/Snack and Nonalcoholic Beverage Bars,Public_transport,Walking
38871,70,Elderly,235363,Ultra High,3_person,married_couple,2,F&B Eatery/Full-Service Restaurants,Walking,Car
39516,64,Elderly,62628,High,3_person,married_couple,3_plus,F&B Eatery/Limited-Service Restaurants,Car,Car
29793,61,Elderly,8889,Low,7_plus_person,nonfamily_single,0,F&B Eatery/Full-Service Restaurants,Public_transport,Public_transport
27843,26,Young Adult,47678,Moderate,2_person,nonfamily_single,1,F&B Eatery/Drinking Places,Car,Car
13009,54,Senior,45456,Moderate,3_person,married_couple,1,F&B Eatery/Limited-Service Restaurants,Walking,Car
41850,19,Young Adult,3435,Low,7_plus_person,family_single,1,F&B Eatery/Limited-Service Restaurants,Car,Walking
61155,56,Senior,10808,Low,2_person,nonfamily_single,1,F&B Eatery/Snack and Nonalcoholic Beverage Bars,Car,Car
63063,37,Adult,319545,Ultra High,2_person,nonfamily_single,1,F&B Eatery/Full-Service Restaurants,Car,Car
31097,85,Elderly,10440,Low,1_person,living_alone,0,F&B Eatery/Full-Service Restaurants,Walking,Walking
15966,61,Elderly,32203,Moderate,2_person,married_couple,2,F&B Eatery/Limited-Service Restaurants,Public_transport,Car
64630,39,Adult,32414,Moderate,3_person,married_couple,1,F&B Eatery/Snack and Nonalcoholic Beverage Bars,Car,Car
49056,28,Young Adult,12965,Low,2_person,nonfamily_single,0,F&B Eatery/Limited-Service Restaurants,Walking,Walking
25785,66,Elderly,54101,Moderate,2_person,married_couple,2,F&B Eatery/Limited-Service Restaurants,Car,Car
38308,75,Elderly,7779,Low,3_person,married_couple,1,F&B Eatery/Full-Service Restaurants,Car,Car
33189,45,Middle Age,190917,Ultra High,7_plus_person,family_single,1,F&B Eatery/Snack and Nonalcoholic Beverage Bars,Public_transport,Walking
26347,28,Young Adult,133196,Ultra High,2_person,married_couple,1,F&B Eatery/Full-Service Restaurants,Car,Walking
48849,71,Elderly,0,Debt,2_person,married_couple,2,F&B Eatery/Full-Service Restaurants,Car,Car
59050,27,Young Adult,29172,Low,2_person,nonfamily_single,2,F&B Eatery/Snack and Nonalcoholic Beverage Bars,Car,Walking
58502,79,Elderly,8331,Low,2_person,married_couple,1,F&B Eatery/Snack and Nonalcoholic Beverage Bars,Car,Car
18690,70,Elderly,86477,High,2_person,married_couple,1,F&B Eatery/Full-Service Restaurants,Car,Car
24849,18,Teen,0,Debt,4_person,nonfamily_single,0,F&B Eatery/Drinking Places,Public_transport,Walking
16555,65,Elderly,133057,Ultra High,1_person,living_alone,1,F&B Eatery/Full-Service Restaurants,Public_transport,Car
3956,43,Middle Age,0,Debt,6_person,family_single,1,F&B Eatery/Limited-Service Restaurants,Car,Walking
5606,33,Adult,21660,Low,1_person,living_alone,1,F&B Eatery/Full-Service Restaurants,Car,Public_transport
22195,20,Young Adult,3241,Low,7_plus_person,married_couple,2,F&B Eatery/Snack and Nonalcoholic Beverage Bars,Walking,Car
45825,25,Young Adult,0,Debt,2_person,family_single,2,F&B Eatery/Full-Service Restaurants,Public_transport,Walking
24846,85,Elderly,6188,Low,6_person,nonfamily_single,0,F&B Eatery/Full-Service Restaurants,Public_transport,Public_transport
44148,22,Young Adult,0,Debt,7_plus_person,family_single,2,F&B Eatery/Snack and Nonalcoholic Beverage Bars,Walking,Public_transport
34493,26,Young Adult,0,Debt,4_person,family_single,0,F&B Eatery/Full-Service Restaurants,Walking,Walking
58090,50,Middle Age,14142,Low,3_person,family_single,2,F&B Eatery/Full-Service Restaurants,Public_transport,Car
1184,24,Young Adult,68549,High,4_person,nonfamily_single,3_plus,F&B Eatery/Snack and Nonalcoholic Beverage Bars,Car,Walking
26140,31,Adult,118851,Very High,3_person,married_couple,1,F&B Eatery/Full-Service Restaurants,Walking,Car
42742,30,Young Adult,0,Debt,3_person,nonfamily_single,0,F&B Eatery/Snack and Nonalcoholic Beverage Bars,Walking,Walking
58187,18,Teen,527,Low,4_person,married_couple,2,F&B Eatery/Full-Service Restaurants,Walking,Walking
49556,24,Young Adult,2160,Low,4_person,nonfamily_single,0,F&B Eatery/Snack and Nonalcoholic Beverage Bars,Walking,Walking
61060,59,Senior,0,Debt,2_person,married_couple,2,F&B Eatery/Limited-Service Restaurants,Car,Car
33672,58,Senior,20610,Low,2_person,married_couple,2,F&B Eatery/Snack and Nonalcoholic Beverage Bars,Car,Car
19878,58,Senior,10734,Low,1_person,living_alone,1,F&B Eatery/Snack and Nonalcoholic Beverage Bars,Car,Car
8346,62,Elderly,0,Debt,2_person,married_couple,2,F&B Eatery/Full-Service Restaurants,Car,Car
50013,34,Adult,134088,Ultra High,6_person,married_couple,2,F&B Eatery/Snack and Nonalcoholic Beverage Bars,Car,Public_transport
7797,62,Elderly,50836,Moderate,1_person,living_alone,1,F&B Eatery/Full-Service Restaurants,Car,Car
26123,27,Young Adult,37570,Moderate,5_person,nonfamily_single,0,F&B Eatery/Full-Service Restaurants,Car,Public_transport
56548,50,Middle Age,21609,Low,3_person,family_single,1,F&B Eatery/Full-Service Restaurants,Car,Car
6089,65,Elderly,105671,Very High,2_person,married_couple,2,F&B Eatery/Limited-Service Restaurants,Car,Car
2080,40,Adult,77288,High,3_person,nonfamily_single,0,F&B Eatery/Limited-Service Restaurants,Public_transport,Walking
40696,29,Young Adult,1080,Low,6_person,married_couple,2,F&B Eatery/Snack and Nonalcoholic Beverage Bars,Car,Car
46621,33,Adult,48305,Moderate,2_person,nonfamily_single,2,F&B Eatery/Full-Service Restaurants,Car,Car
64360,34,Adult,18248,Low,3_person,nonfamily_single,0,F&B Eatery/Full-Service Restaurants,Public_transport,Walking
7933,66,Elderly,271,Low,2_person,nonfamily_single,2,F&B Eatery/Drinking Places,Public_transport,Car
10846,33,Adult,31638,Moderate,4_person,married_couple,2,F&B Eatery/Full-Service Restaurants,Public_transport,Public_transport
12177,67,Elderly,50025,Moderate,7_plus_person,family_single,2,F&B Eatery/Drinking Places,Public_transport,Car
9316,74,Elderly,0,Debt,5_person,married_couple,3_plus,F&B Eatery/Snack and Nonalcoholic Beverage Bars,Car,Car
24594,18,Teen,0,Debt,3_person,family_single,0,F&B Eatery/Limited-Service Restaurants,Car,Walking
51797,51,Senior,134088,Ultra High,2_person,married_couple,2,F&B Eatery/Snack and Nonalcoholic Beverage Bars,Public_transport,Car
11927,68,Elderly,49269,Moderate,2_person,married_couple,1,F&B Eatery/Full-Service Restaurants,Car,Car
9927,86,Elderly,32587,Moderate,2_person,married_couple,1,F&B Eatery/Drinking Places,Car,Car
7211,65,Elderly,56892,Moderate,1_person,living_alone,0,F&B Eatery/Full-Service Restaurants,Public_transport,Public_transport
21061,58,Senior,0,Debt,5_person,married_couple,2,F&B Eatery/Snack and Nonalcoholic Beverage Bars,Walking,Car
6533,34,Adult,118616,Very High,2_person,married_couple,1,F&B Eatery/Drinking Places,Walking,Car
5209,37,Adult,0,Debt,3_person,married_couple,1,F&B Eatery/Full-Service Restaurants,Car,Car
35414,54,Senior,40405,Moderate,2_person,family_single,2,F&B Eatery/Full-Service Restaurants,Car,Car
10073,32,Adult,30943,Moderate,2_person,married_couple,0,F&B Eatery/Snack and Nonalcoholic Beverage Bars,Walking,Public_transport
49593,69,Elderly,90590,Very High,3_person,married_couple,3_plus,F&B Eatery/Snack and Nonalcoholic Beverage Bars,Walking,Car
43390,26,Young Adult,61887,High,2_person,nonfamily_single,1,F&B Eatery/Snack and Nonalcoholic Beverage Bars,Walking,Walking
8448,22,Young Adult,18785,Low,5_person,family_single,1,F&B Eatery/Drinking Places,Walking,Car
39164,60,Senior,252536,Ultra High,2_person,married_couple,1,F&B Eatery/Limited-Service Restaurants,Car,Car
34246,39,Adult,50507,Moderate,4_person,married_couple,2,F&B Eatery/Full-Service Restaurants,Car,Public_transport
28926,67,Elderly,9875,Low,1_person,living_alone,0,F&B Eatery/Snack and Nonalcoholic Beverage Bars,Public_transport,Walking
692,29,Young Adult,77358,High,2_person,married_couple,1,F&B Eatery/Full-Service Restaurants,Public_transport,Walking
48217,75,Elderly,25542,Low,1_person,living_alone,1,F&B Eatery/Limited-Service Restaurants,Car,Car
30225,19,Young Adult,0,Debt,3_person,nonfamily_single,0,F&B Eatery/Limited-Service Restaurants,Walking,Walking
63767,23,Young Adult,309,Low,4_person,married_couple,1,F&B Eatery/Full-Service Restaurants,Walking,Public_transport
39133,30,Young Adult,96610,Very High,3_person,married_couple,1,F&B Eatery/Drinking Places,Car,Walking
64899,39,Adult,67679,High,2_person,married_couple,0,F&B Eatery/Full-Service Restaurants,Public_transport,Public_transport
51307,70,Elderly,634029,Ultra High,2_person,married_couple,1,F&B Eatery/Snack and Nonalcoholic Beverage Bars,Car,Car
54337,26,Young Adult,96631,Very High,4_person,nonfamily_single,1,F&B Eatery/Full-Service Restaurants,Walking,Public_transport
7370,34,Adult,159602,Ultra High,2_person,married_couple,1,F&B Eatery/Limited-Service Restaurants,Public_transport,Car
34069,22,Young Adult,6854,Low,2_person,nonfamily_single,0,F&B Eatery/Snack and Nonalcoholic Beverage Bars,Public_transport,Walking
7837,63,Elderly,293952,Ultra High,3_person,married_couple,3_plus,F&B Eatery/Full-Service Restaurants,Car,Car
47645,70,Elderly,6666,Low,7_plus_person,married_couple,1,F&B Eatery/Snack and Nonalcoholic Beverage Bars,Car,Car
36483,61,Elderly,57761,Moderate,2_person,family_single,2,F&B Eatery/Snack and Nonalcoholic Beverage Bars,Car,Car
64213,50,Middle Age,0,Debt,1_person,living_alone,1,F&B Eatery/Full-Service Restaurants,Public_transport,Public_transport
24495,25,Young Adult,33637,Moderate,4_person,nonfamily_single,0,F&B Eatery/Full-Service Restaurants,Public_transport,Walking
28633,38,Adult,639500,Ultra High,2_person,married_couple,1,F&B Eatery/Full-Service Restaurants,Public_transport,Car
5037,36,Adult,28880,Low,3_person,family_single,1,F&B Eatery/Drinking Places,Walking,Car
37167,30,Young Adult,0,Debt,2_person,nonfamily_single,0,F&B Eatery/Snack and Nonalcoholic Beverage Bars,Walking,Walking
52774,59,Senior,40918,Moderate,2_person,family_single,1,F&B Eatery/Snack and Nonalcoholic Beverage Bars,Walking,Car
13840,28,Young Adult,68549,High,4_person,married_couple,3_plus,F&B Eatery/Full-Service Restaurants,Walking,Public_transport
20900,77,Elderly,99403,Very High,1_person,living_alone,1,F&B Eatery/Full-Service Restaurants,Walking,Car
30979,30,Young Adult,0,Debt,3_person,family_single,1,F&B Eatery/Full-Service Restaurants,Walking,Walking
44062,30,Young Adult,68770,High,7_plus_person,nonfamily_single,3_plus,F&B Eatery/Snack and Nonalcoholic Beverage Bars,Walking,Walking
7354,67,Elderly,150281,Ultra High,2_person,married_couple,1,F&B Eatery/Drinking Places,Car,Car
16122,25,Young Adult,64981,High,3_person,nonfamily_single,2,F&B Eatery/Full-Service Restaurants,Public_transport,Walking
8750,65,Elderly,20932,Low,1_person,living_alone,1,F&B Eatery/Drinking Places,Car,Car
61320,28,Young Adult,92920,Very High,2_person,nonfamily_single,0,F&B Eatery/Full-Service Restaurants,Public_transport,Walking
27151,24,Young Adult,59598,Moderate,2_person,nonfamily_single,1,F&B Eatery/Full-Service Restaurants,Walking,Car
1436,29,Young Adult,74067,High,3_person,nonfamily_single,3_plus,F&B Eatery/Snack and Nonalcoholic Beverage Bars,Car,Car
507,66,Elderly,45348,Moderate,4_person,married_couple,1,F&B Eatery/Full-Service Restaurants,Car,Car
54427,63,Elderly,216094,Ultra High,1_person,living_alone,1,F&B Eatery/Full-Service Restaurants,Car,Car
48785,40,Adult,0,Debt,3_person,married_couple,1,F&B Eatery/Snack and Nonalcoholic Beverage Bars,Car,Car
59213,25,Young Adult,46158,Moderate,3_person,nonfamily_single,3_plus,F&B Eatery/Limited-Service Restaurants,Car,Car
54815,27,Young Adult,42937,Moderate,4_person,married_couple,1,F&B Eatery/Drinking Places,Walking,Walking
38170,33,Adult,49377,Moderate,2_person,family_single,0,F&B Eatery/Limited-Service Restaurants,Public_transport,Walking
5930,19,Young Adult,21609,Low,2_person,family_single,1,F&B Eatery/Snack and Nonalcoholic Beverage Bars,Car,Walking
46714,59,Senior,8587,Low,1_person,living_alone,1,F&B Eatery/Snack and Nonalcoholic Beverage Bars,Car,Car
8947,87,Elderly,93034,Very High,1_person,living_alone,0,F&B Eatery/Full-Service Restaurants,Car,Walking
47025,49,Middle Age,60506,High,4_person,married_couple,2,F&B Eatery/Full-Service Restaurants,Car,Car
51491,48,Middle Age,11515,Low,3_person,family_single,3_plus,F&B Eatery/Snack and Nonalcoholic Beverage Bars,Car,Car
12242,34,Adult,5726,Low,6_person,married_couple,1,F&B Eatery/Full-Service Restaurants,Walking,Car
17303,30,Young Adult,89641,High,2_person,nonfamily_single,1,F&B Eatery/Snack and Nonalcoholic Beverage Bars,Public_transport,Walking
28412,50,Middle Age,20629,Low,5_person,nonfamily_single,0,F&B Eatery/Full-Service Restaurants,Walking,Public_transport
32263,90,Elderly,45456,Moderate,4_person,married_couple,3_plus,F&B Eatery/Snack and Nonalcoholic Beverage Bars,Walking,Car
4386,35,Adult,47457,Moderate,2_person,married_couple,0,F&B Eatery/Snack and Nonalcoholic Beverage Bars,Walking,Public_transport
62266,29,Young Adult,58003,Moderate,2_person,nonfamily_single,1,F&B Eatery/Full-Service Restaurants,Public_transport,Car
45512,60,Senior,41057,Moderate,4_person,married_couple,2,F&B Eatery/Drinking Places,Walking,Car
56497,25,Young Adult,55819,Moderate,2_person,nonfamily_single,1,F&B Eatery/Full-Service Restaurants,Public_transport,Car
10310,31,Adult,4218,Low,3_person,family_single,0,F&B Eatery/Full-Service Restaurants,Public_transport,Public_transport
56832,25,Young Adult,52730,Moderate,4_person,nonfamily_single,3_plus,F&B Eatery/Full-Service Restaurants,Public_transport,Public_transport
50435,23,Young Adult,3535,Low,5_person,family_single,0,F&B Eatery/Full-Service Restaurants,Walking,Walking
8921,24,Young Adult,0,Debt,3_person,nonfamily_single,0,F&B Eatery/Limited-Service Restaurants,Public_transport,Walking
8693,74,Elderly,825,Low,2_person,married_couple,1,F&B Eatery/Full-Service Restaurants,Car,Car
17027,89,Elderly,41864,Moderate,2_person,family_single,0,F&B Eatery/Full-Service Restaurants,Car,Public_transport
25488,35,Adult,73822,High,1_person,living_alone,1,F&B Eatery/Full-Service Restaurants,Public_transport,Car
1539,34,Adult,8858,Low,1_person,living_alone,0,F&B Eatery/Special Food Services,Walking,Walking
9121,48,Middle Age,0,Debt,3_person,married_couple,3_plus,F&B Eatery/Limited-Service Restaurants,Car,Car
33979,31,Adult,75632,High,1_person,living_alone,1,F&B Eatery/Full-Service Restaurants,Walking,Car
15284,27,Young Adult,122334,Ultra High,2_person,nonfamily_single,0,F&B Eatery/Limited-Service Restaurants,Public_transport,Walking
5867,38,Adult,105460,Very High,1_person,living_alone,0,F&B Eatery/Limited-Service Restaurants,Public_transport,Walking
35328,20,Young Adult,82115,High,5_person,nonfamily_single,0,F&B Eatery/Limited-Service Restaurants,Public_transport,Public_transport
58016,29,Young Adult,59824,Moderate,2_person,nonfamily_single,2,F&B Eatery/Limited-Service Restaurants,Public_transport,Car
45875,27,Young Adult,40791,Moderate,2_person,nonfamily_single,1,F&B Eatery/Full-Service Restaurants,Walking,Car
22490,79,Elderly,224151,Ultra High,2_person,married_couple,2,F&B Eatery/Full-Service Restaurants,Public_transport,Car
13029,31,Adult,42138,Moderate,3_person,family_single,1,F&B Eatery/Limited-Service Restaurants,Car,Car
11569,31,Adult,94785,Very High,2_person,nonfamily_single,1,F&B Eatery/Full-Service Restaurants,Car,Car
45436,55,Senior,90696,Very High,1_person,living_alone,1,F&B Eatery/Full-Service Restaurants,Car,Car
21999,19,Young Adult,0,Debt,2_person,nonfamily_single,0,F&B Eatery/Snack and Nonalcoholic Beverage Bars,Walking,Walking
390,50,Middle Age,0,Debt,4_person,married_couple,2,F&B Eatery/Full-Service Restaurants,Car,Car
17848,26,Young Adult,42184,Moderate,2_person,nonfamily_single,1,F&B Eatery/Full-Service Restaurants,Car,Car
29001,23,Young Adult,6060,Low,5_person,nonfamily_single,0,F&B Eatery/Snack and Nonalcoholic Beverage Bars,Public_transport,Walking
17576,25,Young Adult,5273,Low,4_person,nonfamily_single,1,F&B Eatery/Limited-Service Restaurants,Car,Car
31728,77,Elderly,52931,Moderate,2_person,married_couple,1,F&B Eatery/Limited-Service Restaurants,Public_transport,Car
64528,20,Young Adult,72201,High,2_person,nonfamily_single,0,F&B Eatery/Full-Service Restaurants,Walking,Walking
42832,41,Middle Age,48722,Moderate,3_person,married_couple,2,F&B Eatery/Drinking Places,Public_transport,Public_transport
32021,86,Elderly,15126,Low,1_person,living_alone,1,F&B Eatery/Snack and Nonalcoholic Beverage Bars,Car,Car
36358,63,Elderly,81035,High,2_person,nonfamily_single,1,F&B Eatery/Full-Service Restaurants,Public_transport,Car
56809,21,Young Adult,0,Debt,1_person,living_alone,1,F&B Eatery/Full-Service Restaurants,Walking,Walking
55512,53,Senior,10606,Low,1_person,living_alone,1,F&B Eatery/Snack and Nonalcoholic Beverage Bars,Walking,Car
11350,26,Young Adult,31638,Moderate,4_person,nonfamily_single,2,F&B Eatery/Full-Service Restaurants,Car,Public_transport
25081,41,Middle Age,121711,Ultra High,3_person,married_couple,2,F&B Eatery/Snack and Nonalcoholic Beverage Bars,Public_transport,Car
41203,26,Young Adult,10314,Low,2_person,nonfamily_single,2,F&B Eatery/Snack and Nonalcoholic Beverage Bars,Car,Walking
6719,46,Middle Age,1212,Low,2_person,family_single,0,F&B Eatery/Limited-Service Restaurants,Car,Walking
15540,36,Adult,97987,Very High,1_person,living_alone,1,F&B Eatery/Full-Service Restaurants,Public_transport,Car
66179,20,Young Adult,0,Debt,4_person,nonfamily_single,0,F&B Eatery/Drinking Places,Walking,Walking
49658,40,Adult,490533,Ultra High,1_person,living_alone,1,F&B Eatery/Full-Service Restaurants,Car,Car
27241,69,Elderly,50774,Moderate,2_person,married_couple,1,F&B Eatery/Full-Service Restaurants,Walking,Car
14693,42,Middle Age,78949,High,1_person,living_alone,0,F&B Eatery/Full-Service Restaurants,Walking,Public_transport
946,28,Young Adult,94914,Very High,2_person,married_couple,1,F&B Eatery/Drinking Places,Public_transport,Walking
48344,29,Young Adult,20528,Low,2_person,family_single,2,F&B Eatery/Full-Service Restaurants,Walking,Walking
14327,24,Young Adult,0,Debt,4_person,nonfamily_single,1,F&B Eatery/Drinking Places,Car,Walking
14414,28,Young Adult,26365,Low,1_person,living_alone,1,F&B Eatery/Full-Service Restaurants,Walking,Walking
61309,77,Elderly,19803,Low,6_person,married_couple,1,F&B Eatery/Snack and Nonalcoholic Beverage Bars,Car,Car
35932,34,Adult,27273,Low,2_person,family_single,1,F&B Eatery/Drinking Places,Public_transport,Car
35315,55,Senior,0,Debt,2_person,married_couple,1,F&B Eatery/Snack and Nonalcoholic Beverage Bars,Car,Car
32157,71,Elderly,0,Debt,2_person,married_couple,2,F&B Eatery/Limited-Service Restaurants,Walking,Car
18157,82,Elderly,0,Debt,1_person,living_alone,1,F&B Eatery/Snack and Nonalcoholic Beverage Bars,Car,Car
13007,34,Adult,7514,Low,3_person,married_couple,2,F&B Eatery/Drinking Places,Car,Walking
60354,77,Elderly,101216,Very High,2_person,married_couple,2,F&B Eatery/Limited-Service Restaurants,Car,Car
33040,73,Elderly,22279,Low,5_person,married_couple,0,F&B Eatery/Snack and Nonalcoholic Beverage Bars,Public_transport,Public_transport
20827,42,Middle Age,35209,Moderate,2_person,family_single,1,F&B Eatery/Snack and Nonalcoholic Beverage Bars,Car,Car
25373,32,Adult,3713,Low,3_person,married_couple,1,F&B Eatery/Snack and Nonalcoholic Beverage Bars,Car,Walking
36386,48,Middle Age,59598,Moderate,2_person,married_couple,2,F&B Eatery/Full-Service Restaurants,Walking,Public_transport
51533,75,Elderly,87673,High,7_plus_person,married_couple,1,F&B Eatery/Full-Service Restaurants,Car,Car
27405,47,Middle Age,21468,Low,3_person,family_single,3_plus,F&B Eatery/Full-Service Restaurants,Car,Car
48291,31,Adult,54023,Moderate,2_person,family_single,1,F&B Eatery/Snack and Nonalcoholic Beverage Bars,Car,Car
7008,64,Elderly,0,Debt,2_person,married_couple,0,F&B Eatery/Full-Service Restaurants,Public_transport,Public_transport
61875,38,Adult,80508,High,3_person,nonfamily_single,0,F&B Eatery/Full-Service Restaurants,Public_transport,Walking
32284,29,Young Adult,108047,Very High,2_person,nonfamily_single,1,F&B Eatery/Drinking Places,Walking,Car
42037,36,Adult,206290,Ultra High,4_person,married_couple,1,F&B Eatery/Full-Service Restaurants,Walking,Public_transport
17304,50,Middle Age,16207,Low,3_person,married_couple,0,F&B Eatery/Snack and Nonalcoholic Beverage Bars,Walking,Public_transport
4633,42,Middle Age,17172,Low,6_person,family_single,2,F&B Eatery/Snack and Nonalcoholic Beverage Bars,Public_transport,Car
57656,43,Middle Age,14764,Low,4_person,married_couple,2,F&B Eatery/Snack and Nonalcoholic Beverage Bars,Walking,Public_transport
31086,29,Young Adult,60608,High,2_person,nonfamily_single,0,F&B Eatery/Snack and Nonalcoholic Beverage Bars,Walking,Walking
17130,76,Elderly,38356,Moderate,2_person,family_single,1,F&B Eatery/Limited-Service Restaurants,Car,Car
40475,29,Young Adult,108047,Very High,2_person,nonfamily_single,1,F&B Eatery/Drinking Places,Car,Car
19953,33,Adult,246893,Ultra High,3_person,married_couple,1,F&B Eatery/Full-Service Restaurants,Walking,Car
41750,28,Young Adult,0,Debt,2_person,nonfamily_single,0,F&B Eatery/Drinking Places,Walking,Walking
27052,32,Adult,94000,Very High,2_person,family_single,2,F&B Eatery/Full-Service Restaurants,Car,Walking
62176,22,Young Adult,0,Debt,2_person,nonfamily_single,0,F&B Eatery/Snack and Nonalcoholic Beverage Bars,Public_transport,Walking
47080,22,Young Adult,0,Debt,2_person,nonfamily_single,1,F&B Eatery/Snack and Nonalcoholic Beverage Bars,Walking,Walking
30133,89,Elderly,12965,Low,2_person,married_couple,1,F&B Eatery/Snack and Nonalcoholic Beverage Bars,Car,Car
10762,72,Elderly,3864,Low,4_person,married_couple,1,F&B Eatery/Full-Service Restaurants,Public_transport,Car
13945,52,Senior,214689,Ultra High,5_person,family_single,3_plus,F&B Eatery/Limited-Service Restaurants,Public_transport,Car
24941,37,Adult,21393,Low,2_person,family_single,1,F&B Eatery/Full-Service Restaurants,Car,Car
14342,19,Young Adult,0,Debt,3_person,nonfamily_single,0,F&B Eatery/Limited-Service Restaurants,Walking,Walking
55600,30,Young Adult,0,Debt,4_person,married_couple,1,F&B Eatery/Snack and Nonalcoholic Beverage Bars,Car,Car
38367,54,Senior,14276,Low,1_person,living_alone,0,F&B Eatery/Drinking Places,Public_transport,Public_transport
9290,24,Young Adult,48486,Moderate,1_person,living_alone,0,F&B Eatery/Limited-Service Restaurants,Walking,Walking
28931,42,Middle Age,38436,Moderate,1_person,living_alone,1,F&B Eatery/Full-Service Restaurants,Car,Walking
15989,22,Young Adult,1395,Low,5_person,married_couple,1,F&B Eatery/Limited-Service Restaurants,Walking,Public_transport
43123,30,Young Adult,25786,Low,5_person,married_couple,0,F&B Eatery/Limited-Service Restaurants,Walking,Walking
32696,60,Senior,217910,Ultra High,1_person,living_alone,0,F&B Eatery/Drinking Places,Public_transport,Public_transport
36405,40,Adult,44951,Moderate,1_person,living_alone,1,F&B Eatery/Snack and Nonalcoholic Beverage Bars,Car,Car
20597,26,Young Adult,0,Debt,7_plus_person,nonfamily_single,1,F&B Eatery/Snack and Nonalcoholic Beverage Bars,Car,Walking
57724,42,Middle Age,0,Debt,7_plus_person,family_single,3_plus,F&B Eatery/Snack and Nonalcoholic Beverage Bars,Car,Walking
67299,36,Adult,23723,Low,7_plus_person,married_couple,3_plus,F&B Eatery/Full-Service Restaurants,Car,Car
25868,41,Middle Age,108047,Very High,3_person,married_couple,0,F&B Eatery/Limited-Service Restaurants,Car,Public_transport
51064,51,Senior,49700,Moderate,2_person,family_single,0,F&B Eatery/Snack and Nonalcoholic Beverage Bars,Car,Public_transport
21199,37,Adult,76430,High,4_person,family_single,0,F&B Eatery/Full-Service Restaurants,Walking,Public_transport
33367,20,Young Adult,0,Debt,5_person,family_single,2,F&B Eatery/Limited-Service Restaurants,Walking,Car
53044,27,Young Adult,57761,Moderate,3_person,family_single,2,F&B Eatery/Drinking Places,Walking,Car
21924,51,Senior,0,Debt,2_person,family_single,1,F&B Eatery/Special Food Services,Car,Car
34420,22,Young Adult,14764,Low,5_person,family_single,0,F&B Eatery/Full-Service Restaurants,Walking,Walking
64251,28,Young Adult,37816,Moderate,2_person,nonfamily_single,1,F&B Eatery/Full-Service Restaurants,Car,Car
40874,27,Young Adult,81204,High,2_person,nonfamily_single,1,F&B Eatery/Full-Service Restaurants,Walking,Walking
31371,35,Adult,96610,Very High,1_person,living_alone,1,F&B Eatery/Full-Service Restaurants,Public_transport,Car
64944,20,Young Adult,38644,Moderate,3_person,family_single,0,F&B Eatery/Limited-Service Restaurants,Walking,Walking
1893,45,Middle Age,63276,High,4_person,married_couple,1,F&B Eatery/Full-Service Restaurants,Car,Car
7833,21,Young Adult,2809,Low,3_person,married_couple,0,F&B Eatery/Drinking Places,Public_transport,Public_transport
32651,26,Young Adult,110365,Very High,2_person,nonfamily_single,1,F&B Eatery/Full-Service Restaurants,Car,Car
42904,31,Adult,103145,Very High,2_person,nonfamily_single,1,F&B Eatery/Snack and Nonalcoholic Beverage Bars,Car,Car
60739,31,Adult,59824,Moderate,1_person,living_alone,0,F&B Eatery/Snack and Nonalcoholic Beverage Bars,Walking,Walking
44348,59,Senior,12929,Low,2_person,family_single,0,F&B Eatery/Full-Service Restaurants,Public_transport,Public_transport
22886,68,Elderly,719593,Ultra High,5_person,married_couple,2,F&B Eatery/Limited-Service Restaurants,Car,Car
20746,58,Senior,75141,High,3_person,married_couple,2,F&B Eatery/Snack and Nonalcoholic Beverage Bars,Car,Car
33030,27,Young Adult,4646,Low,7_plus_person,family_single,1,F&B Eatery/Limited-Service Restaurants,Car,Walking
375,46,Middle Age,9091,Low,1_person,living_alone,0,F&B Eatery/Snack and Nonalcoholic Beverage Bars,Public_transport,Walking
18350,62,Elderly,62918,High,2_person,married_couple,2,F&B Eatery/Full-Service Restaurants,Car,Car
53109,19,Young Adult,0,Debt,4_person,nonfamily_single,1,F&B Eatery/Snack and Nonalcoholic Beverage Bars,Walking,Walking
30771,51,Senior,821,Low,2_person,married_couple,0,F&B Eatery/Limited-Service Restaurants,Public_transport,Public_transport
1466,66,Elderly,65659,High,3_person,married_couple,1,F&B Eatery/Full-Service Restaurants,Car,Car
12615,58,Senior,54023,Moderate,3_person,married_couple,2,F&B Eatery/Snack and Nonalcoholic Beverage Bars,Walking,Car
13543,36,Adult,20528,Low,5_person,nonfamily_single,2,F&B Eatery/Snack and Nonalcoholic Beverage Bars,Public_transport,Car
48994,22,Young Adult,0,Debt,3_person,family_single,0,F&B Eatery/Full-Service Restaurants,Walking,Walking
5696,27,Young Adult,27273,Low,5_person,family_single,2,F&B Eatery/Full-Service Restaurants,Car,Car
17627,67,Elderly,6870,Low,2_person,married_couple,0,F&B Eatery/Full-Service Restaurants,Walking,Public_transport
24489,56,Senior,21609,Low,2_person,married_couple,1,F&B Eatery/Full-Service Restaurants,Car,Car
62436,25,Young Adult,82259,High,3_person,nonfamily_single,2,F&B Eatery/Limited-Service Restaurants,Walking,Walking
4837,47,Middle Age,27372,Low,6_person,married_couple,2,F&B Eatery/Full-Service Restaurants,Walking,Car
63171,35,Adult,75760,High,7_plus_person,married_couple,2,F&B Eatery/Limited-Service Restaurants,Car,Walking
33709,35,Adult,181789,Ultra High,2_person,married_couple,1,F&B Eatery/Full-Service Restaurants,Walking,Car
63096,33,Adult,54944,Moderate,2_person,nonfamily_single,1,F&B Eatery/Full-Service Restaurants,Walking,Car
42431,57,Senior,40405,Moderate,5_person,married_couple,1,F&B Eatery/Snack and Nonalcoholic Beverage Bars,Car,Car
52498,52,Senior,41258,Moderate,3_person,family_single,1,F&B Eatery/Full-Service Restaurants,Public_transport,Car
29098,43,Middle Age,0,Debt,2_person,married_couple,2,F&B Eatery/Snack and Nonalcoholic Beverage Bars,Public_transport,Car
19041,58,Senior,10756,Low,1_person,living_alone,1,F&B Eatery/Limited-Service Restaurants,Public_transport,Car
60197,23,Young Adult,52730,Moderate,3_person,nonfamily_single,0,F&B Eatery/Snack and Nonalcoholic Beverage Bars,Walking,Walking
15882,57,Senior,45084,Moderate,3_person,married_couple,2,F&B Eatery/Limited-Service Restaurants,Car,Car
46121,45,Middle Age,165032,Ultra High,4_person,married_couple,1,F&B Eatery/Full-Service Restaurants,Car,Car
10905,78,Elderly,41670,Moderate,2_person,married_couple,2,F&B Eatery/Full-Service Restaurants,Car,Car
50954,31,Adult,40845,Moderate,2_person,married_couple,2,F&B Eatery/Full-Service Restaurants,Car,Car
28621,52,Senior,94914,Very High,4_person,married_couple,3_plus,F&B Eatery/Snack and Nonalcoholic Beverage Bars,Car,Public_transport
55734,20,Young Adult,206102,Ultra High,3_person,family_single,0,F&B Eatery/Full-Service Restaurants,Public_transport,Walking
66301,50,Middle Age,75141,High,4_person,married_couple,1,F&B Eatery/Full-Service Restaurants,Public_transport,Car
54478,25,Young Adult,60608,High,3_person,nonfamily_single,1,F&B Eatery/Limited-Service Restaurants,Car,Walking
4875,80,Elderly,329105,Ultra High,7_plus_person,married_couple,1,F&B Eatery/Full-Service Restaurants,Car,Car
39346,29,Young Adult,92830,Very High,6_person,married_couple,2,F&B Eatery/Limited-Service Restaurants,Public_transport,Car
19183,57,Senior,26836,Low,2_person,married_couple,0,F&B Eatery/Full-Service Restaurants,Public_transport,Public_transport
20690,33,Adult,23770,Low,4_person,family_single,2,F&B Eatery/Limited-Service Restaurants,Walking,Car
13331,73,Elderly,351554,Ultra High,2_person,married_couple,2,F&B Eatery/Snack and Nonalcoholic Beverage Bars,Car,Car
63865,22,Young Adult,0,Debt,3_person,married_couple,1,F&B Eatery/Limited-Service Restaurants,Car,Public_transport
64831,33,Adult,14910,Low,5_person,married_couple,3_plus,F&B Eatery/Full-Service Restaurants,Walking,Car
56396,38,Adult,86437,High,1_person,living_alone,1,F&B Eatery/Full-Service Restaurants,Car,Car
33066,51,Senior,36365,Moderate,4_person,family_single,1,F&B Eatery/Limited-Service Restaurants,Car,Car
44950,34,Adult,18248,Low,3_person,nonfamily_single,0,F&B Eatery/Full-Service Restaurants,Walking,Walking
25625,47,Middle Age,211079,Ultra High,4_person,married_couple,1,F&B Eatery/Full-Service Restaurants,Car,Car
23154,34,Adult,4851,Low,2_person,nonfamily_single,1,F&B Eatery/Limited-Service Restaurants,Public_transport,Public_transport
52975,27,Young Adult,35759,Moderate,5_person,nonfamily_single,3_plus,F&B Eatery/Limited-Service Restaurants,Walking,Car
17241,25,Young Adult,78874,High,2_person,nonfamily_single,1,F&B Eatery/Full-Service Restaurants,Public_transport,Walking
40745,59,Senior,25762,Low,2_person,married_couple,1,F&B Eatery/Full-Service Restaurants,Car,Car
44231,22,Young Adult,7426,Low,3_person,married_couple,3_plus,F&B Eatery/Snack and Nonalcoholic Beverage Bars,Walking,Public_transport
2035,24,Young Adult,81035,High,4_person,nonfamily_single,0,F&B Eatery/Drinking Places,Walking,Walking
20423,30,Young Adult,54048,Moderate,1_person,living_alone,0,F&B Eatery/Full-Service Restaurants,Walking,Walking
10450,60,Senior,39395,Moderate,7_plus_person,married_couple,1,F&B Eatery/Full-Service Restaurants,Walking,Walking
54314,24,Young Adult,61887,High,4_person,family_single,2,F&B Eatery/Full-Service Restaurants,Public_transport,Public_transport
42932,35,Adult,611546,Ultra High,2_person,married_couple,1,F&B Eatery/Snack and Nonalcoholic Beverage Bars,Walking,Car
18542,28,Young Adult,55557,Moderate,2_person,married_couple,1,F&B Eatery/Full-Service Restaurants,Walking,Car
43059,32,Adult,20422,Low,2_person,nonfamily_single,2,F&B Eatery/Limited-Service Restaurants,Walking,Public_transport
17883,42,Middle Age,75760,High,3_person,family_single,0,F&B Eatery/Drinking Places,Public_transport,Walking
46165,36,Adult,40304,Moderate,7_plus_person,nonfamily_single,3_plus,F&B Eatery/Snack and Nonalcoholic Beverage Bars,Walking,Walking
52664,21,Young Adult,0,Debt,3_person,nonfamily_single,1,F&B Eatery/Limited-Service Restaurants,Walking,Walking
67273,21,Young Adult,0,Debt,4_person,nonfamily_single,0,F&B Eatery/Drinking Places,Walking,Walking
46988,60,Senior,22073,Low,2_person,married_couple,1,F&B Eatery/Full-Service Restaurants,Car,Car
41612,24,Young Adult,73740,High,2_person,nonfamily_single,1,F&B Eatery/Limited-Service Restaurants,Walking,Walking
57514,36,Adult,61887,High,2_person,nonfamily_single,1,F&B Eatery/Snack and Nonalcoholic Beverage Bars,Walking,Car
6828,64,Elderly,15471,Low,1_person,living_alone,0,F&B Eatery/Full-Service Restaurants,Car,Walking
7130,43,Middle Age,18485,Low,7_plus_person,married_couple,1,F&B Eatery/Full-Service Restaurants,Walking,Car
40037,39,Adult,41258,Moderate,1_person,living_alone,1,F&B Eatery/Full-Service Restaurants,Car,Car
40722,22,Young Adult,37570,Moderate,3_person,family_single,0,F&B Eatery/Full-Service Restaurants,Public_transport,Walking
20469,70,Elderly,330317,Ultra High,7_plus_person,married_couple,1,F&B Eatery/Full-Service Restaurants,Car,Car
16626,22,Young Adult,232,Low,7_plus_person,family_single,1,F&B Eatery/Full-Service Restaurants,Public_transport,Walking
65588,60,Senior,0,Debt,3_person,family_single,1,F&B Eatery/Drinking Places,Car,Car
13990,23,Young Adult,11807,Low,2_person,married_couple,0,F&B Eatery/Full-Service Restaurants,Walking,Public_transport
35912,38,Adult,52730,Moderate,4_person,nonfamily_single,2,F&B Eatery/Full-Service Restaurants,Car,Car
18028,25,Young Adult,9385,Low,4_person,family_single,0,F&B Eatery/Full-Service Restaurants,Walking,Walking
47315,67,Elderly,65480,High,3_person,married_couple,1,F&B Eatery/Limited-Service Restaurants,Car,Car
7371,22,Young Adult,54547,Moderate,4_person,family_single,1,F&B Eatery/Full-Service Restaurants,Public_transport,Public_transport
40299,80,Elderly,28632,Low,1_person,living_alone,1,F&B Eatery/Limited-Service Restaurants,Car,Car
5594,25,Young Adult,118851,Very High,1_person,living_alone,0,F&B Eatery/Snack and Nonalcoholic Beverage Bars,Public_transport,Walking
27332,21,Young Adult,2888,Low,6_person,nonfamily_single,1,F&B Eatery/Drinking Places,Car,Public_transport
47291,62,Elderly,293952,Ultra High,1_person,living_alone,2,F&B Eatery/Snack and Nonalcoholic Beverage Bars,Walking,Car
47234,21,Young Adult,36911,Moderate,4_person,nonfamily_single,0,F&B Eatery/Full-Service Restaurants,Public_transport,Walking
64420,32,Adult,94893,Very High,2_person,family_single,1,F&B Eatery/Full-Service Restaurants,Public_transport,Car
62969,85,Elderly,33006,Moderate,3_person,nonfamily_single,2,F&B Eatery/Snack and Nonalcoholic Beverage Bars,Car,Car
54383,61,Elderly,0,Debt,2_person,family_single,1,F&B Eatery/Full-Service Restaurants,Car,Car
34844,32,Adult,22146,Low,2_person,nonfamily_single,1,F&B Eatery/Full-Service Restaurants,Car,Public_transport
4103,24,Young Adult,60506,High,3_person,nonfamily_single,0,F&B Eatery/Limited-Service Restaurants,Public_transport,Walking
7493,28,Young Adult,128813,Ultra High,2_person,nonfamily_single,2,F&B Eatery/Limited-Service Restaurants,Walking,Car
58195,18,Teen,2062,Low,4_person,family_single,1,F&B Eatery/Snack and Nonalcoholic Beverage Bars,Walking,Car
63650,52,Senior,27909,Low,1_person,living_alone,1,F&B Eatery/Full-Service Restaurants,Car,Car
29377,29,Young Adult,64621,High,1_person,living_alone,1,F&B Eatery/Snack and Nonalcoholic Beverage Bars,Car,Walking
38736,25,Young Adult,28880,Low,2_person,family_single,1,F&B Eatery/Snack and Nonalcoholic Beverage Bars,Walking,Walking
24704,36,Adult,153445,Ultra High,3_person,married_couple,0,F&B Eatery/Limited-Service Restaurants,Walking,Walking
15470,70,Elderly,90913,Very High,1_person,living_alone,1,F&B Eatery/Snack and Nonalcoholic Beverage Bars,Car,Car
23988,46,Middle Age,58999,Moderate,4_person,married_couple,3_plus,F&B Eatery/Full-Service Restaurants,Car,Car
26681,21,Young Adult,0,Debt,2_person,nonfamily_single,0,F&B Eatery/Full-Service Restaurants,Walking,Walking
20350,21,Young Adult,0,Debt,5_person,nonfamily_single,3_plus,F&B Eatery/Full-Service Restaurants,Car,Car
63150,34,Adult,65587,High,2_person,married_couple,0,F&B Eatery/Snack and Nonalcoholic Beverage Bars,Public_transport,Public_transport
67165,50,Middle Age,0,Debt,4_person,married_couple,2,F&B Eatery/Full-Service Restaurants,Car,Car
50733,62,Elderly,38385,Moderate,7_plus_person,nonfamily_single,0,F&B Eatery/Limited-Service Restaurants,Walking,Public_transport
65611,31,Adult,82516,High,1_person,living_alone,1,F&B Eatery/Snack and Nonalcoholic Beverage Bars,Public_transport,Car
39522,40,Adult,50507,Moderate,5_person,married_couple,1,F&B Eatery/Full-Service Restaurants,Walking,Public_transport
2575,74,Elderly,61990,High,3_person,married_couple,1,F&B Eatery/Full-Service Restaurants,Public_transport,Car
30425,37,Adult,154717,Ultra High,4_person,married_couple,1,F&B Eatery/Full-Service Restaurants,Public_transport,Public_transport
14389,46,Middle Age,24850,Low,4_person,family_single,1,F&B Eatery/Full-Service Restaurants,Public_transport,Car
49052,51,Senior,114529,Very High,3_person,family_single,1,F&B Eatery/Limited-Service Restaurants,Walking,Car
4042,34,Adult,68700,High,2_person,nonfamily_single,1,F&B Eatery/Drinking Places,Walking,Car
50519,54,Senior,0,Debt,2_person,married_couple,1,F&B Eatery/Limited-Service Restaurants,Car,Car
12853,21,Young Adult,23662,Low,4_person,nonfamily_single,2,F&B Eatery/Full-Service Restaurants,Walking,Car
4078,73,Elderly,8587,Low,2_person,family_single,1,F&B Eatery/Snack and Nonalcoholic Beverage Bars,Walking,Car
47014,54,Senior,0,Debt,4_person,married_couple,2,F&B Eatery/Snack and Nonalcoholic Beverage Bars,Public_transport,Walking
7754,19,Young Adult,0,Debt,3_person,nonfamily_single,0,F&B Eatery/Full-Service Restaurants,Walking,Walking
46934,25,Young Adult,0,Debt,3_person,married_couple,0,F&B Eatery/Snack and Nonalcoholic Beverage Bars,Public_transport,Walking
32467,25,Young Adult,63950,High,2_person,nonfamily_single,2,F&B Eatery/Full-Service Restaurants,Walking,Walking
25216,65,Elderly,45621,Moderate,1_person,living_alone,0,F&B Eatery/Snack and Nonalcoholic Beverage Bars,Walking,Public_transport
42230,28,Young Adult,217181,Ultra High,2_person,nonfamily_single,1,F&B Eatery/Drinking Places,Walking,Walking
30791,28,Young Adult,64406,High,3_person,married_couple,0,F&B Eatery/Full-Service Restaurants,Walking,Public_transport
15960,47,Middle Age,0,Debt,5_person,married_couple,2,F&B Eatery/Drinking Places,Public_transport,Car
19162,54,Senior,28587,Low,3_person,married_couple,2,F&B Eatery/Full-Service Restaurants,Public_transport,Car
37371,37,Adult,107881,Very High,2_person,nonfamily_single,2,F&B Eatery/Drinking Places,Car,Car
21316,35,Adult,0,Debt,4_person,married_couple,1,F&B Eatery/Limited-Service Restaurants,Walking,Car
14252,61,Elderly,35856,Moderate,2_person,family_single,1,F&B Eatery/Full-Service Restaurants,Car,Car
34753,48,Middle Age,87798,High,2_person,married_couple,1,F&B Eatery/Limited-Service Restaurants,Walking,Car
20245,27,Young Adult,34887,Moderate,4_person,family_single,3_plus,F&B Eatery/Full-Service Restaurants,Walking,Public_transport
40542,80,Elderly,337181,Ultra High,3_person,married_couple,1,F&B Eatery/Limited-Service Restaurants,Car,Car
60824,34,Adult,0,Debt,7_plus_person,nonfamily_single,3_plus,F&B Eatery/Full-Service Restaurants,Public_transport,Public_transport
9726,58,Senior,0,Debt,2_person,family_single,3_plus,F&B Eatery/Full-Service Restaurants,Car,Car
16709,35,Adult,52500,Moderate,1_person,living_alone,0,F&B Eatery/Full-Service Restaurants,Public_transport,Walking
48924,26,Young Adult,72201,High,2_person,nonfamily_single,3_plus,F&B Eatery/Full-Service Restaurants,Public_transport,Car
48328,61,Elderly,108047,Very High,6_person,nonfamily_single,3_plus,F&B Eatery/Snack and Nonalcoholic Beverage Bars,Public_transport,Car
43298,51,Senior,35355,Moderate,4_person,married_couple,2,F&B Eatery/Drinking Places,Car,Car
66818,29,Young Adult,60112,High,2_person,married_couple,0,F&B Eatery/Full-Service Restaurants,Walking,Public_transport
22778,33,Adult,45084,Moderate,2_person,nonfamily_single,1,F&B Eatery/Limited-Service Restaurants,Car,Car
44940,80,Elderly,6482,Low,2_person,married_couple,0,F&B Eatery/Full-Service Restaurants,Walking,Public_transport
935,52,Senior,48621,Moderate,3_person,family_single,1,F&B Eatery/Limited-Service Restaurants,Public_transport,Car
4054,24,Young Adult,45456,Moderate,4_person,married_couple,2,F&B Eatery/Snack and Nonalcoholic Beverage Bars,Car,Car
51389,27,Young Adult,36911,Moderate,4_person,family_single,3_plus,F&B Eatery/Snack and Nonalcoholic Beverage Bars,Car,Public_transport
65959,29,Young Adult,33852,Moderate,3_person,nonfamily_single,2,F&B Eatery/Snack and Nonalcoholic Beverage Bars,Car,Car
37997,61,Elderly,177119,Ultra High,2_person,married_couple,2,F&B Eatery/Full-Service Restaurants,Walking,Car
45138,43,Middle Age,120207,Ultra High,2_person,married_couple,1,F&B Eatery/Drinking Places,Car,Car
20955,33,Adult,54745,Moderate,1_person,living_alone,0,F&B Eatery/Drinking Places,Public_transport,Walking
58128,24,Young Adult,0,Debt,5_person,married_couple,2,F&B Eatery/Full-Service Restaurants,Car,Car
13666,19,Young Adult,3241,Low,3_person,married_couple,2,F&B Eatery/Limited-Service Restaurants,Car,Public_transport
40222,34,Adult,62260,High,5_person,family_single,3_plus,F&B Eatery/Full-Service Restaurants,Car,Public_transport
34036,76,Elderly,14910,Low,2_person,married_couple,1,F&B Eatery/Full-Service Restaurants,Public_transport,Car
864,26,Young Adult,57966,Moderate,2_person,married_couple,0,F&B Eatery/Full-Service Restaurants,Walking,Walking
45098,50,Middle Age,14142,Low,3_person,family_single,2,F&B Eatery/Full-Service Restaurants,Walking,Car
37710,30,Young Adult,126552,Ultra High,6_person,married_couple,2,F&B Eatery/Limited-Service Restaurants,Car,Public_transport
2253,16,Teen,0,Debt,3_person,family_single,2,F&B Eatery/Full-Service Restaurants,Car,Walking
22394,54,Senior,70230,High,3_person,married_couple,1,F&B Eatery/Snack and Nonalcoholic Beverage Bars,Public_transport,Car
56063,45,Middle Age,86437,High,2_person,married_couple,2,F&B Eatery/Snack and Nonalcoholic Beverage Bars,Walking,Car
49767,21,Young Adult,1265,Low,3_person,nonfamily_single,0,F&B Eatery/Limited-Service Restaurants,Walking,Walking
23382,65,Elderly,23201,Low,4_person,married_couple,1,F&B Eatery/Full-Service Restaurants,Car,Car
16755,29,Young Adult,111115,Very High,2_person,nonfamily_single,0,F&B Eatery/Full-Service Restaurants,Public_transport,Walking
36634,68,Elderly,10480,Low,2_person,married_couple,2,F&B Eatery/Drinking Places,Car,Car
43116,35,Adult,8687,Low,4_person,family_single,1,F&B Eatery/Limited-Service Restaurants,Walking,Walking
40708,38,Adult,0,Debt,1_person,living_alone,0,F&B Eatery/Snack and Nonalcoholic Beverage Bars,Public_transport,Walking
33377,36,Adult,15354,Low,3_person,married_couple,1,F&B Eatery/Full-Service Restaurants,Public_transport,Walking
37419,25,Young Adult,39395,Moderate,2_person,nonfamily_single,0,F&B Eatery/Full-Service Restaurants,Walking,Walking
65874,27,Young Adult,31304,Moderate,4_person,nonfamily_single,0,F&B Eatery/Snack and Nonalcoholic Beverage Bars,Public_transport,Walking
30005,57,Senior,8889,Low,7_plus_person,nonfamily_single,0,F&B Eatery/Full-Service Restaurants,Public_transport,Public_transport
25256,47,Middle Age,10546,Low,4_person,married_couple,2,F&B Eatery/Snack and Nonalcoholic Beverage Bars,Car,Public_transport
60816,30,Young Adult,65908,High,1_person,living_alone,0,F&B Eatery/Snack and Nonalcoholic Beverage Bars,Public_transport,Walking
65067,40,Adult,0,Debt,5_person,married_couple,2,F&B Eatery/Limited-Service Restaurants,Public_transport,Car
15886,27,Young Adult,147644,Ultra High,2_person,married_couple,1,F&B Eatery/Full-Service Restaurants,Car,Walking
38687,24,Young Adult,65480,High,3_person,nonfamily_single,0,F&B Eatery/Full-Service Restaurants,Public_transport,Walking
20013,64,Elderly,8372,Low,2_person,family_single,1,F&B Eatery/Full-Service Restaurants,Car,Car
14022,30,Young Adult,75141,High,4_person,nonfamily_single,1,F&B Eatery/Limited-Service Restaurants,Car,Car
18748,22,Young Adult,54547,Moderate,4_person,family_single,1,F&B Eatery/Limited-Service Restaurants,Public_transport,Public_transport
60557,55,Senior,0,Debt,3_person,family_single,1,F&B Eatery/Full-Service Restaurants,Car,Car
56918,76,Elderly,0,Debt,3_person,married_couple,1,F&B Eatery/Snack and Nonalcoholic Beverage Bars,Car,Car
7148,39,Adult,72201,High,2_person,married_couple,2,F&B Eatery/Full-Service Restaurants,Walking,Car
46416,31,Adult,65659,High,1_person,living_alone,0,F&B Eatery/Snack and Nonalcoholic Beverage Bars,Public_transport,Walking
58255,22,Young Adult,21468,Low,4_person,nonfamily_single,0,F&B Eatery/Limited-Service Restaurants,Public_transport,Walking
43403,36,Adult,75141,High,2_person,nonfamily_single,0,F&B Eatery/Full-Service Restaurants,Walking,Walking
12997,71,Elderly,2020,Low,2_person,married_couple,0,F&B Eatery/Full-Service Restaurants,Car,Public_transport
20173,71,Elderly,65659,High,1_person,living_alone,1,F&B Eatery/Drinking Places,Public_transport,Car
64001,40,Adult,0,Debt,7_plus_person,married_couple,1,F&B Eatery/Full-Service Restaurants,Public_transport,Car
5581,22,Young Adult,0,Debt,2_person,nonfamily_single,1,F&B Eatery/Full-Service Restaurants,Car,Walking
61293,19,Young Adult,3480,Low,4_person,family_single,1,F&B Eatery/Snack and Nonalcoholic Beverage Bars,Walking,Car
60519,31,Adult,65385,High,3_person,married_couple,1,F&B Eatery/Full-Service Restaurants,Car,Car
10900,37,Adult,20629,Low,1_person,living_alone,1,F&B Eatery/Drinking Places,Walking,Public_transport
5060,38,Adult,59039,Moderate,1_person,living_alone,1,F&B Eatery/Limited-Service Restaurants,Walking,Car
47802,55,Senior,637906,Ultra High,1_person,living_alone,1,F&B Eatery/Full-Service Restaurants,Car,Car
9615,33,Adult,151521,Ultra High,2_person,married_couple,1,F&B Eatery/Snack and Nonalcoholic Beverage Bars,Car,Car
53370,30,Young Adult,0,Debt,3_person,nonfamily_single,1,F&B Eatery/Full-Service Restaurants,Car,Walking
8044,28,Young Adult,0,Debt,2_person,nonfamily_single,1,F&B Eatery/Limited-Service Restaurants,Car,Walking
57823,66,Elderly,80508,High,1_person,living_alone,1,F&B Eatery/Limited-Service Restaurants,Walking,Car
17046,29,Young Adult,161017,Ultra High,1_person,living_alone,0,F&B Eatery/Snack and Nonalcoholic Beverage Bars,Public_transport,Walking
8386,16,Teen,0,Debt,3_person,married_couple,2,F&B Eatery/Full-Service Restaurants,Public_transport,Car
14629,31,Adult,54666,Moderate,1_person,living_alone,1,F&B Eatery/Snack and Nonalcoholic Beverage Bars,Walking,Car
62822,66,Elderly,9724,Low,1_person,living_alone,1,F&B Eatery/Limited-Service Restaurants,Car,Car
28835,54,Senior,0,Debt,4_person,married_couple,2,F&B Eatery/Full-Service Restaurants,Public_transport,Walking
27564,29,Young Adult,298497,Ultra High,1_person,living_alone,0,F&B Eatery/Full-Service Restaurants,Public_transport,Walking
42079,41,Middle Age,319853,Ultra High,2_person,married_couple,0,F&B Eatery/Full-Service Restaurants,Walking,Walking
2776,83,Elderly,10734,Low,2_person,family_single,0,F&B Eatery/Full-Service Restaurants,Public_transport,Walking
53687,30,Young Adult,96610,Very High,3_person,married_couple,1,F&B Eatery/Full-Service Restaurants,Car,Walking
46435,21,Young Adult,0,Debt,2_person,nonfamily_single,0,F&B Eatery/Full-Service Restaurants,Walking,Walking
62747,29,Young Adult,28880,Low,2_person,nonfamily_single,2,F&B Eatery/Full-Service Restaurants,Public_transport,Walking
43646,30,Young Adult,67044,High,2_person,nonfamily_single,1,F&B Eatery/Snack and Nonalcoholic Beverage Bars,Public_transport,Walking
14541,43,Middle Age,10101,Low,2_person,nonfamily_single,1,F&B Eatery/Drinking Places,Walking,Car
7189,30,Young Adult,144403,Ultra High,2_person,married_couple,1,F&B Eatery/Snack and Nonalcoholic Beverage Bars,Car,Walking
13731,62,Elderly,171724,Ultra High,2_person,married_couple,2,F&B Eatery/Limited-Service Restaurants,Car,Car
66357,35,Adult,101014,Very High,2_person,married_couple,2,F&B Eatery/Snack and Nonalcoholic Beverage Bars,Walking,Car
53283,72,Elderly,33276,Moderate,2_person,married_couple,1,F&B Eatery/Limited-Service Restaurants,Car,Car
5573,28,Young Adult,49378,Moderate,5_person,married_couple,2,F&B Eatery/Full-Service Restaurants,Public_transport,Car
6135,65,Elderly,13505,Low,1_person,living_alone,1,F&B Eatery/Full-Service Restaurants,Car,Car
29845,30,Young Adult,0,Debt,2_person,married_couple,0,F&B Eatery/Full-Service Restaurants,Walking,Walking
20811,56,Senior,0,Debt,7_plus_person,married_couple,3_plus,F&B Eatery/Snack and Nonalcoholic Beverage Bars,Car,Car
10553,42,Middle Age,0,Debt,3_person,married_couple,1,F&B Eatery/Limited-Service Restaurants,Public_transport,Car
5247,56,Senior,25253,Low,6_person,married_couple,3_plus,F&B Eatery/Drinking Places,Public_transport,Car
21153,24,Young Adult,63276,High,1_person,living_alone,1,F&B Eatery/Full-Service Restaurants,Walking,Walking
3981,34,Adult,55557,Moderate,7_plus_person,nonfamily_single,3_plus,F&B Eatery/Limited-Service Restaurants,Walking,Walking
59095,37,Adult,0,Debt,4_person,family_single,0,F&B Eatery/Full-Service Restaurants,Public_transport,Public_transport
24209,30,Young Adult,85875,High,2_person,married_couple,1,F&B Eatery/Limited-Service Restaurants,Car,Walking
30564,20,Young Adult,0,Debt,7_plus_person,family_single,2,F&B Eatery/Full-Service Restaurants,Walking,Public_transport
11085,56,Senior,0,Debt,7_plus_person,married_couple,3_plus,F&B Eatery/Drinking Places,Car,Car
19053,20,Young Adult,0,Debt,5_person,family_single,1,F&B Eatery/Full-Service Restaurants,Public_transport,Car
53129,39,Adult,0,Debt,2_person,married_couple,1,F&B Eatery/Limited-Service Restaurants,Walking,Car
27540,79,Elderly,10124,Low,1_person,living_alone,2,F&B Eatery/Full-Service Restaurants,Car,Car
16663,61,Elderly,47880,Moderate,4_person,married_couple,2,F&B Eatery/Full-Service Restaurants,Public_transport,Car
45926,57,Senior,1547,Low,6_person,married_couple,1,F&B Eatery/Snack and Nonalcoholic Beverage Bars,Public_transport,Public_transport
2172,21,Young Adult,0,Debt,1_person,living_alone,0,F&B Eatery/Limited-Service Restaurants,Walking,Walking
32083,22,Young Adult,536,Low,5_person,nonfamily_single,2,F&B Eatery/Limited-Service Restaurants,Public_transport,Car
31899,69,Elderly,79318,High,6_person,married_couple,2,F&B Eatery/Full-Service Restaurants,Public_transport,Car
63453,18,Teen,0,Debt,3_person,married_couple,2,F&B Eatery/Limited-Service Restaurants,Car,Car
14859,19,Young Adult,9724,Low,6_person,nonfamily_single,0,F&B Eatery/Snack and Nonalcoholic Beverage Bars,Public_transport,Walking
41486,64,Elderly,24243,Low,2_person,family_single,1,F&B Eatery/Full-Service Restaurants,Walking,Car
7452,42,Middle Age,22990,Low,1_person,living_alone,0,F&B Eatery/Full-Service Restaurants,Public_transport,Walking
48321,32,Adult,21468,Low,4_person,married_couple,1,F&B Eatery/Limited-Service Restaurants,Public_transport,Public_transport
5197,19,Young Adult,0,Debt,2_person,family_single,0,F&B Eatery/Snack and Nonalcoholic Beverage Bars,Walking,Walking
26270,43,Middle Age,79937,High,2_person,married_couple,1,F&B Eatery/Snack and Nonalcoholic Beverage Bars,Public_transport,Car
17793,31,Adult,55557,Moderate,3_person,married_couple,2,F&B Eatery/Full-Service Restaurants,Public_transport,Car
13210,19,Young Adult,0,Debt,2_person,family_single,0,F&B Eatery/Limited-Service Restaurants,Walking,Walking
44439,42,Middle Age,38436,Moderate,1_person,living_alone,1,F&B Eatery/Full-Service Restaurants,Car,Walking
48803,31,Adult,91839,Very High,2_person,married_couple,2,F&B Eatery/Full-Service Restaurants,Car,Car
15995,28,Young Adult,5152,Low,7_plus_person,nonfamily_single,1,F&B Eatery/Snack and Nonalcoholic Beverage Bars,Car,Walking
66625,72,Elderly,19322,Low,2_person,family_single,0,F&B Eatery/Snack and Nonalcoholic Beverage Bars,Public_transport,Walking
28992,81,Elderly,20775,Low,2_person,married_couple,1,F&B Eatery/Drinking Places,Walking,Car
21057,23,Young Adult,4408,Low,2_person,married_couple,1,F&B Eatery/Full-Service Restaurants,Car,Public_transport
53307,24,Young Adult,16970,Low,6_person,family_single,3_plus,F&B Eatery/Limited-Service Restaurants,Walking,Car
7206,28,Young Adult,0,Debt,4_person,nonfamily_single,0,F&B Eatery/Full-Service Restaurants,Walking,Walking
21267,63,Elderly,13709,Low,1_person,living_alone,0,F&B Eatery/Full-Service Restaurants,Public_transport,Walking
22191,30,Young Adult,179283,Ultra High,2_person,married_couple,1,F&B Eatery/Full-Service Restaurants,Walking,Walking
3809,35,Adult,1134,Low,2_person,married_couple,0,F&B Eatery/Limited-Service Restaurants,Walking,Public_transport
43512,36,Adult,22473,Low,6_person,family_single,0,F&B Eatery/Snack and Nonalcoholic Beverage Bars,Walking,Public_transport
42847,94,Elderly,26566,Low,2_person,married_couple,1,F&B Eatery/Full-Service Restaurants,Car,Car
25097,19,Young Adult,0,Debt,2_person,nonfamily_single,0,F&B Eatery/Full-Service Restaurants,Walking,Walking
45256,74,Elderly,77175,High,1_person,living_alone,1,F&B Eatery/Full-Service Restaurants,Walking,Car
51033,20,Young Adult,21092,Low,4_person,nonfamily_single,2,F&B Eatery/Snack and Nonalcoholic Beverage Bars,Walking,Car
21067,79,Elderly,18982,Low,2_person,married_couple,1,F&B Eatery/Full-Service Restaurants,Car,Car
56392,27,Young Adult,40405,Moderate,5_person,married_couple,2,F&B Eatery/Full-Service Restaurants,Walking,Car
5543,67,Elderly,9901,Low,1_person,living_alone,0,F&B Eatery/Full-Service Restaurants,Walking,Walking
55307,70,Elderly,14852,Low,2_person,married_couple,0,F&B Eatery/Full-Service Restaurants,Walking,Public_transport
48449,32,Adult,128813,Ultra High,2_person,married_couple,1,F&B Eatery/Full-Service Restaurants,Car,Car
44632,28,Young Adult,37375,Moderate,2_person,nonfamily_single,0,F&B Eatery/Full-Service Restaurants,Walking,Walking
54745,28,Young Adult,54023,Moderate,2_person,nonfamily_single,1,F&B Eatery/Full-Service Restaurants,Walking,Car
48287,36,Adult,149501,Ultra High,2_person,married_couple,1,F&B Eatery/Full-Service Restaurants,Walking,Car
43169,21,Young Adult,0,Debt,6_person,nonfamily_single,3_plus,F&B Eatery/Snack and Nonalcoholic Beverage Bars,Public_transport,Public_transport
29007,24,Young Adult,0,Debt,3_person,family_single,1,F&B Eatery/Snack and Nonalcoholic Beverage Bars,Walking,Walking
63806,68,Elderly,8225,Low,2_person,married_couple,1,F&B Eatery/Full-Service Restaurants,Public_transport,Car
29978,32,Adult,30304,Moderate,4_person,nonfamily_single,1,F&B Eatery/Limited-Service Restaurants,Walking,Public_transport
59754,65,Elderly,34243,Moderate,1_person,living_alone,1,F&B Eatery/Full-Service Restaurants,Car,Car
56049,75,Elderly,9724,Low,2_person,married_couple,2,F&B Eatery/Full-Service Restaurants,Car,Car
20947,42,Middle Age,47457,Moderate,4_person,family_single,1,F&B Eatery/Limited-Service Restaurants,Public_transport,Car
57528,21,Young Adult,8587,Low,7_plus_person,married_couple,3_plus,F&B Eatery/Full-Service Restaurants,Car,Public_transport
61370,35,Adult,162070,Ultra High,3_person,family_single,1,F&B Eatery/Snack and Nonalcoholic Beverage Bars,Car,Car
61620,28,Young Adult,85862,High,2_person,nonfamily_single,1,F&B Eatery/Snack and Nonalcoholic Beverage Bars,Public_transport,Walking
32463,35,Adult,55894,Moderate,2_person,married_couple,1,F&B Eatery/Limited-Service Restaurants,Car,Car
17653,30,Young Adult,45348,Moderate,4_person,married_couple,3_plus,F&B Eatery/Full-Service Restaurants,Car,Car
29092,34,Adult,77288,High,1_person,living_alone,1,F&B Eatery/Snack and Nonalcoholic Beverage Bars,Car,Car
51502,21,Young Adult,0,Debt,2_person,nonfamily_single,0,F&B Eatery/Full-Service Restaurants,Walking,Walking
41513,42,Middle Age,9697,Low,7_plus_person,married_couple,3_plus,F&B Eatery/Snack and Nonalcoholic Beverage Bars,Car,Car
58741,80,Elderly,329105,Ultra High,7_plus_person,married_couple,1,F&B Eatery/Limited-Service Restaurants,Car,Car
34152,68,Elderly,0,Debt,3_person,family_single,1,F&B Eatery/Snack and Nonalcoholic Beverage Bars,Car,Car
61533,31,Adult,55962,Moderate,2_person,married_couple,0,F&B Eatery/Limited-Service Restaurants,Public_transport,Public_transport
41804,53,Senior,54666,Moderate,1_person,living_alone,1,F&B Eatery/Full-Service Restaurants,Car,Car
55008,30,Young Adult,75141,High,4_person,nonfamily_single,1,F&B Eatery/Drinking Places,Car,Car
45863,61,Elderly,176775,Ultra High,2_person,married_couple,1,F&B Eatery/Snack and Nonalcoholic Beverage Bars,Public_transport,Car
33065,35,Adult,147497,Ultra High,1_person,living_alone,0,F&B Eatery/Snack and Nonalcoholic Beverage Bars,Public_transport,Walking
8635,27,Young Adult,61694,High,2_person,nonfamily_single,1,F&B Eatery/Limited-Service Restaurants,Walking,Walking
4873,27,Young Adult,4040,Low,5_person,family_single,3_plus,F&B Eatery/Full-Service Restaurants,Walking,Walking
61987,26,Young Adult,25931,Low,2_person,nonfamily_single,0,F&B Eatery/Full-Service Restaurants,Walking,Walking
36635,58,Senior,83842,High,3_person,nonfamily_single,2,F&B Eatery/Full-Service Restaurants,Car,Car
56997,48,Middle Age,72201,High,4_person,married_couple,1,F&B Eatery/Full-Service Restaurants,Public_transport,Car
13907,28,Young Adult,7735,Low,5_person,married_couple,1,F&B Eatery/Full-Service Restaurants,Public_transport,Public_transport
2077,32,Adult,124254,Ultra High,1_person,living_alone,0,F&B Eatery/Limited-Service Restaurants,Car,Walking
15029,32,Adult,53672,Moderate,2_person,married_couple,1,F&B Eatery/Snack and Nonalcoholic Beverage Bars,Public_transport,Car
48443,37,Adult,49295,Moderate,1_person,living_alone,0,F&B Eatery/Limited-Service Restaurants,Public_transport,Walking
14209,31,Adult,58003,Moderate,2_person,nonfamily_single,1,F&B Eatery/Full-Service Restaurants,Public_transport,Car
29327,40,Adult,0,Debt,3_person,married_couple,2,F&B Eatery/Full-Service Restaurants,Car,Car
24368,80,Elderly,60506,High,4_person,family_single,1,F&B Eatery/Drinking Places,Car,Car
3009,73,Elderly,8909,Low,4_person,married_couple,3_plus,F&B Eatery/Snack and Nonalcoholic Beverage Bars,Car,Car
18613,60,Senior,73822,High,1_person,living_alone,0,F&B Eatery/Full-Service Restaurants,Walking,Public_transport
15216,26,Young Adult,64828,High,3_person,nonfamily_single,1,F&B Eatery/Full-Service Restaurants,Walking,Walking
19226,55,Senior,29739,Low,1_person,living_alone,0,F&B Eatery/Snack and Nonalcoholic Beverage Bars,Public_transport,Public_transport
2537,34,Adult,65587,High,2_person,married_couple,0,F&B Eatery/Snack and Nonalcoholic Beverage Bars,Walking,Public_transport
49346,40,Adult,10696,Low,1_person,living_alone,1,F&B Eatery/Full-Service Restaurants,Public_transport,Public_transport
16395,50,Middle Age,81143,High,2_person,married_couple,2,F&B Eatery/Snack and Nonalcoholic Beverage Bars,Walking,Car
40130,29,Young Adult,101267,Very High,2_person,nonfamily_single,1,F&B Eatery/Snack and Nonalcoholic Beverage Bars,Car,Car
39404,61,Elderly,9724,Low,4_person,married_couple,1,F&B Eatery/Full-Service Restaurants,Car,Car
7498,26,Young Adult,70230,High,3_person,nonfamily_single,1,F&B Eatery/Full-Service Restaurants,Walking,Walking
46250,19,Young Adult,0,Debt,3_person,nonfamily_single,0,F&B Eatery/Full-Service Restaurants,Public_transport,Walking
41777,49,Middle Age,39020,Moderate,1_person,living_alone,0,F&B Eatery/Limited-Service Restaurants,Walking,Walking
66509,21,Young Adult,2701,Low,3_person,nonfamily_single,0,F&B Eatery/Full-Service Restaurants,Walking,Walking
20426,43,Middle Age,0,Debt,5_person,married_couple,1,F&B Eatery/Snack and Nonalcoholic Beverage Bars,Car,Car
39321,21,Young Adult,0,Debt,4_person,nonfamily_single,0,F&B Eatery/Full-Service Restaurants,Walking,Walking
10770,61,Elderly,8889,Low,7_plus_person,nonfamily_single,0,F&B Eatery/Limited-Service Restaurants,Walking,Public_transport
58475,50,Middle Age,0,Debt,4_person,married_couple,2,F&B Eatery/Full-Service Restaurants,Walking,Car
48899,50,Middle Age,18286,Low,3_person,family_single,1,F&B Eatery/Full-Service Restaurants,Public_transport,Car
32535,31,Adult,52730,Moderate,4_person,married_couple,1,F&B Eatery/Snack and Nonalcoholic Beverage Bars,Public_transport,Public_transport
30313,28,Young Adult,103145,Very High,1_person,living_alone,1,F&B Eatery/Snack and Nonalcoholic Beverage Bars,Car,Car
21889,26,Young Adult,28880,Low,4_person,nonfamily_single,0,F&B Eatery/Snack and Nonalcoholic Beverage Bars,Public_transport,Walking
23238,49,Middle Age,48478,Moderate,4_person,married_couple,2,F&B Eatery/Full-Service Restaurants,Car,Car
55913,30,Young Adult,32203,Moderate,2_person,nonfamily_single,1,F&B Eatery/Full-Service Restaurants,Public_transport,Car
21684,64,Elderly,15471,Low,1_person,living_alone,0,F&B Eatery/Snack and Nonalcoholic Beverage Bars,Public_transport,Walking
28635,72,Elderly,17395,Low,2_person,married_couple,2,F&B Eatery/Drinking Places,Car,Car
37422,27,Young Adult,0,Debt,4_person,nonfamily_single,1,F&B Eatery/Limited-Service Restaurants,Walking,Walking
320,86,Elderly,3919,Low,1_person,living_alone,1,F&B Eatery/Snack and Nonalcoholic Beverage Bars,Car,Car
7135,27,Young Adult,70710,High,3_person,nonfamily_single,1,F&B Eatery/Limited-Service Restaurants,Car,Walking
17755,60,Senior,454565,Ultra High,7_plus_person,married_couple,1,F&B Eatery/Full-Service Restaurants,Car,Car
67213,45,Middle Age,61887,High,2_person,married_couple,0,F&B Eatery/Snack and Nonalcoholic Beverage Bars,Walking,Public_transport
11984,40,Adult,6188,Low,3_person,married_couple,0,F&B Eatery/Drinking Places,Public_transport,Public_transport
35422,33,Adult,12626,Low,4_person,married_couple,1,F&B Eatery/Full-Service Restaurants,Public_transport,Public_transport
58251,35,Adult,64406,High,4_person,nonfamily_single,0,F&B Eatery/Full-Service Restaurants,Public_transport,Public_transport
24881,39,Adult,18367,Low,3_person,family_single,1,F&B Eatery/Limited-Service Restaurants,Car,Car
44910,25,Young Adult,31638,Moderate,1_person,living_alone,1,F&B Eatery/Full-Service Restaurants,Walking,Car
46489,26,Young Adult,80811,High,1_person,living_alone,0,F&B Eatery/Snack and Nonalcoholic Beverage Bars,Walking,Walking
52550,30,Young Adult,211079,Ultra High,2_person,married_couple,2,F&B Eatery/Full-Service Restaurants,Car,Car
26627,62,Elderly,303043,Ultra High,2_person,nonfamily_single,1,F&B Eatery/Limited-Service Restaurants,Car,Car
57684,55,Senior,20636,Low,1_person,living_alone,0,F&B Eatery/Snack and Nonalcoholic Beverage Bars,Public_transport,Public_transport
33654,60,Senior,33031,Moderate,2_person,family_single,1,F&B Eatery/Full-Service Restaurants,Car,Car
37770,29,Young Adult,70230,High,1_person,living_alone,1,F&B Eatery/Full-Service Restaurants,Walking,Walking
63436,50,Middle Age,68760,High,1_person,living_alone,0,F&B Eatery/Full-Service Restaurants,Walking,Public_transport
31831,26,Young Adult,40075,Moderate,2_person,nonfamily_single,1,F&B Eatery/Limited-Service Restaurants,Public_transport,Car
3178,27,Young Adult,92830,Very High,3_person,nonfamily_single,2,F&B Eatery/Limited-Service Restaurants,Car,Car
50078,17,Teen,1031,Low,4_person,family_single,1,F&B Eatery/Full-Service Restaurants,Walking,Car
244,34,Adult,127278,Ultra High,2_person,married_couple,2,F&B Eatery/Drinking Places,Walking,Car
14758,31,Adult,51517,Moderate,2_person,married_couple,0,F&B Eatery/Full-Service Restaurants,Walking,Public_transport
23853,71,Elderly,43474,Moderate,2_person,married_couple,2,F&B Eatery/Limited-Service Restaurants,Car,Car
40975,47,Middle Age,121217,Ultra High,7_plus_person,married_couple,1,F&B Eatery/Snack and Nonalcoholic Beverage Bars,Car,Walking
16527,24,Young Adult,33220,Moderate,1_person,living_alone,0,F&B Eatery/Limited-Service Restaurants,Walking,Walking
38751,58,Senior,75141,High,3_person,married_couple,2,F&B Eatery/Full-Service Restaurants,Car,Car
32528,66,Elderly,103145,Very High,1_person,living_alone,1,F&B Eatery/Full-Service Restaurants,Walking,Car
24535,45,Middle Age,45456,Moderate,3_person,nonfamily_single,3_plus,F&B Eatery/Snack and Nonalcoholic Beverage Bars,Car,Car
35131,23,Young Adult,30304,Moderate,4_person,nonfamily_single,0,F&B Eatery/Full-Service Restaurants,Walking,Walking
55489,74,Elderly,149104,Ultra High,2_person,married_couple,0,F&B Eatery/Snack and Nonalcoholic Beverage Bars,Car,Public_transport
49281,68,Elderly,0,Debt,2_person,married_couple,1,F&B Eatery/Snack and Nonalcoholic Beverage Bars,Car,Car
1161,45,Middle Age,0,Debt,6_person,married_couple,3_plus,F&B Eatery/Full-Service Restaurants,Public_transport,Car
51059,70,Elderly,330317,Ultra High,7_plus_person,married_couple,1,F&B Eatery/Snack and Nonalcoholic Beverage Bars,Walking,Car
20666,74,Elderly,14950,Low,4_person,married_couple,3_plus,F&B Eatery/Limited-Service Restaurants,Car,Car
22337,55,Senior,147644,Ultra High,4_person,married_couple,1,F&B Eatery/Full-Service Restaurants,Car,Car
287,73,Elderly,54853,Moderate,2_person,married_couple,1,F&B Eatery/Snack and Nonalcoholic Beverage Bars,Public_transport,Car
26206,29,Young Adult,90205,Very High,2_person,married_couple,0,F&B Eatery/Limited-Service Restaurants,Walking,Public_transport
46418,45,Middle Age,0,Debt,6_person,family_single,0,F&B Eatery/Snack and Nonalcoholic Beverage Bars,Public_transport,Public_transport
35230,51,Senior,113459,Very High,1_person,living_alone,1,F&B Eatery/Limited-Service Restaurants,Public_transport,Car
54460,29,Young Adult,41258,Moderate,3_person,nonfamily_single,2,F&B Eatery/Snack and Nonalcoholic Beverage Bars,Walking,Car
10068,24,Young Adult,61887,High,3_person,nonfamily_single,2,F&B Eatery/Snack and Nonalcoholic Beverage Bars,Public_transport,Walking
10680,38,Adult,263756,Ultra High,3_person,married_couple,1,F&B Eatery/Snack and Nonalcoholic Beverage Bars,Car,Car
12450,26,Young Adult,26471,Low,1_person,living_alone,1,F&B Eatery/Snack and Nonalcoholic Beverage Bars,Public_transport,Walking
58526,18,Teen,8081,Low,4_person,married_couple,2,F&B Eatery/Limited-Service Restaurants,Car,Walking
43485,66,Elderly,151521,Ultra High,2_person,married_couple,1,F&B Eatery/Limited-Service Restaurants,Car,Car
41449,40,Adult,6188,Low,3_person,married_couple,0,F&B Eatery/Full-Service Restaurants,Walking,Public_transport
1170,35,Adult,92830,Very High,3_person,married_couple,1,F&B Eatery/Snack and Nonalcoholic Beverage Bars,Walking,Car
4675,24,Young Adult,0,Debt,2_person,nonfamily_single,0,F&B Eatery/Full-Service Restaurants,Walking,Walking
10374,63,Elderly,232013,Ultra High,2_person,married_couple,1,F&B Eatery/Snack and Nonalcoholic Beverage Bars,Public_transport,Car
46686,60,Senior,0,Debt,2_person,married_couple,2,F&B Eatery/Snack and Nonalcoholic Beverage Bars,Car,Car
53865,30,Young Adult,34801,Moderate,2_person,family_single,1,F&B Eatery/Limited-Service Restaurants,Walking,Car
39560,34,Adult,38644,Moderate,3_person,married_couple,2,F&B Eatery/Limited-Service Restaurants,Public_transport,Car
55081,48,Middle Age,17287,Low,4_person,family_single,1,F&B Eatery/Full-Service Restaurants,Walking,Car
31308,25,Young Adult,84368,High,4_person,nonfamily_single,2,F&B Eatery/Full-Service Restaurants,Public_transport,Car
30497,34,Adult,47457,Moderate,4_person,married_couple,2,F&B Eatery/Snack and Nonalcoholic Beverage Bars,Car,Public_transport
44331,24,Young Adult,0,Debt,3_person,nonfamily_single,0,F&B Eatery/Limited-Service Restaurants,Walking,Walking
60380,27,Young Adult,16873,Low,4_person,family_single,1,F&B Eatery/Snack and Nonalcoholic Beverage Bars,Walking,Car
51011,29,Young Adult,32829,Moderate,2_person,nonfamily_single,0,F&B Eatery/Full-Service Restaurants,Walking,Walking
26553,66,Elderly,37122,Moderate,2_person,married_couple,1,F&B Eatery/Snack and Nonalcoholic Beverage Bars,Car,Car
33045,29,Young Adult,147644,Ultra High,2_person,married_couple,2,F&B Eatery/Full-Service Restaurants,Car,Car
62395,53,Senior,65659,High,3_person,married_couple,2,F&B Eatery/Full-Service Restaurants,Public_transport,Car
48714,76,Elderly,0,Debt,4_person,family_single,0,F&B Eatery/Limited-Service Restaurants,Walking,Walking
23165,47,Middle Age,8081,Low,7_plus_person,family_single,3_plus,F&B Eatery/Limited-Service Restaurants,Walking,Car
59222,34,Adult,100904,Very High,1_person,living_alone,0,F&B Eatery/Limited-Service Restaurants,Walking,Walking
25491,49,Middle Age,37570,Moderate,2_person,married_couple,1,F&B Eatery/Full-Service Restaurants,Walking,Car
28164,35,Adult,0,Debt,7_plus_person,nonfamily_single,3_plus,F&B Eatery/Drinking Places,Walking,Public_transport
62839,34,Adult,92830,Very High,5_person,nonfamily_single,2,F&B Eatery/Limited-Service Restaurants,Car,Car
3121,31,Adult,50507,Moderate,3_person,nonfamily_single,2,F&B Eatery/Snack and Nonalcoholic Beverage Bars,Walking,Car
41347,60,Senior,39395,Moderate,7_plus_person,married_couple,1,F&B Eatery/Full-Service Restaurants,Car,Walking
17695,19,Young Adult,6050,Low,2_person,family_single,1,F&B Eatery/Full-Service Restaurants,Car,Walking
50184,42,Middle Age,12121,Low,6_person,married_couple,1,F&B Eatery/Limited-Service Restaurants,Walking,Public_transport
41107,31,Adult,117585,Very High,2_person,nonfamily_single,1,F&B Eatery/Snack and Nonalcoholic Beverage Bars,Walking,Car
36174,33,Adult,86437,High,2_person,nonfamily_single,2,F&B Eatery/Snack and Nonalcoholic Beverage Bars,Car,Car
22766,47,Middle Age,146981,Ultra High,2_person,married_couple,1,F&B Eatery/Full-Service Restaurants,Walking,Car
48243,22,Young Adult,37570,Moderate,3_person,family_single,0,F&B Eatery/Limited-Service Restaurants,Walking,Walking
31301,28,Young Adult,30943,Moderate,5_person,married_couple,1,F&B Eatery/Full-Service Restaurants,Car,Public_transport
13861,72,Elderly,316882,Ultra High,3_person,married_couple,2,F&B Eatery/Full-Service Restaurants,Public_transport,Car
65212,56,Senior,199099,Ultra High,3_person,married_couple,1,F&B Eatery/Full-Service Restaurants,Car,Car
31730,56,Senior,19899,Low,1_person,living_alone,1,F&B Eatery/Full-Service Restaurants,Car,Car
57062,25,Young Adult,70230,High,3_person,nonfamily_single,2,F&B Eatery/Limited-Service Restaurants,Walking,Walking
45896,59,Senior,98297,Very High,2_person,family_single,1,F&B Eatery/Limited-Service Restaurants,Walking,Car
931,54,Senior,0,Debt,4_person,family_single,1,F&B Eatery/Limited-Service Restaurants,Public_transport,Car
30062,59,Senior,23186,Low,1_person,living_alone,0,F&B Eatery/Snack and Nonalcoholic Beverage Bars,Car,Public_transport
691,39,Adult,44850,Moderate,4_person,family_single,2,F&B Eatery/Full-Service Restaurants,Car,Car
35349,39,Adult,51572,Moderate,1_person,living_alone,0,F&B Eatery/Full-Service Restaurants,Walking,Walking
6364,21,Young Adult,0,Debt,3_person,nonfamily_single,0,F&B Eatery/Limited-Service Restaurants,Walking,Walking
18293,79,Elderly,149400,Ultra High,1_person,living_alone,1,F&B Eatery/Limited-Service Restaurants,Car,Car
41789,54,Senior,182051,Ultra High,2_person,married_couple,1,F&B Eatery/Full-Service Restaurants,Car,Car
60842,28,Young Adult,60608,High,2_person,nonfamily_single,1,F&B Eatery/Full-Service Restaurants,Walking,Walking
43041,39,Adult,81204,High,4_person,married_couple,1,F&B Eatery/Full-Service Restaurants,Car,Car
20950,89,Elderly,15455,Low,1_person,living_alone,0,F&B Eatery/Full-Service Restaurants,Car,Walking
66875,27,Young Adult,48627,Moderate,3_person,married_couple,0,F&B Eatery/Full-Service Restaurants,Public_transport,Walking
16428,22,Young Adult,0,Debt,3_person,married_couple,2,F&B Eatery/Limited-Service Restaurants,Public_transport,Public_transport
20323,70,Elderly,6666,Low,7_plus_person,married_couple,1,F&B Eatery/Limited-Service Restaurants,Public_transport,Car
41909,72,Elderly,22041,Low,1_person,living_alone,0,F&B Eatery/Snack and Nonalcoholic Beverage Bars,Walking,Walking
39876,71,Elderly,11885,Low,2_person,married_couple,0,F&B Eatery/Full-Service Restaurants,Public_transport,Public_transport
41743,74,Elderly,91243,Very High,2_person,married_couple,2,F&B Eatery/Drinking Places,Public_transport,Car
4319,22,Young Adult,13709,Low,2_person,nonfamily_single,0,F&B Eatery/Full-Service Restaurants,Public_transport,Walking
35733,30,Young Adult,94893,Very High,3_person,nonfamily_single,2,F&B Eatery/Limited-Service Restaurants,Car,Car
3969,66,Elderly,4537,Low,2_person,married_couple,0,F&B Eatery/Full-Service Restaurants,Walking,Public_transport
25763,65,Elderly,16193,Low,1_person,living_alone,1,F&B Eatery/Full-Service Restaurants,Public_transport,Car
4926,39,Adult,12655,Low,4_person,married_couple,2,F&B Eatery/Snack and Nonalcoholic Beverage Bars,Car,Car
4933,40,Adult,15987,Low,7_plus_person,married_couple,1,F&B Eatery/Full-Service Restaurants,Public_transport,Walking
14616,25,Young Adult,40405,Moderate,5_person,nonfamily_single,0,F&B Eatery/Snack and Nonalcoholic Beverage Bars,Car,Public_transport
13971,26,Young Adult,73822,High,2_person,nonfamily_single,0,F&B Eatery/Drinking Places,Walking,Walking
66107,47,Middle Age,65659,High,6_person,married_couple,3_plus,F&B Eatery/Full-Service Restaurants,Car,Car
23862,24,Young Adult,48305,Moderate,1_person,living_alone,0,F&B Eatery/Full-Service Restaurants,Walking,Walking
59418,44,Middle Age,0,Debt,6_person,married_couple,1,F&B Eatery/Full-Service Restaurants,Walking,Public_transport
22692,26,Young Adult,31638,Moderate,2_person,nonfamily_single,1,F&B Eatery/Full-Service Restaurants,Public_transport,Car
53311,65,Elderly,0,Debt,5_person,married_couple,1,F&B Eatery/Snack and Nonalcoholic Beverage Bars,Car,Car
3092,60,Senior,309435,Ultra High,1_person,living_alone,0,F&B Eatery/Snack and Nonalcoholic Beverage Bars,Walking,Public_transport
21097,61,Elderly,20564,Low,3_person,nonfamily_single,1,F&B Eatery/Full-Service Restaurants,Car,Car
12748,35,Adult,50541,Moderate,1_person,living_alone,0,F&B Eatery/Full-Service Restaurants,Walking,Walking
24338,49,Middle Age,43218,Moderate,3_person,married_couple,3_plus,F&B Eatery/Limited-Service Restaurants,Car,Public_transport
54707,33,Adult,59598,Moderate,2_person,married_couple,1,F&B Eatery/Full-Service Restaurants,Public_transport,Car
61264,30,Young Adult,37570,Moderate,2_person,married_couple,2,F&B Eatery/Full-Service Restaurants,Walking,Car
15790,72,Elderly,0,Debt,4_person,nonfamily_single,1,F&B Eatery/Limited-Service Restaurants,Car,Car
45283,25,Young Adult,80508,High,2_person,nonfamily_single,1,F&B Eatery/Full-Service Restaurants,Walking,Walking
3982,28,Young Adult,61618,High,2_person,nonfamily_single,2,F&B Eatery/Full-Service Restaurants,Car,Walking
20674,50,Middle Age,8889,Low,7_plus_person,nonfamily_single,0,F&B Eatery/Limited-Service Restaurants,Public_transport,Public_transport
23324,71,Elderly,2320,Low,3_person,married_couple,1,F&B Eatery/Drinking Places,Public_transport,Car
60708,60,Senior,454565,Ultra High,7_plus_person,married_couple,1,F&B Eatery/Full-Service Restaurants,Walking,Car
34172,52,Senior,0,Debt,5_person,married_couple,1,F&B Eatery/Full-Service Restaurants,Public_transport,Car
52347,21,Young Adult,5273,Low,1_person,living_alone,1,F&B Eatery/Snack and Nonalcoholic Beverage Bars,Public_transport,Walking
56499,94,Elderly,32414,Moderate,2_person,family_single,1,F&B Eatery/Full-Service Restaurants,Car,Car
38892,49,Middle Age,639500,Ultra High,4_person,married_couple,3_plus,F&B Eatery/Drinking Places,Car,Car
1094,74,Elderly,12377,Low,2_person,married_couple,2,F&B Eatery/Limited-Service Restaurants,Car,Car
50121,43,Middle Age,91243,Very High,1_person,living_alone,1,F&B Eatery/Snack and Nonalcoholic Beverage Bars,Walking,Car
55053,66,Elderly,16400,Low,2_person,family_single,0,F&B Eatery/Full-Service Restaurants,Public_transport,Walking
22927,94,Elderly,48486,Moderate,1_person,living_alone,0,F&B Eatery/Snack and Nonalcoholic Beverage Bars,Car,Public_transport
28310,27,Young Adult,15471,Low,2_person,nonfamily_single,1,F&B Eatery/Snack and Nonalcoholic Beverage Bars,Walking,Walking
58269,50,Middle Age,10651,Low,2_person,married_couple,1,F&B Eatery/Full-Service Restaurants,Public_transport,Car
15972,53,Senior,31638,Moderate,3_person,married_couple,3_plus,F&B Eatery/Snack and Nonalcoholic Beverage Bars,Public_transport,Public_transport
28747,35,Adult,77358,High,3_person,married_couple,1,F&B Eatery/Full-Service Restaurants,Public_transport,Car
31918,73,Elderly,127900,Ultra High,2_person,married_couple,1,F&B Eatery/Full-Service Restaurants,Car,Car
26460,31,Adult,94914,Very High,1_person,living_alone,0,F&B Eatery/Full-Service Restaurants,Walking,Walking
65677,30,Young Adult,101014,Very High,2_person,married_couple,1,F&B Eatery/Snack and Nonalcoholic Beverage Bars,Car,Walking
2843,22,Young Adult,63276,High,2_person,nonfamily_single,0,F&B Eatery/Limited-Service Restaurants,Walking,Walking
52003,26,Young Adult,42937,Moderate,3_person,nonfamily_single,1,F&B Eatery/Limited-Service Restaurants,Public_transport,Car
37583,18,Teen,0,Debt,3_person,family_single,1,F&B Eatery/Full-Service Restaurants,Car,Walking
49241,76,Elderly,174148,Ultra High,2_person,married_couple,1,F&B Eatery/Full-Service Restaurants,Car,Car
38724,25,Young Adult,69700,High,4_person,nonfamily_single,0,F&B Eatery/Limited-Service Restaurants,Public_transport,Walking
25095,23,Young Adult,77358,High,2_person,nonfamily_single,2,F&B Eatery/Full-Service Restaurants,Car,Walking
60372,34,Adult,115932,Very High,3_person,married_couple,2,F&B Eatery/Full-Service Restaurants,Car,Car
18211,57,Senior,237703,Ultra High,2_person,married_couple,1,F&B Eatery/Full-Service Restaurants,Car,Car
20855,74,Elderly,16400,Low,3_person,family_single,1,F&B Eatery/Full-Service Restaurants,Walking,Car
62167,23,Young Adult,15126,Low,3_person,nonfamily_single,0,F&B Eatery/Snack and Nonalcoholic Beverage Bars,Walking,Walking
46142,54,Senior,0,Debt,2_person,married_couple,1,F&B Eatery/Full-Service Restaurants,Car,Car
16,30,Young Adult,61887,High,1_person,living_alone,0,F&B Eatery/Full-Service Restaurants,Walking,Walking
28202,43,Middle Age,107344,Very High,2_person,married_couple,1,F&B Eatery/Full-Service Restaurants,Car,Car
50941,28,Young Adult,37570,Moderate,5_person,nonfamily_single,0,F&B Eatery/Snack and Nonalcoholic Beverage Bars,Walking,Public_transport
16524,60,Senior,73822,High,1_person,living_alone,0,F&B Eatery/Full-Service Restaurants,Walking,Public_transport
18443,25,Young Adult,69774,High,2_person,nonfamily_single,0,F&B Eatery/Full-Service Restaurants,Walking,Walking
45947,19,Young Adult,0,Debt,3_person,nonfamily_single,0,F&B Eatery/Limited-Service Restaurants,Walking,Walking
23527,71,Elderly,9875,Low,1_person,living_alone,2,F&B Eatery/Full-Service Restaurants,Public_transport,Car
21054,32,Adult,21660,Low,2_person,family_single,2,F&B Eatery/Snack and Nonalcoholic Beverage Bars,Walking,Car
12205,38,Adult,32203,Moderate,1_person,living_alone,1,F&B Eatery/Limited-Service Restaurants,Public_transport,Car
51054,29,Young Adult,54023,Moderate,1_person,living_alone,1,F&B Eatery/Snack and Nonalcoholic Beverage Bars,Car,Car
31422,27,Young Adult,44609,Moderate,2_person,nonfamily_single,1,F&B Eatery/Full-Service Restaurants,Car,Car
32006,31,Adult,248508,Ultra High,1_person,living_alone,1,F&B Eatery/Snack and Nonalcoholic Beverage Bars,Walking,Car
14407,44,Middle Age,11593,Low,2_person,married_couple,1,F&B Eatery/Full-Service Restaurants,Car,Car
32766,48,Middle Age,114146,Very High,1_person,living_alone,0,F&B Eatery/Snack and Nonalcoholic Beverage Bars,Public_transport,Public_transport
4686,25,Young Adult,0,Debt,3_person,nonfamily_single,2,F&B Eatery/Snack and Nonalcoholic Beverage Bars,Car,Walking
51482,26,Young Adult,10949,Low,3_person,married_couple,2,F&B Eatery/Full-Service Restaurants,Public_transport,Public_transport
57242,21,Young Adult,0,Debt,3_person,nonfamily_single,0,F&B Eatery/Full-Service Restaurants,Walking,Walking
4922,30,Young Adult,32203,Moderate,7_plus_person,family_single,3_plus,F&B Eatery/Full-Service Restaurants,Walking,Car
48601,51,Senior,53672,Moderate,2_person,married_couple,2,F&B Eatery/Full-Service Restaurants,Walking,Car
39553,54,Senior,33494,Moderate,5_person,married_couple,3_plus,F&B Eatery/Snack and Nonalcoholic Beverage Bars,Public_transport,Car
5877,42,Middle Age,190818,Ultra High,1_person,living_alone,1,F&B Eatery/Full-Service Restaurants,Car,Car
30595,68,Elderly,31638,Moderate,2_person,married_couple,1,F&B Eatery/Drinking Places,Public_transport,Car
42316,58,Senior,37570,Moderate,7_plus_person,married_couple,3_plus,F&B Eatery/Limited-Service Restaurants,Walking,Walking
32443,58,Senior,11919,Low,1_person,living_alone,0,F&B Eatery/Full-Service Restaurants,Walking,Public_transport
16459,33,Adult,7220,Low,3_person,married_couple,2,F&B Eatery/Drinking Places,Walking,Walking
35113,43,Middle Age,63487,High,2_person,married_couple,2,F&B Eatery/Snack and Nonalcoholic Beverage Bars,Car,Car
22831,25,Young Adult,0,Debt,2_person,family_single,1,F&B Eatery/Full-Service Restaurants,Public_transport,Walking
41198,38,Adult,49509,Moderate,7_plus_person,married_couple,3_plus,F&B Eatery/Snack and Nonalcoholic Beverage Bars,Car,Car
25006,70,Elderly,330317,Ultra High,7_plus_person,married_couple,1,F&B Eatery/Limited-Service Restaurants,Walking,Car
4586,35,Adult,64406,High,4_person,nonfamily_single,0,F&B Eatery/Snack and Nonalcoholic Beverage Bars,Public_transport,Public_transport
13675,68,Elderly,0,Debt,3_person,family_single,1,F&B Eatery/Full-Service Restaurants,Car,Car
47365,80,Elderly,22357,Low,5_person,family_single,2,F&B Eatery/Snack and Nonalcoholic Beverage Bars,Car,Car
39567,29,Young Adult,75633,High,1_person,living_alone,1,F&B Eatery/Drinking Places,Walking,Walking
61995,43,Middle Age,17611,Low,3_person,married_couple,1,F&B Eatery/Full-Service Restaurants,Car,Car
8378,20,Young Adult,0,Debt,4_person,family_single,1,F&B Eatery/Limited-Service Restaurants,Public_transport,Walking
50164,50,Middle Age,227571,Ultra High,2_person,married_couple,2,F&B Eatery/Snack and Nonalcoholic Beverage Bars,Car,Car
50705,27,Young Adult,8436,Low,4_person,nonfamily_single,1,F&B Eatery/Snack and Nonalcoholic Beverage Bars,Car,Car
55026,63,Elderly,27011,Low,1_person,living_alone,1,F&B Eatery/Limited-Service Restaurants,Car,Car
24816,28,Young Adult,110565,Very High,7_plus_person,nonfamily_single,1,F&B Eatery/Full-Service Restaurants,Walking,Walking
25359,57,Senior,0,Debt,4_person,married_couple,1,F&B Eatery/Full-Service Restaurants,Car,Car
38218,89,Elderly,1728,Low,1_person,living_alone,1,F&B Eatery/Snack and Nonalcoholic Beverage Bars,Car,Car
60410,56,Senior,3796,Low,1_person,living_alone,0,F&B Eatery/Drinking Places,Public_transport,Public_transport
38965,19,Young Adult,1547,Low,3_person,nonfamily_single,0,F&B Eatery/Full-Service Restaurants,Walking,Walking
25553,72,Elderly,2576,Low,2_person,married_couple,0,F&B Eatery/Snack and Nonalcoholic Beverage Bars,Public_transport,Public_transport
45865,19,Young Adult,0,Debt,2_person,family_single,1,F&B Eatery/Full-Service Restaurants,Public_transport,Walking
47224,52,Senior,198588,Ultra High,2_person,married_couple,2,F&B Eatery/Full-Service Restaurants,Car,Car
47947,24,Young Adult,16207,Low,2_person,nonfamily_single,0,F&B Eatery/Snack and Nonalcoholic Beverage Bars,Walking,Walking
39169,65,Elderly,8889,Low,7_plus_person,nonfamily_single,0,F&B Eatery/Limited-Service Restaurants,Car,Public_transport
5695,35,Adult,56184,Moderate,1_person,living_alone,0,F&B Eatery/Full-Service Restaurants,Walking,Walking
2941,22,Young Adult,29092,Low,7_plus_person,married_couple,1,F&B Eatery/Full-Service Restaurants,Public_transport,Public_transport
62498,21,Young Adult,20202,Low,2_person,nonfamily_single,0,F&B Eatery/Full-Service Restaurants,Walking,Walking
31222,74,Elderly,44146,Moderate,1_person,living_alone,1,F&B Eatery/Full-Service Restaurants,Public_transport,Car
62416,22,Young Adult,80811,High,1_person,living_alone,0,F&B Eatery/Full-Service Restaurants,Public_transport,Walking
21164,60,Senior,68549,High,3_person,married_couple,0,F&B Eatery/Full-Service Restaurants,Walking,Public_transport
40149,50,Middle Age,28688,Low,7_plus_person,married_couple,3_plus,F&B Eatery/Limited-Service Restaurants,Car,Car
65568,18,Teen,3241,Low,3_person,family_single,1,F&B Eatery/Full-Service Restaurants,Walking,Walking
50772,31,Adult,32414,Moderate,5_person,married_couple,2,F&B Eatery/Full-Service Restaurants,Walking,Car
46602,57,Senior,11389,Low,1_person,living_alone,0,F&B Eatery/Snack and Nonalcoholic Beverage Bars,Public_transport,Public_transport
38346,75,Elderly,7779,Low,3_person,married_couple,1,F&B Eatery/Limited-Service Restaurants,Public_transport,Car
10338,65,Elderly,8889,Low,7_plus_person,nonfamily_single,0,F&B Eatery/Limited-Service Restaurants,Walking,Public_transport
42761,46,Middle Age,155027,Ultra High,7_plus_person,family_single,1,F&B Eatery/Full-Service Restaurants,Public_transport,Walking
40673,24,Young Adult,50507,Moderate,3_person,nonfamily_single,1,F&B Eatery/Limited-Service Restaurants,Walking,Car
26671,19,Young Adult,0,Debt,2_person,nonfamily_single,0,F&B Eatery/Limited-Service Restaurants,Walking,Walking
8307,56,Senior,21609,Low,2_person,married_couple,1,F&B Eatery/Snack and Nonalcoholic Beverage Bars,Car,Car
11618,38,Adult,41567,Moderate,1_person,living_alone,1,F&B Eatery/Snack and Nonalcoholic Beverage Bars,Car,Car
25933,66,Elderly,60752,High,2_person,married_couple,1,F&B Eatery/Limited-Service Restaurants,Car,Car
33816,32,Adult,91839,Very High,3_person,married_couple,1,F&B Eatery/Limited-Service Restaurants,Walking,Car
63391,80,Elderly,329105,Ultra High,7_plus_person,married_couple,1,F&B Eatery/Full-Service Restaurants,Car,Car
6782,49,Middle Age,596917,Ultra High,1_person,living_alone,1,F&B Eatery/Full-Service Restaurants,Car,Car
45430,43,Middle Age,10101,Low,2_person,nonfamily_single,1,F&B Eatery/Limited-Service Restaurants,Car,Car
62625,26,Young Adult,62260,High,1_person,living_alone,0,F&B Eatery/Limited-Service Restaurants,Public_transport,Walking
65593,22,Young Adult,8251,Low,7_plus_person,nonfamily_single,2,F&B Eatery/Full-Service Restaurants,Walking,Car
65687,44,Middle Age,121012,Ultra High,1_person,living_alone,0,F&B Eatery/Drinking Places,Walking,Walking
19945,20,Young Adult,5273,Low,3_person,family_single,1,F&B Eatery/Limited-Service Restaurants,Public_transport,Walking
62589,24,Young Adult,26365,Low,5_person,family_single,1,F&B Eatery/Full-Service Restaurants,Car,Car
1609,23,Young Adult,60608,High,3_person,nonfamily_single,0,F&B Eatery/Full-Service Restaurants,Walking,Walking
19480,68,Elderly,291727,Ultra High,2_person,nonfamily_single,1,F&B Eatery/Limited-Service Restaurants,Car,Car
29166,61,Elderly,30056,Moderate,7_plus_person,family_single,1,F&B Eatery/Limited-Service Restaurants,Car,Car
35183,79,Elderly,24689,Low,3_person,family_single,3_plus,F&B Eatery/Snack and Nonalcoholic Beverage Bars,Public_transport,Car
23799,23,Young Adult,42426,Moderate,2_person,nonfamily_single,0,F&B Eatery/Full-Service Restaurants,Public_transport,Walking
31980,25,Young Adult,41864,Moderate,2_person,nonfamily_single,1,F&B Eatery/Snack and Nonalcoholic Beverage Bars,Walking,Car
34785,43,Middle Age,290016,Ultra High,2_person,married_couple,1,F&B Eatery/Snack and Nonalcoholic Beverage Bars,Car,Car
35739,39,Adult,67044,High,2_person,married_couple,1,F&B Eatery/Full-Service Restaurants,Public_transport,Car
12317,30,Young Adult,50507,Moderate,1_person,living_alone,1,F&B Eatery/Full-Service Restaurants,Car,Car
46806,95,Elderly,22463,Low,1_person,living_alone,0,F&B Eatery/Drinking Places,Car,Walking
46335,45,Middle Age,0,Debt,3_person,married_couple,1,F&B Eatery/Full-Service Restaurants,Car,Car
35699,18,Teen,8643,Low,5_person,family_single,2,F&B Eatery/Snack and Nonalcoholic Beverage Bars,Car,Walking
48174,30,Young Adult,0,Debt,3_person,family_single,1,F&B Eatery/Snack and Nonalcoholic Beverage Bars,Car,Walking
13380,62,Elderly,10734,Low,2_person,married_couple,1,F&B Eatery/Snack and Nonalcoholic Beverage Bars,Public_transport,Car
19630,46,Middle Age,9091,Low,1_person,living_alone,0,F&B Eatery/Full-Service Restaurants,Public_transport,Walking
16508,22,Young Adult,62260,High,2_person,nonfamily_single,0,F&B Eatery/Full-Service Restaurants,Public_transport,Walking
50258,27,Young Adult,12121,Low,6_person,family_single,3_plus,F&B Eatery/Full-Service Restaurants,Car,Car
13001,34,Adult,75740,High,2_person,married_couple,1,F&B Eatery/Snack and Nonalcoholic Beverage Bars,Public_transport,Car
1814,52,Senior,128134,Ultra High,3_person,married_couple,2,F&B Eatery/Full-Service Restaurants,Car,Car
25416,25,Young Adult,39717,Moderate,3_person,nonfamily_single,0,F&B Eatery/Full-Service Restaurants,Public_transport,Walking
31976,25,Young Adult,41876,Moderate,2_person,nonfamily_single,2,F&B Eatery/Full-Service Restaurants,Walking,Car
14586,31,Adult,41057,Moderate,4_person,married_couple,1,F&B Eatery/Full-Service Restaurants,Car,Public_transport
47216,65,Elderly,16503,Low,1_person,living_alone,0,F&B Eatery/Snack and Nonalcoholic Beverage Bars,Public_transport,Walking
66619,38,Adult,0,Debt,7_plus_person,family_single,2,F&B Eatery/Full-Service Restaurants,Car,Car
44301,32,Adult,41258,Moderate,7_plus_person,married_couple,1,F&B Eatery/Snack and Nonalcoholic Beverage Bars,Walking,Public_transport
25174,68,Elderly,102529,Very High,3_person,married_couple,2,F&B Eatery/Full-Service Restaurants,Car,Car
2123,65,Elderly,22691,Low,1_person,living_alone,0,F&B Eatery/Drinking Places,Public_transport,Walking
56635,71,Elderly,98606,Very High,2_person,married_couple,2,F&B Eatery/Full-Service Restaurants,Car,Car
13704,25,Young Adult,82516,High,6_person,nonfamily_single,0,F&B Eatery/Full-Service Restaurants,Walking,Walking
54786,80,Elderly,85256,High,2_person,married_couple,1,F&B Eatery/Drinking Places,Car,Car
31721,56,Senior,80811,High,2_person,married_couple,1,F&B Eatery/Snack and Nonalcoholic Beverage Bars,Walking,Car
65177,35,Adult,11561,Low,2_person,family_single,0,F&B Eatery/Full-Service Restaurants,Walking,Public_transport
63669,26,Young Adult,58588,Moderate,2_person,married_couple,1,F&B Eatery/Snack and Nonalcoholic Beverage Bars,Public_transport,Car
58122,24,Young Adult,43218,Moderate,3_person,family_single,3_plus,F&B Eatery/Drinking Places,Car,Car
67057,27,Young Adult,36911,Moderate,4_person,nonfamily_single,2,F&B Eatery/Drinking Places,Car,Public_transport
14191,41,Middle Age,20629,Low,5_person,married_couple,1,F&B Eatery/Drinking Places,Car,Car
18581,25,Young Adult,84368,High,2_person,nonfamily_single,1,F&B Eatery/Drinking Places,Walking,Walking
20435,74,Elderly,0,Debt,1_person,living_alone,0,F&B Eatery/Full-Service Restaurants,Public_transport,Walking
17600,26,Young Adult,26836,Low,3_person,family_single,1,F&B Eatery/Full-Service Restaurants,Walking,Walking
40469,28,Young Adult,20629,Low,2_person,nonfamily_single,0,F&B Eatery/Snack and Nonalcoholic Beverage Bars,Public_transport,Walking
27938,65,Elderly,9179,Low,1_person,living_alone,0,F&B Eatery/Limited-Service Restaurants,Walking,Walking
43461,30,Young Adult,64406,High,3_person,nonfamily_single,3_plus,F&B Eatery/Full-Service Restaurants,Public_transport,Car
32247,29,Young Adult,86437,High,1_person,living_alone,1,F&B Eatery/Full-Service Restaurants,Walking,Walking
49877,49,Middle Age,0,Debt,4_person,married_couple,3_plus,F&B Eatery/Snack and Nonalcoholic Beverage Bars,Walking,Car
59807,73,Elderly,21724,Low,4_person,family_single,0,F&B Eatery/Limited-Service Restaurants,Public_transport,Walking
49028,24,Young Adult,51862,Moderate,3_person,nonfamily_single,0,F&B Eatery/Full-Service Restaurants,Car,Walking
41938,34,Adult,64406,High,3_person,nonfamily_single,1,F&B Eatery/Limited-Service Restaurants,Public_transport,Car
33576,62,Elderly,293952,Ultra High,1_person,living_alone,2,F&B Eatery/Full-Service Restaurants,Car,Car
62034,32,Adult,52604,Moderate,3_person,married_couple,2,F&B Eatery/Limited-Service Restaurants,Public_transport,Car
58819,26,Young Adult,26471,Low,1_person,living_alone,1,F&B Eatery/Full-Service Restaurants,Car,Walking
21438,63,Elderly,14546,Low,1_person,living_alone,0,F&B Eatery/Snack and Nonalcoholic Beverage Bars,Walking,Walking
61461,32,Adult,2636,Low,2_person,married_couple,1,F&B Eatery/Full-Service Restaurants,Car,Walking
40031,63,Elderly,0,Debt,2_person,married_couple,1,F&B Eatery/Full-Service Restaurants,Walking,Car
30096,77,Elderly,36100,Moderate,2_person,married_couple,2,F&B Eatery/Drinking Places,Public_transport,Car
4906,25,Young Adult,33747,Moderate,3_person,married_couple,2,F&B Eatery/Full-Service Restaurants,Walking,Car
3722,26,Young Adult,28880,Low,4_person,nonfamily_single,0,F&B Eatery/Snack and Nonalcoholic Beverage Bars,Public_transport,Walking
66513,39,Adult,166384,Ultra High,2_person,married_couple,2,F&B Eatery/Snack and Nonalcoholic Beverage Bars,Walking,Car
45890,31,Adult,105460,Very High,2_person,married_couple,1,F&B Eatery/Full-Service Restaurants,Walking,Car
12734,33,Adult,103660,Very High,2_person,nonfamily_single,2,F&B Eatery/Snack and Nonalcoholic Beverage Bars,Car,Car
36730,53,Senior,13737,Low,2_person,married_couple,1,F&B Eatery/Full-Service Restaurants,Walking,Car
64940,66,Elderly,0,Debt,2_person,married_couple,1,F&B Eatery/Snack and Nonalcoholic Beverage Bars,Car,Car
2671,33,Adult,129298,Ultra High,1_person,living_alone,0,F&B Eatery/Full-Service Restaurants,Public_transport,Walking
41989,24,Young Adult,19288,Low,3_person,nonfamily_single,2,F&B Eatery/Snack and Nonalcoholic Beverage Bars,Car,Walking
58579,25,Young Adult,37132,Moderate,3_person,family_single,0,F&B Eatery/Limited-Service Restaurants,Walking,Walking
9417,20,Young Adult,51862,Moderate,3_person,family_single,1,F&B Eatery/Full-Service Restaurants,Walking,Car
50916,60,Senior,1296,Low,2_person,family_single,2,F&B Eatery/Snack and Nonalcoholic Beverage Bars,Car,Car
4552,63,Elderly,65158,High,2_person,family_single,0,F&B Eatery/Full-Service Restaurants,Walking,Public_transport
49759,22,Young Adult,10314,Low,3_person,nonfamily_single,0,F&B Eatery/Full-Service Restaurants,Walking,Walking
6009,69,Elderly,8889,Low,7_plus_person,nonfamily_single,0,F&B Eatery/Drinking Places,Public_transport,Public_transport
50599,24,Young Adult,36911,Moderate,2_person,nonfamily_single,1,F&B Eatery/Full-Service Restaurants,Public_transport,Car
28430,73,Elderly,0,Debt,3_person,married_couple,1,F&B Eatery/Full-Service Restaurants,Car,Car
19601,32,Adult,74552,High,3_person,family_single,1,F&B Eatery/Full-Service Restaurants,Walking,Car
38505,45,Middle Age,31638,Moderate,3_person,family_single,0,F&B Eatery/Full-Service Restaurants,Public_transport,Walking
41247,24,Young Adult,30304,Moderate,3_person,family_single,1,F&B Eatery/Full-Service Restaurants,Walking,Car
18437,27,Young Adult,57966,Moderate,4_person,nonfamily_single,2,F&B Eatery/Drinking Places,Public_transport,Public_transport
27542,47,Middle Age,308404,Ultra High,4_person,married_couple,1,F&B Eatery/Snack and Nonalcoholic Beverage Bars,Car,Car
3164,64,Elderly,59425,Moderate,2_person,family_single,1,F&B Eatery/Full-Service Restaurants,Car,Car
52227,49,Middle Age,100050,Very High,2_person,married_couple,1,F&B Eatery/Full-Service Restaurants,Public_transport,Car
39531,21,Young Adult,0,Debt,3_person,nonfamily_single,0,F&B Eatery/Full-Service Restaurants,Walking,Walking
66377,19,Young Adult,0,Debt,2_person,family_single,1,F&B Eatery/Snack and Nonalcoholic Beverage Bars,Car,Walking
32764,50,Middle Age,165187,Ultra High,3_person,married_couple,2,F&B Eatery/Limited-Service Restaurants,Public_transport,Car
1657,29,Young Adult,10734,Low,3_person,family_single,2,F&B Eatery/Limited-Service Restaurants,Walking,Walking
59319,29,Young Adult,34037,Moderate,3_person,married_couple,3_plus,F&B Eatery/Full-Service Restaurants,Car,Car
57221,32,Adult,63639,High,4_person,nonfamily_single,3_plus,F&B Eatery/Full-Service Restaurants,Public_transport,Car
10589,27,Young Adult,147644,Ultra High,2_person,married_couple,1,F&B Eatery/Drinking Places,Walking,Walking
57796,43,Middle Age,25253,Low,2_person,married_couple,1,F&B Eatery/Snack and Nonalcoholic Beverage Bars,Public_transport,Car
19094,18,Teen,0,Debt,1_person,living_alone,0,F&B Eatery/Limited-Service Restaurants,Walking,Walking
55468,32,Adult,181826,Ultra High,5_person,married_couple,2,F&B Eatery/Limited-Service Restaurants,Car,Walking
40317,53,Senior,65480,High,2_person,family_single,2,F&B Eatery/Full-Service Restaurants,Car,Car
37034,31,Adult,74264,High,3_person,married_couple,1,F&B Eatery/Full-Service Restaurants,Car,Car
44641,24,Young Adult,10101,Low,2_person,nonfamily_single,1,F&B Eatery/Special Food Services,Walking,Walking
23099,62,Elderly,10546,Low,4_person,married_couple,1,F&B Eatery/Drinking Places,Car,Car
16806,42,Middle Age,155650,Ultra High,4_person,married_couple,2,F&B Eatery/Full-Service Restaurants,Walking,Car
27356,23,Young Adult,22588,Low,3_person,family_single,1,F&B Eatery/Full-Service Restaurants,Public_transport,Walking
16244,31,Adult,87518,High,3_person,married_couple,1,F&B Eatery/Full-Service Restaurants,Public_transport,Car
38084,26,Young Adult,64330,High,3_person,nonfamily_single,3_plus,F&B Eatery/Snack and Nonalcoholic Beverage Bars,Car,Car
31601,32,Adult,124520,Ultra High,2_person,married_couple,0,F&B Eatery/Full-Service Restaurants,Public_transport,Walking
58001,26,Young Adult,73822,High,2_person,nonfamily_single,2,F&B Eatery/Full-Service Restaurants,Car,Walking
27877,72,Elderly,3864,Low,4_person,married_couple,1,F&B Eatery/Drinking Places,Car,Car
9673,26,Young Adult,43436,Moderate,1_person,living_alone,0,F&B Eatery/Full-Service Restaurants,Public_transport,Walking
19229,68,Elderly,8889,Low,7_plus_person,nonfamily_single,0,F&B Eatery/Full-Service Restaurants,Public_transport,Public_transport
53218,29,Young Adult,51572,Moderate,7_plus_person,married_couple,1,F&B Eatery/Drinking Places,Public_transport,Car
39887,29,Young Adult,1080,Low,6_person,married_couple,2,F&B Eatery/Full-Service Restaurants,Public_transport,Car
60728,63,Elderly,52730,Moderate,3_person,family_single,3_plus,F&B Eatery/Full-Service Restaurants,Car,Car
54396,22,Young Adult,6363,Low,3_person,nonfamily_single,0,F&B Eatery/Snack and Nonalcoholic Beverage Bars,Public_transport,Walking
33769,22,Young Adult,14142,Low,3_person,nonfamily_single,1,F&B Eatery/Special Food Services,Walking,Walking
36966,53,Senior,125334,Ultra High,3_person,married_couple,2,F&B Eatery/Snack and Nonalcoholic Beverage Bars,Car,Car
35186,33,Adult,10314,Low,2_person,nonfamily_single,1,F&B Eatery/Drinking Places,Car,Public_transport
58219,29,Young Adult,34350,Moderate,4_person,nonfamily_single,0,F&B Eatery/Limited-Service Restaurants,Public_transport,Walking
36343,31,Adult,51572,Moderate,1_person,living_alone,0,F&B Eatery/Full-Service Restaurants,Walking,Walking
55878,29,Young Adult,1237,Low,5_person,family_single,2,F&B Eatery/Limited-Service Restaurants,Car,Car
52999,27,Young Adult,50621,Moderate,4_person,nonfamily_single,1,F&B Eatery/Full-Service Restaurants,Public_transport,Car
50113,45,Middle Age,30304,Moderate,2_person,family_single,1,F&B Eatery/Limited-Service Restaurants,Public_transport,Car
9772,25,Young Adult,69700,High,3_person,nonfamily_single,3_plus,F&B Eatery/Full-Service Restaurants,Public_transport,Car
3558,38,Adult,79954,High,1_person,living_alone,0,F&B Eatery/Full-Service Restaurants,Public_transport,Walking
62024,80,Elderly,8889,Low,7_plus_person,nonfamily_single,0,F&B Eatery/Full-Service Restaurants,Walking,Public_transport
59550,55,Senior,7909,Low,3_person,family_single,1,F&B Eatery/Full-Service Restaurants,Public_transport,Car
45226,25,Young Adult,64828,High,3_person,nonfamily_single,2,F&B Eatery/Limited-Service Restaurants,Public_transport,Walking
3854,87,Elderly,0,Debt,3_person,married_couple,2,F&B Eatery/Full-Service Restaurants,Car,Car
4887,88,Elderly,54048,Moderate,3_person,married_couple,1,F&B Eatery/Snack and Nonalcoholic Beverage Bars,Car,Car
28807,38,Adult,28092,Low,3_person,family_single,0,F&B Eatery/Full-Service Restaurants,Walking,Public_transport
49909,69,Elderly,75760,High,7_plus_person,married_couple,3_plus,F&B Eatery/Full-Service Restaurants,Car,Car
45826,89,Elderly,72240,High,1_person,living_alone,0,F&B Eatery/Full-Service Restaurants,Car,Public_transport
13598,22,Young Adult,1180,Low,3_person,married_couple,0,F&B Eatery/Snack and Nonalcoholic Beverage Bars,Walking,Public_transport
5313,31,Adult,52730,Moderate,2_person,married_couple,1,F&B Eatery/Drinking Places,Walking,Car
51436,29,Young Adult,46415,Moderate,2_person,married_couple,1,F&B Eatery/Drinking Places,Walking,Car
48991,28,Young Adult,77781,High,2_person,married_couple,2,F&B Eatery/Limited-Service Restaurants,Public_transport,Walking
25883,42,Middle Age,10804,Low,3_person,family_single,0,F&B Eatery/Snack and Nonalcoholic Beverage Bars,Public_transport,Walking
47961,60,Senior,101519,Very High,2_person,married_couple,2,F&B Eatery/Drinking Places,Car,Car
37292,34,Adult,58003,Moderate,3_person,married_couple,1,F&B Eatery/Snack and Nonalcoholic Beverage Bars,Walking,Car
13699,23,Young Adult,0,Debt,3_person,nonfamily_single,1,F&B Eatery/Limited-Service Restaurants,Public_transport,Walking
30607,33,Adult,42937,Moderate,3_person,married_couple,1,F&B Eatery/Snack and Nonalcoholic Beverage Bars,Car,Car
4827,28,Young Adult,128813,Ultra High,1_person,living_alone,0,F&B Eatery/Limited-Service Restaurants,Walking,Walking
46799,55,Senior,37570,Moderate,3_person,nonfamily_single,1,F&B Eatery/Snack and Nonalcoholic Beverage Bars,Public_transport,Car
57530,54,Senior,98757,Very High,1_person,living_alone,1,F&B Eatery/Full-Service Restaurants,Public_transport,Car
33575,24,Young Adult,129298,Ultra High,2_person,nonfamily_single,0,F&B Eatery/Snack and Nonalcoholic Beverage Bars,Walking,Walking
3907,30,Young Adult,23230,Low,2_person,married_couple,2,F&B Eatery/Full-Service Restaurants,Walking,Public_transport
47101,77,Elderly,6482,Low,7_plus_person,married_couple,2,F&B Eatery/Limited-Service Restaurants,Walking,Car
62166,25,Young Adult,81035,High,2_person,nonfamily_single,1,F&B Eatery/Snack and Nonalcoholic Beverage Bars,Walking,Walking
29134,29,Young Adult,94914,Very High,1_person,living_alone,0,F&B Eatery/Limited-Service Restaurants,Walking,Walking
39791,64,Elderly,0,Debt,3_person,family_single,1,F&B Eatery/Full-Service Restaurants,Car,Car
34724,90,Elderly,11242,Low,7_plus_person,family_single,2,F&B Eatery/Drinking Places,Car,Car
10637,63,Elderly,0,Debt,5_person,married_couple,3_plus,F&B Eatery/Full-Service Restaurants,Public_transport,Car
9343,81,Elderly,7909,Low,2_person,married_couple,1,F&B Eatery/Full-Service Restaurants,Car,Car
47929,31,Adult,70230,High,3_person,family_single,2,F&B Eatery/Limited-Service Restaurants,Car,Car
61381,59,Senior,30304,Moderate,2_person,married_couple,2,F&B Eatery/Full-Service Restaurants,Public_transport,Car
44172,17,Teen,3220,Low,2_person,family_single,0,F&B Eatery/Full-Service Restaurants,Public_transport,Walking
62950,34,Adult,30943,Moderate,5_person,married_couple,2,F&B Eatery/Full-Service Restaurants,Walking,Car
37663,27,Young Adult,64406,High,1_person,living_alone,1,F&B Eatery/Full-Service Restaurants,Walking,Walking
35170,24,Young Adult,56463,Moderate,2_person,nonfamily_single,0,F&B Eatery/Limited-Service Restaurants,Public_transport,Walking
37952,32,Adult,51905,Moderate,2_person,nonfamily_single,0,F&B Eatery/Snack and Nonalcoholic Beverage Bars,Public_transport,Walking
50225,58,Senior,75141,High,3_person,married_couple,2,F&B Eatery/Full-Service Restaurants,Car,Car
47466,20,Young Adult,42937,Moderate,1_person,living_alone,1,F&B Eatery/Full-Service Restaurants,Walking,Car
60742,31,Adult,8747,Low,1_person,living_alone,0,F&B Eatery/Full-Service Restaurants,Walking,Walking
22908,64,Elderly,0,Debt,2_person,married_couple,0,F&B Eatery/Limited-Service Restaurants,Public_transport,Public_transport
46999,67,Elderly,3889,Low,4_person,married_couple,0,F&B Eatery/Special Food Services,Car,Public_transport
18279,30,Young Adult,16768,Low,4_person,married_couple,1,F&B Eatery/Full-Service Restaurants,Walking,Public_transport
10283,50,Middle Age,111115,Very High,2_person,married_couple,2,F&B Eatery/Full-Service Restaurants,Car,Walking
45487,53,Senior,31638,Moderate,4_person,married_couple,1,F&B Eatery/Full-Service Restaurants,Walking,Public_transport
55417,30,Young Adult,85862,High,1_person,living_alone,1,F&B Eatery/Full-Service Restaurants,Car,Walking
40863,24,Young Adult,31638,Moderate,2_person,nonfamily_single,1,F&B Eatery/Full-Service Restaurants,Walking,Car
9890,45,Middle Age,90913,Very High,2_person,nonfamily_single,1,F&B Eatery/Full-Service Restaurants,Car,Car
64316,67,Elderly,0,Debt,2_person,nonfamily_single,1,F&B Eatery/Limited-Service Restaurants,Car,Car
18323,25,Young Adult,10314,Low,4_person,nonfamily_single,1,F&B Eatery/Full-Service Restaurants,Walking,Car
26514,62,Elderly,1717,Low,2_person,married_couple,2,F&B Eatery/Full-Service Restaurants,Walking,Car
64367,63,Elderly,8015,Low,3_person,married_couple,2,F&B Eatery/Snack and Nonalcoholic Beverage Bars,Walking,Car
65452,25,Young Adult,66012,High,2_person,nonfamily_single,2,F&B Eatery/Snack and Nonalcoholic Beverage Bars,Public_transport,Walking
27042,56,Senior,14764,Low,2_person,family_single,1,F&B Eatery/Full-Service Restaurants,Walking,Car
17387,18,Teen,0,Debt,2_person,family_single,2,F&B Eatery/Full-Service Restaurants,Walking,Walking
15086,63,Elderly,0,Debt,3_person,married_couple,3_plus,F&B Eatery/Full-Service Restaurants,Car,Car
24042,69,Elderly,25310,Low,2_person,married_couple,2,F&B Eatery/Limited-Service Restaurants,Car,Car
53822,89,Elderly,87882,High,2_person,family_single,1,F&B Eatery/Limited-Service Restaurants,Car,Car
64039,52,Senior,0,Debt,7_plus_person,married_couple,1,F&B Eatery/Full-Service Restaurants,Public_transport,Walking
7566,16,Teen,3864,Low,2_person,family_single,0,F&B Eatery/Full-Service Restaurants,Walking,Walking
43894,30,Young Adult,124254,Ultra High,6_person,married_couple,2,F&B Eatery/Full-Service Restaurants,Car,Public_transport
29227,41,Middle Age,12377,Low,4_person,married_couple,1,F&B Eatery/Snack and Nonalcoholic Beverage Bars,Car,Car
14719,25,Young Adult,1054,Low,2_person,nonfamily_single,0,F&B Eatery/Full-Service Restaurants,Walking,Walking
60294,22,Young Adult,3691,Low,6_person,nonfamily_single,0,F&B Eatery/Limited-Service Restaurants,Walking,Walking
58829,21,Young Adult,5273,Low,1_person,living_alone,1,F&B Eatery/Full-Service Restaurants,Public_transport,Walking
66679,38,Adult,93862,Very High,2_person,married_couple,1,F&B Eatery/Drinking Places,Walking,Car
5368,19,Young Adult,3241,Low,3_person,married_couple,2,F&B Eatery/Full-Service Restaurants,Car,Public_transport
39696,25,Young Adult,70230,High,3_person,nonfamily_single,2,F&B Eatery/Snack and Nonalcoholic Beverage Bars,Public_transport,Walking
9603,23,Young Adult,0,Debt,1_person,living_alone,1,F&B Eatery/Snack and Nonalcoholic Beverage Bars,Walking,Walking
22673,56,Senior,21609,Low,2_person,married_couple,1,F&B Eatery/Snack and Nonalcoholic Beverage Bars,Car,Car
29425,45,Middle Age,9283,Low,4_person,family_single,1,F&B Eatery/Full-Service Restaurants,Car,Car
30143,26,Young Adult,0,Debt,2_person,family_single,0,F&B Eatery/Full-Service Restaurants,Public_transport,Walking
2618,73,Elderly,22485,Low,3_person,married_couple,1,F&B Eatery/Snack and Nonalcoholic Beverage Bars,Public_transport,Car
41669,25,Young Adult,7563,Low,3_person,family_single,0,F&B Eatery/Full-Service Restaurants,Public_transport,Walking
4485,24,Young Adult,14440,Low,1_person,living_alone,0,F&B Eatery/Snack and Nonalcoholic Beverage Bars,Public_transport,Walking
11795,29,Young Adult,25310,Low,3_person,married_couple,1,F&B Eatery/Full-Service Restaurants,Walking,Public_transport
17369,78,Elderly,24783,Low,2_person,married_couple,1,F&B Eatery/Full-Service Restaurants,Car,Car
44036,28,Young Adult,19988,Low,3_person,married_couple,1,F&B Eatery/Snack and Nonalcoholic Beverage Bars,Car,Public_transport
24366,28,Young Adult,18982,Low,4_person,married_couple,1,F&B Eatery/Full-Service Restaurants,Car,Public_transport
22553,36,Adult,162070,Ultra High,2_person,nonfamily_single,1,F&B Eatery/Full-Service Restaurants,Car,Car
55201,50,Middle Age,0,Debt,2_person,married_couple,2,F&B Eatery/Full-Service Restaurants,Car,Car
7384,43,Middle Age,0,Debt,4_person,married_couple,2,F&B Eatery/Full-Service Restaurants,Public_transport,Car
63211,19,Young Adult,0,Debt,3_person,married_couple,1,F&B Eatery/Snack and Nonalcoholic Beverage Bars,Public_transport,Public_transport
57136,33,Adult,74264,High,1_person,living_alone,1,F&B Eatery/Snack and Nonalcoholic Beverage Bars,Walking,Car
13269,45,Middle Age,633512,Ultra High,1_person,living_alone,1,F&B Eatery/Limited-Service Restaurants,Car,Car
28677,28,Young Adult,25786,Low,4_person,nonfamily_single,2,F&B Eatery/Snack and Nonalcoholic Beverage Bars,Car,Car
9275,38,Adult,392667,Ultra High,1_person,living_alone,1,F&B Eatery/Full-Service Restaurants,Walking,Car
60066,35,Adult,47446,Moderate,5_person,nonfamily_single,0,F&B Eatery/Limited-Service Restaurants,Public_transport,Public_transport
33783,57,Senior,71921,High,3_person,married_couple,3_plus,F&B Eatery/Snack and Nonalcoholic Beverage Bars,Car,Public_transport
9460,47,Middle Age,36911,Moderate,1_person,living_alone,1,F&B Eatery/Full-Service Restaurants,Car,Walking
2462,50,Middle Age,227571,Ultra High,2_person,married_couple,2,F&B Eatery/Drinking Places,Car,Car
9968,70,Elderly,20204,Low,1_person,living_alone,1,F&B Eatery/Snack and Nonalcoholic Beverage Bars,Car,Car
49420,34,Adult,87673,High,2_person,married_couple,1,F&B Eatery/Full-Service Restaurants,Car,Car
57114,32,Adult,72607,High,1_person,living_alone,0,F&B Eatery/Snack and Nonalcoholic Beverage Bars,Public_transport,Walking
52732,25,Young Adult,69774,High,2_person,nonfamily_single,1,F&B Eatery/Full-Service Restaurants,Walking,Walking
45710,35,Adult,42937,Moderate,2_person,married_couple,1,F&B Eatery/Snack and Nonalcoholic Beverage Bars,Public_transport,Car
44476,63,Elderly,50565,Moderate,2_person,nonfamily_single,3_plus,F&B Eatery/Limited-Service Restaurants,Public_transport,Car
49223,25,Young Adult,0,Debt,1_person,living_alone,0,F&B Eatery/Full-Service Restaurants,Walking,Walking
42222,35,Adult,110105,Very High,3_person,family_single,2,F&B Eatery/Full-Service Restaurants,Walking,Walking
65642,29,Young Adult,179283,Ultra High,3_person,nonfamily_single,1,F&B Eatery/Limited-Service Restaurants,Public_transport,Walking
6509,56,Senior,82722,High,4_person,married_couple,1,F&B Eatery/Drinking Places,Public_transport,Car
51973,65,Elderly,0,Debt,4_person,married_couple,2,F&B Eatery/Full-Service Restaurants,Car,Car
20908,38,Adult,0,Debt,1_person,living_alone,0,F&B Eatery/Full-Service Restaurants,Public_transport,Walking
589,60,Senior,24239,Low,3_person,married_couple,1,F&B Eatery/Limited-Service Restaurants,Walking,Car
53743,35,Adult,41415,Moderate,4_person,married_couple,3_plus,F&B Eatery/Full-Service Restaurants,Car,Car
13136,53,Senior,0,Debt,2_person,married_couple,2,F&B Eatery/Snack and Nonalcoholic Beverage Bars,Car,Car
49317,89,Elderly,12965,Low,2_person,married_couple,1,F&B Eatery/Full-Service Restaurants,Car,Car
8848,44,Middle Age,85610,High,4_person,married_couple,2,F&B Eatery/Snack and Nonalcoholic Beverage Bars,Walking,Car
59993,30,Young Adult,63276,High,2_person,married_couple,1,F&B Eatery/Drinking Places,Car,Walking
65462,46,Middle Age,596906,Ultra High,2_person,married_couple,2,F&B Eatery/Full-Service Restaurants,Car,Car
37392,53,Senior,12881,Low,4_person,married_couple,1,F&B Eatery/Snack and Nonalcoholic Beverage Bars,Public_transport,Walking
63826,32,Adult,0,Debt,2_person,married_couple,1,F&B Eatery/Snack and Nonalcoholic Beverage Bars,Walking,Car
20142,63,Elderly,16207,Low,2_person,married_couple,1,F&B Eatery/Full-Service Restaurants,Walking,Car
39613,28,Young Adult,39298,Moderate,2_person,nonfamily_single,1,F&B Eatery/Full-Service Restaurants,Walking,Car
47111,57,Senior,104553,Very High,2_person,family_single,2,F&B Eatery/Special Food Services,Walking,Car
18412,37,Adult,9661,Low,5_person,married_couple,2,F&B Eatery/Limited-Service Restaurants,Public_transport,Car
43618,35,Adult,55103,Moderate,3_person,married_couple,1,F&B Eatery/Full-Service Restaurants,Public_transport,Car
41637,44,Middle Age,58003,Moderate,2_person,family_single,1,F&B Eatery/Full-Service Restaurants,Public_transport,Car
36885,33,Adult,74264,High,2_person,nonfamily_single,3_plus,F&B Eatery/Drinking Places,Car,Car
9424,51,Senior,39717,Moderate,7_plus_person,family_single,1,F&B Eatery/Full-Service Restaurants,Walking,Walking
5454,23,Young Adult,15457,Low,2_person,nonfamily_single,1,F&B Eatery/Snack and Nonalcoholic Beverage Bars,Walking,Walking
62390,36,Adult,66553,High,2_person,married_couple,1,F&B Eatery/Drinking Places,Car,Car
34217,26,Young Adult,46158,Moderate,5_person,married_couple,2,F&B Eatery/Full-Service Restaurants,Car,Car
6837,22,Young Adult,0,Debt,4_person,nonfamily_single,0,F&B Eatery/Limited-Service Restaurants,Walking,Walking
48617,39,Adult,161623,Ultra High,4_person,married_couple,1,F&B Eatery/Full-Service Restaurants,Car,Public_transport
44222,40,Adult,20610,Low,1_person,living_alone,0,F&B Eatery/Drinking Places,Walking,Walking
29432,64,Elderly,64981,High,3_person,married_couple,2,F&B Eatery/Full-Service Restaurants,Car,Car
20288,25,Young Adult,62628,High,4_person,nonfamily_single,3_plus,F&B Eatery/Limited-Service Restaurants,Car,Walking
18816,66,Elderly,35209,Moderate,1_person,living_alone,1,F&B Eatery/Full-Service Restaurants,Car,Car
63968,35,Adult,0,Debt,3_person,married_couple,1,F&B Eatery/Snack and Nonalcoholic Beverage Bars,Car,Car
26212,19,Young Adult,0,Debt,2_person,family_single,0,F&B Eatery/Full-Service Restaurants,Walking,Walking
21031,77,Elderly,12881,Low,2_person,family_single,1,F&B Eatery/Full-Service Restaurants,Public_transport,Car
57621,80,Elderly,31314,Moderate,3_person,married_couple,2,F&B Eatery/Full-Service Restaurants,Public_transport,Car
54710,27,Young Adult,64406,High,3_person,nonfamily_single,3_plus,F&B Eatery/Snack and Nonalcoholic Beverage Bars,Walking,Car
50048,27,Young Adult,0,Debt,2_person,nonfamily_single,0,F&B Eatery/Snack and Nonalcoholic Beverage Bars,Public_transport,Walking
42571,76,Elderly,16998,Low,1_person,living_alone,1,F&B Eatery/Drinking Places,Car,Car
56152,27,Young Adult,65659,High,2_person,married_couple,2,F&B Eatery/Full-Service Restaurants,Car,Walking
1587,59,Senior,21468,Low,1_person,living_alone,1,F&B Eatery/Special Food Services,Public_transport,Car
39454,32,Adult,85423,High,2_person,nonfamily_single,1,F&B Eatery/Full-Service Restaurants,Car,Car
46326,28,Young Adult,32414,Moderate,3_person,nonfamily_single,0,F&B Eatery/Full-Service Restaurants,Walking,Walking
62684,42,Middle Age,48305,Moderate,3_person,family_single,1,F&B Eatery/Limited-Service Restaurants,Public_transport,Car
18103,37,Adult,115610,Very High,2_person,married_couple,1,F&B Eatery/Limited-Service Restaurants,Public_transport,Car
22484,79,Elderly,276779,Ultra High,1_person,living_alone,1,F&B Eatery/Full-Service Restaurants,Car,Car
31417,28,Young Adult,60608,High,2_person,nonfamily_single,0,F&B Eatery/Snack and Nonalcoholic Beverage Bars,Walking,Walking
52958,46,Middle Age,32692,Moderate,1_person,living_alone,1,F&B Eatery/Snack and Nonalcoholic Beverage Bars,Car,Walking
41574,26,Young Adult,37981,Moderate,3_person,married_couple,0,F&B Eatery/Full-Service Restaurants,Public_transport,Walking
51656,62,Elderly,103145,Very High,2_person,married_couple,2,F&B Eatery/Snack and Nonalcoholic Beverage Bars,Public_transport,Car
29277,69,Elderly,8485,Low,5_person,family_single,1,F&B Eatery/Snack and Nonalcoholic Beverage Bars,Car,Car
3961,47,Middle Age,28231,Low,2_person,married_couple,2,F&B Eatery/Drinking Places,Public_transport,Car
41691,35,Adult,31638,Moderate,2_person,nonfamily_single,0,F&B Eatery/Full-Service Restaurants,Public_transport,Walking
56188,34,Adult,58792,Moderate,1_person,living_alone,0,F&B Eatery/Snack and Nonalcoholic Beverage Bars,Public_transport,Walking
30140,57,Senior,50588,Moderate,5_person,married_couple,3_plus,F&B Eatery/Full-Service Restaurants,Walking,Car
29631,32,Adult,62041,High,2_person,married_couple,0,F&B Eatery/Full-Service Restaurants,Walking,Public_transport
6078,26,Young Adult,32414,Moderate,3_person,nonfamily_single,0,F&B Eatery/Full-Service Restaurants,Walking,Walking
30663,79,Elderly,30221,Moderate,1_person,living_alone,1,F&B Eatery/Drinking Places,Car,Car
50042,27,Young Adult,42289,Moderate,4_person,nonfamily_single,0,F&B Eatery/Full-Service Restaurants,Walking,Walking
10956,72,Elderly,32181,Moderate,2_person,nonfamily_single,1,F&B Eatery/Full-Service Restaurants,Walking,Car
34393,19,Young Adult,0,Debt,2_person,nonfamily_single,0,F&B Eatery/Limited-Service Restaurants,Walking,Walking
4006,72,Elderly,81619,High,1_person,living_alone,1,F&B Eatery/Full-Service Restaurants,Car,Car
37707,37,Adult,0,Debt,6_person,married_couple,0,F&B Eatery/Full-Service Restaurants,Public_transport,Walking
65320,41,Middle Age,16316,Low,3_person,family_single,1,F&B Eatery/Full-Service Restaurants,Public_transport,Car
18395,71,Elderly,0,Debt,3_person,married_couple,3_plus,F&B Eatery/Full-Service Restaurants,Car,Car
5898,68,Elderly,64775,High,1_person,living_alone,1,F&B Eatery/Snack and Nonalcoholic Beverage Bars,Public_transport,Car
47133,66,Elderly,43011,Moderate,2_person,married_couple,1,F&B Eatery/Full-Service Restaurants,Public_transport,Car
2866,26,Young Adult,595338,Ultra High,3_person,nonfamily_single,0,F&B Eatery/Full-Service Restaurants,Public_transport,Walking
14011,27,Young Adult,108155,Very High,2_person,nonfamily_single,2,F&B Eatery/Snack and Nonalcoholic Beverage Bars,Car,Car
65448,70,Elderly,15758,Low,2_person,married_couple,0,F&B Eatery/Full-Service Restaurants,Car,Public_transport
64517,45,Middle Age,0,Debt,7_plus_person,married_couple,1,F&B Eatery/Full-Service Restaurants,Car,Public_transport
30209,23,Young Adult,7382,Low,1_person,living_alone,0,F&B Eatery/Full-Service Restaurants,Public_transport,Walking
60143,29,Young Adult,92805,Very High,1_person,living_alone,1,F&B Eatery/Full-Service Restaurants,Walking,Car
30266,83,Elderly,7171,Low,2_person,married_couple,1,F&B Eatery/Snack and Nonalcoholic Beverage Bars,Car,Car
16968,44,Middle Age,11885,Low,2_person,married_couple,0,F&B Eatery/Limited-Service Restaurants,Public_transport,Public_transport
11460,73,Elderly,11593,Low,2_person,married_couple,0,F&B Eatery/Limited-Service Restaurants,Walking,Public_transport
20316,19,Young Adult,15471,Low,5_person,married_couple,2,F&B Eatery/Full-Service Restaurants,Car,Public_transport
45925,40,Adult,51675,Moderate,4_person,married_couple,2,F&B Eatery/Full-Service Restaurants,Public_transport,Public_transport
34028,66,Elderly,14337,Low,1_person,living_alone,3_plus,F&B Eatery/Full-Service Restaurants,Car,Car
20922,32,Adult,639500,Ultra High,3_person,nonfamily_single,1,F&B Eatery/Full-Service Restaurants,Public_transport,Car
47159,57,Senior,50344,Moderate,3_person,married_couple,3_plus,F&B Eatery/Snack and Nonalcoholic Beverage Bars,Car,Public_transport
33078,73,Elderly,190537,Ultra High,1_person,living_alone,0,F&B Eatery/Snack and Nonalcoholic Beverage Bars,Public_transport,Public_transport
34484,78,Elderly,33926,Moderate,2_person,married_couple,0,F&B Eatery/Snack and Nonalcoholic Beverage Bars,Walking,Public_transport
60652,86,Elderly,27876,Low,3_person,family_single,1,F&B Eatery/Full-Service Restaurants,Car,Car
55161,66,Elderly,346782,Ultra High,2_person,married_couple,1,F&B Eatery/Drinking Places,Car,Car
34820,27,Young Adult,107344,Very High,1_person,living_alone,1,F&B Eatery/Drinking Places,Walking,Car
20671,33,Adult,70710,High,3_person,married_couple,0,F&B Eatery/Full-Service Restaurants,Public_transport,Public_transport
4668,48,Middle Age,105460,Very High,2_person,nonfamily_single,2,F&B Eatery/Full-Service Restaurants,Walking,Car
4298,71,Elderly,10909,Low,1_person,living_alone,0,F&B Eatery/Snack and Nonalcoholic Beverage Bars,Public_transport,Walking
55798,24,Young Adult,54023,Moderate,3_person,nonfamily_single,3_plus,F&B Eatery/Full-Service Restaurants,Car,Car
3783,46,Middle Age,23233,Low,2_person,married_couple,0,F&B Eatery/Full-Service Restaurants,Car,Public_transport
33776,68,Elderly,40405,Moderate,7_plus_person,family_single,1,F&B Eatery/Full-Service Restaurants,Car,Car
7347,32,Adult,7514,Low,3_person,family_single,0,F&B Eatery/Full-Service Restaurants,Walking,Public_transport
53592,20,Young Adult,7406,Low,2_person,family_single,1,F&B Eatery/Full-Service Restaurants,Walking,Walking
10377,52,Senior,107344,Very High,4_person,married_couple,1,F&B Eatery/Full-Service Restaurants,Public_transport,Car
56561,32,Adult,3713,Low,3_person,married_couple,1,F&B Eatery/Full-Service Restaurants,Walking,Walking
60967,37,Adult,8158,Low,1_person,living_alone,2,F&B Eatery/Limited-Service Restaurants,Walking,Public_transport
64593,69,Elderly,0,Debt,4_person,family_single,2,F&B Eatery/Limited-Service Restaurants,Public_transport,Car
57535,29,Young Adult,108047,Very High,2_person,nonfamily_single,1,F&B Eatery/Limited-Service Restaurants,Car,Car
9878,20,Young Adult,0,Debt,3_person,married_couple,1,F&B Eatery/Drinking Places,Car,Public_transport
45927,78,Elderly,20505,Low,2_person,nonfamily_single,2,F&B Eatery/Snack and Nonalcoholic Beverage Bars,Car,Car
2773,30,Young Adult,111788,Very High,2_person,married_couple,1,F&B Eatery/Snack and Nonalcoholic Beverage Bars,Public_transport,Walking
13026,36,Adult,319750,Ultra High,3_person,family_single,1,F&B Eatery/Drinking Places,Car,Car
53211,51,Senior,216171,Ultra High,4_person,married_couple,1,F&B Eatery/Limited-Service Restaurants,Public_transport,Car
12948,27,Young Adult,0,Debt,2_person,nonfamily_single,0,F&B Eatery/Limited-Service Restaurants,Public_transport,Walking
25105,34,Adult,74067,High,6_person,family_single,0,F&B Eatery/Full-Service Restaurants,Public_transport,Public_transport
49242,63,Elderly,0,Debt,3_person,married_couple,3_plus,F&B Eatery/Limited-Service Restaurants,Walking,Car
1987,81,Elderly,32526,Moderate,4_person,family_single,3_plus,F&B Eatery/Full-Service Restaurants,Car,Car
63846,39,Adult,165032,Ultra High,1_person,living_alone,1,F&B Eatery/Limited-Service Restaurants,Car,Car
58670,35,Adult,68480,High,1_person,living_alone,0,F&B Eatery/Snack and Nonalcoholic Beverage Bars,Public_transport,Walking
56683,33,Adult,18982,Low,1_person,living_alone,0,F&B Eatery/Full-Service Restaurants,Public_transport,Walking
40047,27,Young Adult,0,Debt,2_person,married_couple,0,F&B Eatery/Drinking Places,Public_transport,Walking
29546,43,Middle Age,44293,Moderate,4_person,family_single,1,F&B Eatery/Full-Service Restaurants,Car,Car
35440,75,Elderly,4848,Low,3_person,married_couple,1,F&B Eatery/Snack and Nonalcoholic Beverage Bars,Car,Car
59461,31,Adult,83196,High,2_person,married_couple,2,F&B Eatery/Limited-Service Restaurants,Car,Car
16260,28,Young Adult,132465,Ultra High,2_person,married_couple,1,F&B Eatery/Full-Service Restaurants,Walking,Walking
60281,52,Senior,106065,Very High,2_person,married_couple,1,F&B Eatery/Snack and Nonalcoholic Beverage Bars,Car,Car
25464,24,Young Adult,0,Debt,4_person,nonfamily_single,1,F&B Eatery/Snack and Nonalcoholic Beverage Bars,Public_transport,Walking
9175,18,Teen,0,Debt,3_person,family_single,1,F&B Eatery/Full-Service Restaurants,Walking,Walking
31508,43,Middle Age,0,Debt,5_person,family_single,0,F&B Eatery/Snack and Nonalcoholic Beverage Bars,Walking,Walking
23576,22,Young Adult,0,Debt,2_person,nonfamily_single,1,F&B Eatery/Full-Service Restaurants,Walking,Walking
25901,30,Young Adult,101014,Very High,2_person,nonfamily_single,1,F&B Eatery/Snack and Nonalcoholic Beverage Bars,Car,Car
50126,28,Young Adult,60608,High,2_person,nonfamily_single,1,F&B Eatery/Snack and Nonalcoholic Beverage Bars,Car,Walking
54195,46,Middle Age,60608,High,2_person,married_couple,2,F&B Eatery/Limited-Service Restaurants,Walking,Car
19309,28,Young Adult,42289,Moderate,4_person,family_single,2,F&B Eatery/Full-Service Restaurants,Car,Public_transport
249,51,Senior,0,Debt,3_person,married_couple,2,F&B Eatery/Full-Service Restaurants,Car,Car
40953,31,Adult,21617,Low,3_person,family_single,1,F&B Eatery/Limited-Service Restaurants,Walking,Car
27790,40,Adult,10804,Low,2_person,nonfamily_single,0,F&B Eatery/Full-Service Restaurants,Public_transport,Walking
38652,30,Young Adult,26611,Low,6_person,married_couple,2,F&B Eatery/Full-Service Restaurants,Public_transport,Car
51493,49,Middle Age,20629,Low,2_person,married_couple,1,F&B Eatery/Limited-Service Restaurants,Car,Car
45939,77,Elderly,22124,Low,2_person,family_single,2,F&B Eatery/Full-Service Restaurants,Public_transport,Car
28128,46,Middle Age,37274,Moderate,1_person,living_alone,1,F&B Eatery/Limited-Service Restaurants,Car,Walking
34812,77,Elderly,209611,Ultra High,3_person,married_couple,2,F&B Eatery/Drinking Places,Car,Car
6589,26,Young Adult,0,Debt,7_plus_person,nonfamily_single,1,F&B Eatery/Snack and Nonalcoholic Beverage Bars,Car,Walking
13780,21,Young Adult,0,Debt,3_person,nonfamily_single,0,F&B Eatery/Snack and Nonalcoholic Beverage Bars,Public_transport,Walking
11989,26,Young Adult,19907,Low,3_person,family_single,1,F&B Eatery/Full-Service Restaurants,Public_transport,Walking
627,33,Adult,6854,Low,3_person,married_couple,3_plus,F&B Eatery/Limited-Service Restaurants,Walking,Car
62641,33,Adult,40075,Moderate,5_person,family_single,2,F&B Eatery/Full-Service Restaurants,Public_transport,Car
29523,64,Elderly,27011,Low,2_person,married_couple,2,F&B Eatery/Limited-Service Restaurants,Public_transport,Car
46040,63,Elderly,30943,Moderate,1_person,living_alone,0,F&B Eatery/Limited-Service Restaurants,Public_transport,Public_transport
28820,85,Elderly,10108,Low,2_person,family_single,0,F&B Eatery/Snack and Nonalcoholic Beverage Bars,Walking,Walking
23929,38,Adult,60608,High,3_person,married_couple,3_plus,F&B Eatery/Limited-Service Restaurants,Public_transport,Car
64919,55,Senior,128,Low,1_person,living_alone,0,F&B Eatery/Full-Service Restaurants,Public_transport,Public_transport
4765,59,Senior,353164,Ultra High,2_person,married_couple,1,F&B Eatery/Full-Service Restaurants,Public_transport,Car
26177,33,Adult,155955,Ultra High,4_person,married_couple,1,F&B Eatery/Full-Service Restaurants,Walking,Public_transport
52824,27,Young Adult,37570,Moderate,5_person,nonfamily_single,0,F&B Eatery/Full-Service Restaurants,Car,Public_transport
65936,26,Young Adult,38896,Moderate,3_person,married_couple,1,F&B Eatery/Snack and Nonalcoholic Beverage Bars,Walking,Car
49280,70,Elderly,6666,Low,7_plus_person,married_couple,1,F&B Eatery/Drinking Places,Car,Car
6511,38,Adult,19322,Low,5_person,family_single,1,F&B Eatery/Full-Service Restaurants,Public_transport,Car
2230,76,Elderly,45242,Moderate,2_person,family_single,1,F&B Eatery/Limited-Service Restaurants,Car,Car
59055,33,Adult,129298,Ultra High,1_person,living_alone,0,F&B Eatery/Limited-Service Restaurants,Walking,Walking
20566,21,Young Adult,0,Debt,4_person,nonfamily_single,1,F&B Eatery/Full-Service Restaurants,Public_transport,Walking
56451,33,Adult,22971,Low,4_person,family_single,0,F&B Eatery/Snack and Nonalcoholic Beverage Bars,Walking,Walking
46550,83,Elderly,485879,Ultra High,2_person,married_couple,1,F&B Eatery/Full-Service Restaurants,Car,Car
12427,75,Elderly,2626,Low,6_person,married_couple,3_plus,F&B Eatery/Full-Service Restaurants,Car,Car
39763,56,Senior,102644,Very High,1_person,living_alone,0,F&B Eatery/Full-Service Restaurants,Car,Public_transport
63629,83,Elderly,14748,Low,3_person,family_single,0,F&B Eatery/Snack and Nonalcoholic Beverage Bars,Public_transport,Walking
18782,48,Middle Age,21468,Low,3_person,family_single,3_plus,F&B Eatery/Full-Service Restaurants,Walking,Car
32726,25,Young Adult,0,Debt,1_person,living_alone,0,F&B Eatery/Limited-Service Restaurants,Walking,Walking
6305,31,Adult,83031,High,1_person,living_alone,1,F&B Eatery/Snack and Nonalcoholic Beverage Bars,Walking,Car
13998,30,Young Adult,16207,Low,5_person,married_couple,2,F&B Eatery/Limited-Service Restaurants,Walking,Public_transport
15641,24,Young Adult,12377,Low,2_person,nonfamily_single,1,F&B Eatery/Full-Service Restaurants,Walking,Walking
32299,50,Middle Age,22728,Low,6_person,nonfamily_single,1,F&B Eatery/Full-Service Restaurants,Walking,Walking
63696,47,Middle Age,91799,Very High,2_person,married_couple,2,F&B Eatery/Full-Service Restaurants,Car,Walking
12392,73,Elderly,10804,Low,1_person,living_alone,0,F&B Eatery/Drinking Places,Walking,Walking
17570,28,Young Adult,25786,Low,4_person,nonfamily_single,2,F&B Eatery/Drinking Places,Public_transport,Car
49422,40,Adult,81035,High,3_person,married_couple,2,F&B Eatery/Full-Service Restaurants,Car,Car
48240,38,Adult,75632,High,3_person,married_couple,1,F&B Eatery/Limited-Service Restaurants,Car,Car
10703,33,Adult,70338,High,5_person,married_couple,1,F&B Eatery/Full-Service Restaurants,Car,Public_transport
67104,38,Adult,42289,Moderate,2_person,married_couple,0,F&B Eatery/Drinking Places,Car,Public_transport
65956,57,Senior,4105,Low,2_person,family_single,0,F&B Eatery/Full-Service Restaurants,Walking,Public_transport
21698,32,Adult,68808,High,2_person,married_couple,0,F&B Eatery/Full-Service Restaurants,Walking,Public_transport
41988,31,Adult,40910,Moderate,7_plus_person,married_couple,1,F&B Eatery/Limited-Service Restaurants,Public_transport,Public_transport
4247,56,Senior,9596,Low,2_person,nonfamily_single,1,F&B Eatery/Limited-Service Restaurants,Car,Car
8002,26,Young Adult,30943,Moderate,1_person,living_alone,0,F&B Eatery/Snack and Nonalcoholic Beverage Bars,Walking,Walking
31954,21,Young Adult,2160,Low,3_person,nonfamily_single,0,F&B Eatery/Limited-Service Restaurants,Public_transport,Walking
44041,36,Adult,154717,Ultra High,2_person,married_couple,1,F&B Eatery/Full-Service Restaurants,Car,Car
32703,53,Senior,17827,Low,4_person,family_single,0,F&B Eatery/Full-Service Restaurants,Walking,Walking
41875,30,Young Adult,202029,Ultra High,2_person,married_couple,0,F&B Eatery/Snack and Nonalcoholic Beverage Bars,Walking,Walking
9497,60,Senior,39977,Moderate,3_person,nonfamily_single,2,F&B Eatery/Limited-Service Restaurants,Car,Car
50248,20,Young Adult,0,Debt,1_person,living_alone,1,F&B Eatery/Snack and Nonalcoholic Beverage Bars,Car,Walking
11241,68,Elderly,8889,Low,7_plus_person,nonfamily_single,0,F&B Eatery/Full-Service Restaurants,Public_transport,Public_transport
31349,28,Young Adult,77781,High,2_person,married_couple,2,F&B Eatery/Drinking Places,Walking,Walking
55805,31,Adult,31638,Moderate,1_person,living_alone,3_plus,F&B Eatery/Full-Service Restaurants,Public_transport,Car
27543,28,Young Adult,633360,Ultra High,3_person,married_couple,2,F&B Eatery/Snack and Nonalcoholic Beverage Bars,Walking,Car
1273,70,Elderly,6060,Low,2_person,married_couple,0,F&B Eatery/Limited-Service Restaurants,Public_transport,Public_transport
5698,40,Adult,0,Debt,5_person,married_couple,1,F&B Eatery/Drinking Places,Car,Car
31521,36,Adult,145863,Ultra High,3_person,family_single,1,F&B Eatery/Snack and Nonalcoholic Beverage Bars,Public_transport,Car
40446,68,Elderly,40405,Moderate,7_plus_person,family_single,1,F&B Eatery/Full-Service Restaurants,Car,Car
57880,55,Senior,10071,Low,2_person,nonfamily_single,0,F&B Eatery/Full-Service Restaurants,Car,Public_transport
10988,40,Adult,27443,Low,3_person,married_couple,1,F&B Eatery/Full-Service Restaurants,Car,Walking
55949,62,Elderly,8889,Low,7_plus_person,nonfamily_single,0,F&B Eatery/Snack and Nonalcoholic Beverage Bars,Walking,Public_transport
42358,35,Adult,28308,Low,2_person,nonfamily_single,0,F&B Eatery/Full-Service Restaurants,Public_transport,Walking
22999,70,Elderly,1620,Low,3_person,family_single,1,F&B Eatery/Snack and Nonalcoholic Beverage Bars,Public_transport,Car
3358,24,Young Adult,0,Debt,6_person,married_couple,0,F&B Eatery/Full-Service Restaurants,Public_transport,Walking
56907,67,Elderly,50507,Moderate,1_person,living_alone,1,F&B Eatery/Drinking Places,Car,Car
16567,26,Young Adult,61887,High,2_person,nonfamily_single,1,F&B Eatery/Limited-Service Restaurants,Walking,Walking
66996,34,Adult,158296,Ultra High,4_person,married_couple,1,F&B Eatery/Limited-Service Restaurants,Walking,Public_transport
61576,18,Teen,0,Debt,4_person,family_single,0,F&B Eatery/Full-Service Restaurants,Walking,Walking
58266,36,Adult,57174,Moderate,2_person,nonfamily_single,2,F&B Eatery/Snack and Nonalcoholic Beverage Bars,Walking,Car
63536,59,Senior,9069,Low,2_person,nonfamily_single,1,F&B Eatery/Full-Service Restaurants,Car,Car
64532,39,Adult,72201,High,2_person,married_couple,2,F&B Eatery/Drinking Places,Car,Car
48003,50,Middle Age,9446,Low,5_person,family_single,0,F&B Eatery/Snack and Nonalcoholic Beverage Bars,Public_transport,Public_transport
39281,61,Elderly,8889,Low,7_plus_person,nonfamily_single,0,F&B Eatery/Full-Service Restaurants,Car,Public_transport
48847,29,Young Adult,12626,Low,3_person,family_single,0,F&B Eatery/Full-Service Restaurants,Walking,Walking
4567,46,Middle Age,205059,Ultra High,4_person,married_couple,1,F&B Eatery/Snack and Nonalcoholic Beverage Bars,Car,Car
13255,23,Young Adult,10,Low,3_person,married_couple,2,F&B Eatery/Limited-Service Restaurants,Public_transport,Public_transport
55755,25,Young Adult,4641,Low,3_person,married_couple,3_plus,F&B Eatery/Snack and Nonalcoholic Beverage Bars,Public_transport,Public_transport
59838,82,Elderly,17172,Low,2_person,married_couple,1,F&B Eatery/Full-Service Restaurants,Car,Car
10848,70,Elderly,8909,Low,2_person,married_couple,1,F&B Eatery/Full-Service Restaurants,Public_transport,Car
32551,52,Senior,150282,Ultra High,3_person,married_couple,1,F&B Eatery/Drinking Places,Car,Car
52015,28,Young Adult,25253,Low,4_person,nonfamily_single,0,F&B Eatery/Full-Service Restaurants,Public_transport,Walking
64391,51,Senior,73822,High,4_person,married_couple,1,F&B Eatery/Snack and Nonalcoholic Beverage Bars,Car,Car
1961,24,Young Adult,81821,High,5_person,nonfamily_single,2,F&B Eatery/Full-Service Restaurants,Walking,Car
4992,40,Adult,80508,High,2_person,family_single,0,F&B Eatery/Full-Service Restaurants,Public_transport,Walking
4891,28,Young Adult,133196,Ultra High,2_person,married_couple,1,F&B Eatery/Drinking Places,Public_transport,Walking
14330,38,Adult,46460,Moderate,4_person,family_single,1,F&B Eatery/Snack and Nonalcoholic Beverage Bars,Car,Public_transport
30391,61,Elderly,181826,Ultra High,2_person,married_couple,2,F&B Eatery/Limited-Service Restaurants,Car,Car
24423,21,Young Adult,6327,Low,6_person,nonfamily_single,0,F&B Eatery/Limited-Service Restaurants,Walking,Walking
55021,45,Middle Age,322034,Ultra High,4_person,married_couple,2,F&B Eatery/Full-Service Restaurants,Walking,Car
25954,52,Senior,106271,Very High,1_person,living_alone,1,F&B Eatery/Full-Service Restaurants,Walking,Car
30971,26,Young Adult,3232,Low,3_person,nonfamily_single,1,F&B Eatery/Snack and Nonalcoholic Beverage Bars,Public_transport,Walking
66903,39,Adult,84368,High,2_person,nonfamily_single,1,F&B Eatery/Drinking Places,Public_transport,Car
6226,30,Young Adult,49378,Moderate,2_person,married_couple,1,F&B Eatery/Full-Service Restaurants,Walking,Car
64985,57,Senior,48621,Moderate,4_person,married_couple,2,F&B Eatery/Full-Service Restaurants,Car,Car
27323,59,Senior,0,Debt,1_person,living_alone,1,F&B Eatery/Full-Service Restaurants,Car,Car
38134,71,Elderly,145864,Ultra High,1_person,living_alone,1,F&B Eatery/Limited-Service Restaurants,Public_transport,Car
34019,20,Young Adult,0,Debt,3_person,nonfamily_single,0,F&B Eatery/Full-Service Restaurants,Walking,Walking
35944,21,Young Adult,0,Debt,1_person,living_alone,0,F&B Eatery/Full-Service Restaurants,Public_transport,Walking
29648,55,Senior,290921,Ultra High,1_person,living_alone,1,F&B Eatery/Full-Service Restaurants,Walking,Car
3359,53,Senior,8858,Low,2_person,married_couple,1,F&B Eatery/Full-Service Restaurants,Car,Car
56889,33,Adult,49377,Moderate,2_person,family_single,0,F&B Eatery/Full-Service Restaurants,Public_transport,Walking
307,25,Young Adult,0,Debt,3_person,married_couple,0,F&B Eatery/Full-Service Restaurants,Walking,Walking
29964,41,Middle Age,8384,Low,7_plus_person,family_single,1,F&B Eatery/Full-Service Restaurants,Public_transport,Walking
51257,71,Elderly,11807,Low,1_person,living_alone,1,F&B Eatery/Full-Service Restaurants,Car,Car
11939,83,Elderly,22041,Low,1_person,living_alone,0,F&B Eatery/Snack and Nonalcoholic Beverage Bars,Public_transport,Walking
55472,36,Adult,122742,Ultra High,4_person,married_couple,1,F&B Eatery/Snack and Nonalcoholic Beverage Bars,Walking,Public_transport
60633,29,Young Adult,47457,Moderate,2_person,family_single,1,F&B Eatery/Full-Service Restaurants,Public_transport,Car
63885,31,Adult,52730,Moderate,4_person,married_couple,1,F&B Eatery/Full-Service Restaurants,Car,Public_transport
32323,26,Young Adult,101014,Very High,4_person,nonfamily_single,0,F&B Eatery/Full-Service Restaurants,Public_transport,Walking
56563,63,Elderly,293952,Ultra High,3_person,married_couple,3_plus,F&B Eatery/Limited-Service Restaurants,Public_transport,Car
56690,94,Elderly,1620,Low,2_person,married_couple,0,F&B Eatery/Full-Service Restaurants,Public_transport,Public_transport
12580,32,Adult,21660,Low,2_person,family_single,2,F&B Eatery/Full-Service Restaurants,Walking,Car
11382,30,Young Adult,127278,Ultra High,2_person,nonfamily_single,1,F&B Eatery/Full-Service Restaurants,Car,Walking
9765,29,Young Adult,170189,Ultra High,1_person,living_alone,0,F&B Eatery/Drinking Places,Walking,Walking
44993,54,Senior,77288,High,3_person,married_couple,1,F&B Eatery/Full-Service Restaurants,Walking,Car
1051,36,Adult,597012,Ultra High,3_person,married_couple,1,F&B Eatery/Full-Service Restaurants,Public_transport,Car
66189,58,Senior,73471,High,3_person,married_couple,2,F&B Eatery/Limited-Service Restaurants,Car,Car
14519,22,Young Adult,3691,Low,6_person,nonfamily_single,0,F&B Eatery/Snack and Nonalcoholic Beverage Bars,Walking,Walking
11410,38,Adult,404095,Ultra High,1_person,living_alone,1,F&B Eatery/Snack and Nonalcoholic Beverage Bars,Public_transport,Car
9221,30,Young Adult,105198,Very High,2_person,nonfamily_single,1,F&B Eatery/Limited-Service Restaurants,Public_transport,Car
57616,70,Elderly,106093,Very High,2_person,married_couple,1,F&B Eatery/Limited-Service Restaurants,Car,Car
10234,33,Adult,17175,Low,2_person,nonfamily_single,0,F&B Eatery/Drinking Places,Public_transport,Walking
37531,29,Young Adult,0,Debt,2_person,nonfamily_single,0,F&B Eatery/Full-Service Restaurants,Walking,Walking
41830,84,Elderly,9491,Low,2_person,married_couple,1,F&B Eatery/Snack and Nonalcoholic Beverage Bars,Car,Car
34642,63,Elderly,0,Debt,5_person,married_couple,1,F&B Eatery/Snack and Nonalcoholic Beverage Bars,Walking,Car
45159,25,Young Adult,47457,Moderate,3_person,nonfamily_single,1,F&B Eatery/Snack and Nonalcoholic Beverage Bars,Car,Car
25662,33,Adult,105305,Very High,4_person,married_couple,1,F&B Eatery/Special Food Services,Public_transport,Car
58817,33,Adult,290016,Ultra High,2_person,married_couple,2,F&B Eatery/Full-Service Restaurants,Car,Car
23666,25,Young Adult,0,Debt,2_person,family_single,1,F&B Eatery/Limited-Service Restaurants,Public_transport,Walking
27796,29,Young Adult,90913,Very High,2_person,nonfamily_single,1,F&B Eatery/Snack and Nonalcoholic Beverage Bars,Public_transport,Car
58160,63,Elderly,22779,Low,2_person,married_couple,1,F&B Eatery/Full-Service Restaurants,Car,Car
64680,20,Young Adult,3220,Low,4_person,nonfamily_single,0,F&B Eatery/Limited-Service Restaurants,Walking,Walking
64180,43,Middle Age,123774,Ultra High,2_person,married_couple,1,F&B Eatery/Snack and Nonalcoholic Beverage Bars,Car,Car
13682,25,Young Adult,217910,Ultra High,3_person,nonfamily_single,1,F&B Eatery/Full-Service Restaurants,Car,Walking
20706,34,Adult,0,Debt,4_person,married_couple,1,F&B Eatery/Snack and Nonalcoholic Beverage Bars,Car,Car
42928,23,Young Adult,0,Debt,3_person,married_couple,0,F&B Eatery/Full-Service Restaurants,Public_transport,Walking
25832,66,Elderly,0,Debt,2_person,married_couple,1,F&B Eatery/Limited-Service Restaurants,Car,Car
38599,55,Senior,108047,Very High,2_person,married_couple,1,F&B Eatery/Snack and Nonalcoholic Beverage Bars,Car,Car
4917,60,Senior,51572,Moderate,4_person,married_couple,2,F&B Eatery/Snack and Nonalcoholic Beverage Bars,Public_transport,Car
25074,46,Middle Age,18050,Low,4_person,family_single,1,F&B Eatery/Full-Service Restaurants,Car,Car
191,29,Young Adult,61167,High,2_person,married_couple,1,F&B Eatery/Drinking Places,Walking,Walking
25068,28,Young Adult,98757,Very High,2_person,nonfamily_single,1,F&B Eatery/Full-Service Restaurants,Public_transport,Car
24484,26,Young Adult,0,Debt,2_person,married_couple,0,F&B Eatery/Full-Service Restaurants,Walking,Walking
45669,56,Senior,91243,Very High,2_person,family_single,2,F&B Eatery/Full-Service Restaurants,Car,Car
13233,75,Elderly,7779,Low,3_person,married_couple,1,F&B Eatery/Snack and Nonalcoholic Beverage Bars,Car,Car
45397,65,Elderly,25992,Low,1_person,living_alone,0,F&B Eatery/Snack and Nonalcoholic Beverage Bars,Public_transport,Walking
37253,43,Middle Age,25253,Low,2_person,married_couple,1,F&B Eatery/Full-Service Restaurants,Car,Car
9783,21,Young Adult,8251,Low,4_person,nonfamily_single,0,F&B Eatery/Full-Service Restaurants,Walking,Walking
28054,43,Middle Age,25931,Low,3_person,family_single,1,F&B Eatery/Snack and Nonalcoholic Beverage Bars,Walking,Car
57767,47,Middle Age,0,Debt,6_person,nonfamily_single,3_plus,F&B Eatery/Limited-Service Restaurants,Public_transport,Car
3924,22,Young Adult,0,Debt,3_person,nonfamily_single,1,F&B Eatery/Limited-Service Restaurants,Car,Walking
9940,27,Young Adult,0,Debt,4_person,nonfamily_single,0,F&B Eatery/Snack and Nonalcoholic Beverage Bars,Walking,Walking
41692,30,Young Adult,84276,High,2_person,married_couple,1,F&B Eatery/Snack and Nonalcoholic Beverage Bars,Walking,Walking
59897,23,Young Adult,36100,Moderate,2_person,nonfamily_single,2,F&B Eatery/Full-Service Restaurants,Public_transport,Car
43423,32,Adult,16101,Low,3_person,family_single,2,F&B Eatery/Full-Service Restaurants,Walking,Car
50656,26,Young Adult,91923,Very High,3_person,nonfamily_single,1,F&B Eatery/Full-Service Restaurants,Public_transport,Car
22800,45,Middle Age,2593,Low,3_person,married_couple,1,F&B Eatery/Snack and Nonalcoholic Beverage Bars,Car,Car
47966,63,Elderly,12965,Low,2_person,family_single,3_plus,F&B Eatery/Limited-Service Restaurants,Public_transport,Car
57002,52,Senior,0,Debt,4_person,married_couple,1,F&B Eatery/Limited-Service Restaurants,Car,Car
60006,32,Adult,43436,Moderate,2_person,married_couple,1,F&B Eatery/Snack and Nonalcoholic Beverage Bars,Public_transport,Car
28810,27,Young Adult,0,Debt,2_person,family_single,1,F&B Eatery/Full-Service Restaurants,Public_transport,Walking
58226,41,Middle Age,32738,Moderate,2_person,nonfamily_single,1,F&B Eatery/Snack and Nonalcoholic Beverage Bars,Car,Walking
16061,25,Young Adult,51572,Moderate,2_person,nonfamily_single,1,F&B Eatery/Snack and Nonalcoholic Beverage Bars,Car,Car
52265,37,Adult,89736,High,5_person,married_couple,3_plus,F&B Eatery/Full-Service Restaurants,Public_transport,Car
36071,34,Adult,166063,Ultra High,3_person,married_couple,2,F&B Eatery/Full-Service Restaurants,Car,Car
30826,44,Middle Age,72201,High,4_person,married_couple,1,F&B Eatery/Snack and Nonalcoholic Beverage Bars,Car,Car
25920,25,Young Adult,0,Debt,4_person,nonfamily_single,0,F&B Eatery/Full-Service Restaurants,Walking,Walking
29963,23,Young Adult,42138,Moderate,2_person,nonfamily_single,0,F&B Eatery/Full-Service Restaurants,Car,Walking
15549,78,Elderly,11236,Low,1_person,living_alone,0,F&B Eatery/Full-Service Restaurants,Walking,Walking
18074,38,Adult,213030,Ultra High,2_person,married_couple,1,F&B Eatery/Full-Service Restaurants,Walking,Car
57415,34,Adult,30943,Moderate,6_person,married_couple,2,F&B Eatery/Snack and Nonalcoholic Beverage Bars,Car,Car
27527,32,Adult,91839,Very High,3_person,married_couple,1,F&B Eatery/Limited-Service Restaurants,Walking,Car
54200,25,Young Adult,39717,Moderate,3_person,nonfamily_single,0,F&B Eatery/Full-Service Restaurants,Public_transport,Walking
13304,21,Young Adult,0,Debt,5_person,married_couple,2,F&B Eatery/Limited-Service Restaurants,Public_transport,Car
62691,31,Adult,136369,Ultra High,2_person,married_couple,2,F&B Eatery/Snack and Nonalcoholic Beverage Bars,Walking,Car
19692,24,Young Adult,68534,High,3_person,nonfamily_single,2,F&B Eatery/Full-Service Restaurants,Public_transport,Walking
17888,35,Adult,2576,Low,3_person,family_single,1,F&B Eatery/Full-Service Restaurants,Public_transport,Car
34574,86,Elderly,19299,Low,2_person,family_single,0,F&B Eatery/Snack and Nonalcoholic Beverage Bars,Car,Walking
36639,30,Young Adult,0,Debt,4_person,married_couple,1,F&B Eatery/Full-Service Restaurants,Car,Car
25864,26,Young Adult,76771,High,2_person,nonfamily_single,0,F&B Eatery/Snack and Nonalcoholic Beverage Bars,Walking,Walking
3791,21,Young Adult,0,Debt,4_person,nonfamily_single,0,F&B Eatery/Snack and Nonalcoholic Beverage Bars,Walking,Walking
13409,42,Middle Age,49819,Moderate,4_person,married_couple,2,F&B Eatery/Full-Service Restaurants,Public_transport,Car
46922,59,Senior,80150,High,3_person,family_single,1,F&B Eatery/Full-Service Restaurants,Car,Car
35554,85,Elderly,855538,Ultra High,2_person,married_couple,2,F&B Eatery/Full-Service Restaurants,Car,Car
9259,33,Adult,129298,Ultra High,1_person,living_alone,0,F&B Eatery/Full-Service Restaurants,Walking,Walking
63213,32,Adult,42937,Moderate,1_person,living_alone,1,F&B Eatery/Full-Service Restaurants,Walking,Car
34485,23,Young Adult,7909,Low,4_person,nonfamily_single,2,F&B Eatery/Full-Service Restaurants,Walking,Car
35464,21,Young Adult,3300,Low,2_person,family_single,0,F&B Eatery/Limited-Service Restaurants,Public_transport,Walking
31027,32,Adult,246893,Ultra High,2_person,married_couple,1,F&B Eatery/Limited-Service Restaurants,Public_transport,Car
1848,52,Senior,0,Debt,5_person,married_couple,1,F&B Eatery/Full-Service Restaurants,Public_transport,Car
53664,82,Elderly,11345,Low,3_person,married_couple,1,F&B Eatery/Full-Service Restaurants,Car,Car
56221,50,Middle Age,20835,Low,7_plus_person,married_couple,3_plus,F&B Eatery/Full-Service Restaurants,Car,Car
43391,36,Adult,73471,High,2_person,nonfamily_single,1,F&B Eatery/Full-Service Restaurants,Public_transport,Car
62973,65,Elderly,8889,Low,7_plus_person,nonfamily_single,0,F&B Eatery/Limited-Service Restaurants,Public_transport,Public_transport
12852,56,Senior,0,Debt,7_plus_person,married_couple,3_plus,F&B Eatery/Full-Service Restaurants,Car,Car
39390,29,Young Adult,69774,High,2_person,nonfamily_single,1,F&B Eatery/Drinking Places,Walking,Walking
36203,40,Adult,12377,Low,2_person,nonfamily_single,1,F&B Eatery/Full-Service Restaurants,Car,Public_transport
63053,43,Middle Age,0,Debt,6_person,married_couple,2,F&B Eatery/Full-Service Restaurants,Walking,Car
31923,79,Elderly,8283,Low,3_person,married_couple,2,F&B Eatery/Full-Service Restaurants,Car,Car
29896,31,Adult,83235,High,2_person,married_couple,1,F&B Eatery/Full-Service Restaurants,Car,Car
16526,41,Middle Age,633360,Ultra High,3_person,family_single,0,F&B Eatery/Full-Service Restaurants,Walking,Walking
6771,28,Young Adult,151521,Ultra High,1_person,living_alone,1,F&B Eatery/Snack and Nonalcoholic Beverage Bars,Walking,Walking
64520,48,Middle Age,303043,Ultra High,6_person,married_couple,2,F&B Eatery/Full-Service Restaurants,Car,Car
27559,25,Young Adult,49269,Moderate,2_person,nonfamily_single,2,F&B Eatery/Full-Service Restaurants,Car,Car
39760,70,Elderly,20384,Low,2_person,nonfamily_single,1,F&B Eatery/Full-Service Restaurants,Car,Car
13878,77,Elderly,13333,Low,2_person,family_single,0,F&B Eatery/Full-Service Restaurants,Car,Walking
62713,56,Senior,9596,Low,2_person,nonfamily_single,1,F&B Eatery/Full-Service Restaurants,Walking,Car
47764,26,Young Adult,59039,Moderate,2_person,nonfamily_single,0,F&B Eatery/Limited-Service Restaurants,Walking,Walking
30676,28,Young Adult,46567,Moderate,3_person,nonfamily_single,0,F&B Eatery/Snack and Nonalcoholic Beverage Bars,Public_transport,Walking
29866,33,Adult,86491,High,3_person,married_couple,1,F&B Eatery/Full-Service Restaurants,Car,Car
63947,32,Adult,105460,Very High,2_person,nonfamily_single,1,F&B Eatery/Limited-Service Restaurants,Walking,Car
44369,50,Middle Age,56948,Moderate,3_person,family_single,1,F&B Eatery/Snack and Nonalcoholic Beverage Bars,Walking,Car
33885,26,Young Adult,0,Debt,7_plus_person,family_single,1,F&B Eatery/Full-Service Restaurants,Public_transport,Walking
30957,19,Young Adult,47231,Moderate,5_person,nonfamily_single,0,F&B Eatery/Drinking Places,Public_transport,Public_transport
34524,77,Elderly,20142,Low,1_person,living_alone,0,F&B Eatery/Drinking Places,Walking,Walking
49649,40,Adult,37570,Moderate,5_person,married_couple,2,F&B Eatery/Snack and Nonalcoholic Beverage Bars,Car,Car
39519,83,Elderly,27119,Low,1_person,living_alone,0,F&B Eatery/Drinking Places,Public_transport,Walking
28684,28,Young Adult,89641,High,2_person,nonfamily_single,1,F&B Eatery/Drinking Places,Walking,Walking
870,23,Young Adult,48305,Moderate,4_person,nonfamily_single,1,F&B Eatery/Limited-Service Restaurants,Car,Car
52509,68,Elderly,64775,High,1_person,living_alone,1,F&B Eatery/Full-Service Restaurants,Car,Car
9104,50,Middle Age,71502,High,4_person,married_couple,1,F&B Eatery/Full-Service Restaurants,Car,Car
56830,37,Adult,101014,Very High,3_person,married_couple,0,F&B Eatery/Full-Service Restaurants,Walking,Public_transport
33489,33,Adult,75811,High,3_person,married_couple,1,F&B Eatery/Full-Service Restaurants,Public_transport,Car
10997,63,Elderly,47476,Moderate,3_person,family_single,1,F&B Eatery/Limited-Service Restaurants,Walking,Car
27649,45,Middle Age,53784,Moderate,4_person,married_couple,3_plus,F&B Eatery/Full-Service Restaurants,Public_transport,Car
17270,41,Middle Age,27660,Low,4_person,married_couple,1,F&B Eatery/Full-Service Restaurants,Walking,Car
52495,27,Young Adult,77358,High,2_person,nonfamily_single,1,F&B Eatery/Drinking Places,Public_transport,Walking
18108,33,Adult,56141,Moderate,2_person,married_couple,2,F&B Eatery/Full-Service Restaurants,Public_transport,Car
5592,39,Adult,161623,Ultra High,4_person,married_couple,1,F&B Eatery/Full-Service Restaurants,Walking,Public_transport
41115,30,Young Adult,21092,Low,3_person,family_single,2,F&B Eatery/Limited-Service Restaurants,Car,Walking
26096,56,Senior,963957,Ultra High,5_person,married_couple,2,F&B Eatery/Full-Service Restaurants,Car,Car
48356,23,Young Adult,23620,Low,4_person,nonfamily_single,2,F&B Eatery/Full-Service Restaurants,Car,Car
24486,45,Middle Age,0,Debt,4_person,married_couple,2,F&B Eatery/Full-Service Restaurants,Walking,Car
66188,62,Elderly,24243,Low,1_person,living_alone,0,F&B Eatery/Limited-Service Restaurants,Walking,Walking
10938,30,Young Adult,0,Debt,2_person,married_couple,0,F&B Eatery/Limited-Service Restaurants,Public_transport,Walking
62902,60,Senior,274439,Ultra High,1_person,living_alone,1,F&B Eatery/Snack and Nonalcoholic Beverage Bars,Car,Car
11737,26,Young Adult,38163,Moderate,2_person,nonfamily_single,0,F&B Eatery/Limited-Service Restaurants,Public_transport,Walking
33082,58,Senior,25786,Low,2_person,nonfamily_single,2,F&B Eatery/Full-Service Restaurants,Public_transport,Car
26375,60,Senior,2991,Low,1_person,living_alone,0,F&B Eatery/Drinking Places,Walking,Public_transport
8519,47,Middle Age,59598,Moderate,2_person,family_single,0,F&B Eatery/Snack and Nonalcoholic Beverage Bars,Walking,Walking
11949,63,Elderly,39597,Moderate,1_person,living_alone,1,F&B Eatery/Snack and Nonalcoholic Beverage Bars,Car,Car
40214,39,Adult,2531,Low,3_person,married_couple,1,F&B Eatery/Full-Service Restaurants,Public_transport,Walking
20588,29,Young Adult,53537,Moderate,7_plus_person,married_couple,1,F&B Eatery/Full-Service Restaurants,Public_transport,Car
5850,20,Young Adult,0,Debt,5_person,nonfamily_single,0,F&B Eatery/Limited-Service Restaurants,Walking,Walking
38897,40,Adult,6327,Low,3_person,nonfamily_single,1,F&B Eatery/Full-Service Restaurants,Car,Public_transport
38215,69,Elderly,3713,Low,1_person,living_alone,0,F&B Eatery/Limited-Service Restaurants,Public_transport,Walking
3129,22,Young Adult,10804,Low,5_person,nonfamily_single,0,F&B Eatery/Full-Service Restaurants,Walking,Walking
16279,64,Elderly,50507,Moderate,6_person,nonfamily_single,1,F&B Eatery/Limited-Service Restaurants,Public_transport,Car
48400,35,Adult,94914,Very High,2_person,nonfamily_single,1,F&B Eatery/Drinking Places,Public_transport,Car
51148,66,Elderly,60752,High,2_person,married_couple,1,F&B Eatery/Limited-Service Restaurants,Car,Car
33678,32,Adult,75760,High,2_person,nonfamily_single,0,F&B Eatery/Limited-Service Restaurants,Walking,Walking
3968,34,Adult,153036,Ultra High,2_person,nonfamily_single,2,F&B Eatery/Snack and Nonalcoholic Beverage Bars,Walking,Car
62989,27,Young Adult,214,Low,7_plus_person,nonfamily_single,1,F&B Eatery/Full-Service Restaurants,Car,Walking
65282,37,Adult,32203,Moderate,3_person,family_single,0,F&B Eatery/Limited-Service Restaurants,Walking,Walking
42933,24,Young Adult,27011,Low,1_person,living_alone,1,F&B Eatery/Limited-Service Restaurants,Walking,Walking
336,27,Young Adult,29172,Low,2_person,nonfamily_single,2,F&B Eatery/Full-Service Restaurants,Walking,Walking
27340,21,Young Adult,0,Debt,2_person,nonfamily_single,0,F&B Eatery/Drinking Places,Walking,Walking
18931,32,Adult,103145,Very High,3_person,nonfamily_single,1,F&B Eatery/Snack and Nonalcoholic Beverage Bars,Walking,Car
65882,34,Adult,59824,Moderate,2_person,nonfamily_single,2,F&B Eatery/Snack and Nonalcoholic Beverage Bars,Public_transport,Car
8112,60,Senior,1515,Low,7_plus_person,nonfamily_single,0,F&B Eatery/Full-Service Restaurants,Car,Public_transport
32369,70,Elderly,152917,Ultra High,5_person,married_couple,3_plus,F&B Eatery/Limited-Service Restaurants,Car,Car
2985,37,Adult,42184,Moderate,3_person,married_couple,1,F&B Eatery/Full-Service Restaurants,Car,Car
10878,63,Elderly,12641,Low,1_person,living_alone,1,F&B Eatery/Limited-Service Restaurants,Car,Car
15916,63,Elderly,191073,Ultra High,2_person,married_couple,1,F&B Eatery/Full-Service Restaurants,Car,Car
53772,25,Young Adult,41864,Moderate,2_person,nonfamily_single,1,F&B Eatery/Full-Service Restaurants,Car,Car
55683,70,Elderly,190818,Ultra High,1_person,living_alone,1,F&B Eatery/Full-Service Restaurants,Car,Car
11669,87,Elderly,18463,Low,3_person,family_single,0,F&B Eatery/Full-Service Restaurants,Public_transport,Walking
20862,27,Young Adult,30304,Moderate,4_person,married_couple,0,F&B Eatery/Limited-Service Restaurants,Public_transport,Public_transport
19942,36,Adult,111115,Very High,2_person,married_couple,1,F&B Eatery/Full-Service Restaurants,Public_transport,Car
46675,30,Young Adult,36365,Moderate,3_person,nonfamily_single,3_plus,F&B Eatery/Snack and Nonalcoholic Beverage Bars,Walking,Car
11001,29,Young Adult,84368,High,4_person,married_couple,2,F&B Eatery/Full-Service Restaurants,Public_transport,Public_transport
37588,43,Middle Age,151914,Ultra High,3_person,married_couple,1,F&B Eatery/Snack and Nonalcoholic Beverage Bars,Car,Car
29437,60,Senior,351152,Ultra High,3_person,married_couple,1,F&B Eatery/Full-Service Restaurants,Walking,Car
64067,64,Elderly,10756,Low,1_person,living_alone,0,F&B Eatery/Drinking Places,Walking,Walking
19800,29,Young Adult,32414,Moderate,2_person,nonfamily_single,1,F&B Eatery/Full-Service Restaurants,Walking,Car
49459,29,Young Adult,12626,Low,3_person,family_single,0,F&B Eatery/Full-Service Restaurants,Car,Walking
57021,79,Elderly,18982,Low,2_person,married_couple,1,F&B Eatery/Limited-Service Restaurants,Car,Car
12100,17,Teen,0,Debt,5_person,married_couple,1,F&B Eatery/Full-Service Restaurants,Car,Car
54526,27,Young Adult,31304,Moderate,4_person,nonfamily_single,0,F&B Eatery/Limited-Service Restaurants,Car,Walking
49500,52,Senior,15242,Low,1_person,living_alone,1,F&B Eatery/Drinking Places,Walking,Car
55070,69,Elderly,9768,Low,2_person,married_couple,0,F&B Eatery/Full-Service Restaurants,Car,Public_transport
9018,31,Adult,92830,Very High,2_person,married_couple,2,F&B Eatery/Full-Service Restaurants,Car,Car
29872,66,Elderly,35209,Moderate,1_person,living_alone,1,F&B Eatery/Full-Service Restaurants,Car,Car
7243,31,Adult,144403,Ultra High,4_person,married_couple,1,F&B Eatery/Full-Service Restaurants,Public_transport,Public_transport
49850,67,Elderly,63065,High,2_person,married_couple,2,F&B Eatery/Full-Service Restaurants,Car,Car
14079,34,Adult,23637,Low,4_person,family_single,1,F&B Eatery/Snack and Nonalcoholic Beverage Bars,Car,Walking
20866,20,Young Adult,1404,Low,7_plus_person,family_single,2,F&B Eatery/Full-Service Restaurants,Walking,Car
27529,40,Adult,75141,High,1_person,living_alone,0,F&B Eatery/Full-Service Restaurants,Car,Walking
11874,23,Young Adult,0,Debt,2_person,family_single,1,F&B Eatery/Snack and Nonalcoholic Beverage Bars,Car,Walking
66031,68,Elderly,24135,Low,2_person,family_single,2,F&B Eatery/Limited-Service Restaurants,Car,Car
25805,37,Adult,49509,Moderate,2_person,married_couple,2,F&B Eatery/Snack and Nonalcoholic Beverage Bars,Car,Car
59397,35,Adult,82516,High,3_person,nonfamily_single,2,F&B Eatery/Limited-Service Restaurants,Car,Car
47288,70,Elderly,27273,Low,7_plus_person,married_couple,1,F&B Eatery/Limited-Service Restaurants,Car,Car
8263,23,Young Adult,0,Debt,7_plus_person,family_single,3_plus,F&B Eatery/Snack and Nonalcoholic Beverage Bars,Car,Car
18678,38,Adult,239379,Ultra High,2_person,nonfamily_single,0,F&B Eatery/Full-Service Restaurants,Public_transport,Walking
6855,83,Elderly,10727,Low,1_person,living_alone,0,F&B Eatery/Limited-Service Restaurants,Walking,Walking
8597,36,Adult,0,Debt,2_person,nonfamily_single,1,F&B Eatery/Limited-Service Restaurants,Public_transport,Public_transport
63673,25,Young Adult,25310,Low,7_plus_person,family_single,1,F&B Eatery/Full-Service Restaurants,Walking,Walking
51937,69,Elderly,8485,Low,5_person,family_single,1,F&B Eatery/Full-Service Restaurants,Car,Car
6901,29,Young Adult,47457,Moderate,2_person,nonfamily_single,2,F&B Eatery/Full-Service Restaurants,Walking,Car
29932,41,Middle Age,20202,Low,3_person,family_single,1,F&B Eatery/Limited-Service Restaurants,Walking,Car
50818,32,Adult,117488,Very High,2_person,married_couple,2,F&B Eatery/Full-Service Restaurants,Car,Car
23963,62,Elderly,82516,High,2_person,family_single,1,F&B Eatery/Snack and Nonalcoholic Beverage Bars,Public_transport,Car
54722,25,Young Adult,92933,Very High,4_person,nonfamily_single,1,F&B Eatery/Drinking Places,Car,Public_transport
9949,42,Middle Age,12881,Low,4_person,family_single,1,F&B Eatery/Drinking Places,Public_transport,Car
16436,27,Young Adult,52730,Moderate,2_person,nonfamily_single,1,F&B Eatery/Drinking Places,Public_transport,Car
62487,45,Middle Age,70710,High,2_person,married_couple,1,F&B Eatery/Snack and Nonalcoholic Beverage Bars,Public_transport,Car
55415,26,Young Adult,75632,High,3_person,nonfamily_single,1,F&B Eatery/Snack and Nonalcoholic Beverage Bars,Car,Walking
1445,20,Young Adult,0,Debt,6_person,married_couple,3_plus,F&B Eatery/Drinking Places,Public_transport,Car
62284,61,Elderly,32203,Moderate,2_person,married_couple,2,F&B Eatery/Snack and Nonalcoholic Beverage Bars,Car,Car
14821,26,Young Adult,36100,Moderate,2_person,nonfamily_single,2,F&B Eatery/Full-Service Restaurants,Walking,Car
52410,28,Young Adult,53257,Moderate,2_person,married_couple,1,F&B Eatery/Full-Service Restaurants,Walking,Car
1695,29,Young Adult,32203,Moderate,4_person,married_couple,3_plus,F&B Eatery/Full-Service Restaurants,Walking,Car
43852,63,Elderly,47540,Moderate,3_person,married_couple,2,F&B Eatery/Full-Service Restaurants,Car,Car
48920,69,Elderly,92920,Very High,2_person,nonfamily_single,2,F&B Eatery/Full-Service Restaurants,Car,Car
46151,33,Adult,164231,Ultra High,1_person,living_alone,1,F&B Eatery/Full-Service Restaurants,Walking,Car
17958,44,Middle Age,87673,High,2_person,married_couple,0,F&B Eatery/Full-Service Restaurants,Walking,Public_transport
22523,32,Adult,76771,High,2_person,nonfamily_single,2,F&B Eatery/Full-Service Restaurants,Public_transport,Car
60547,74,Elderly,61990,High,3_person,married_couple,1,F&B Eatery/Snack and Nonalcoholic Beverage Bars,Public_transport,Car
20789,40,Adult,303043,Ultra High,3_person,married_couple,1,F&B Eatery/Limited-Service Restaurants,Public_transport,Car
1630,68,Elderly,4444,Low,2_person,married_couple,1,F&B Eatery/Limited-Service Restaurants,Car,Car
33037,24,Young Adult,30583,Moderate,2_person,nonfamily_single,1,F&B Eatery/Snack and Nonalcoholic Beverage Bars,Car,Car
1881,32,Adult,33276,Moderate,2_person,family_single,1,F&B Eatery/Full-Service Restaurants,Walking,Car
14523,17,Teen,1080,Low,5_person,married_couple,2,F&B Eatery/Limited-Service Restaurants,Car,Walking
13900,23,Young Adult,4408,Low,2_person,married_couple,1,F&B Eatery/Full-Service Restaurants,Walking,Public_transport
37842,70,Elderly,6666,Low,7_plus_person,married_couple,1,F&B Eatery/Full-Service Restaurants,Walking,Car
5509,27,Young Adult,9724,Low,2_person,family_single,1,F&B Eatery/Full-Service Restaurants,Car,Walking
66745,86,Elderly,7836,Low,2_person,married_couple,0,F&B Eatery/Full-Service Restaurants,Public_transport,Public_transport
2032,38,Adult,49509,Moderate,7_plus_person,married_couple,3_plus,F&B Eatery/Limited-Service Restaurants,Car,Car
58192,19,Young Adult,6050,Low,2_person,family_single,1,F&B Eatery/Snack and Nonalcoholic Beverage Bars,Car,Walking
27500,45,Middle Age,47653,Moderate,2_person,family_single,2,F&B Eatery/Full-Service Restaurants,Car,Public_transport
34700,57,Senior,165032,Ultra High,1_person,living_alone,1,F&B Eatery/Full-Service Restaurants,Car,Car
35303,42,Middle Age,14764,Low,3_person,married_couple,2,F&B Eatery/Limited-Service Restaurants,Car,Car
43837,36,Adult,68086,High,3_person,married_couple,2,F&B Eatery/Limited-Service Restaurants,Car,Car
47327,25,Young Adult,9283,Low,1_person,living_alone,1,F&B Eatery/Full-Service Restaurants,Walking,Walking
47448,49,Middle Age,0,Debt,4_person,married_couple,3_plus,F&B Eatery/Snack and Nonalcoholic Beverage Bars,Car,Car
32954,43,Middle Age,118079,Very High,4_person,married_couple,2,F&B Eatery/Full-Service Restaurants,Walking,Car
44739,35,Adult,82831,High,3_person,married_couple,1,F&B Eatery/Full-Service Restaurants,Public_transport,Car
59174,39,Adult,96610,Very High,2_person,married_couple,1,F&B Eatery/Limited-Service Restaurants,Car,Car
5558,46,Middle Age,8889,Low,5_person,family_single,0,F&B Eatery/Full-Service Restaurants,Walking,Public_transport
11151,41,Middle Age,0,Debt,2_person,family_single,1,F&B Eatery/Limited-Service Restaurants,Walking,Car
23569,62,Elderly,0,Debt,4_person,married_couple,2,F&B Eatery/Full-Service Restaurants,Car,Car
20527,39,Adult,582882,Ultra High,2_person,nonfamily_single,1,F&B Eatery/Snack and Nonalcoholic Beverage Bars,Car,Car
64812,73,Elderly,10734,Low,3_person,married_couple,1,F&B Eatery/Full-Service Restaurants,Car,Car
66427,60,Senior,623137,Ultra High,3_person,married_couple,3_plus,F&B Eatery/Full-Service Restaurants,Public_transport,Car
6587,23,Young Adult,62260,High,4_person,nonfamily_single,2,F&B Eatery/Full-Service Restaurants,Public_transport,Car
17618,25,Young Adult,101014,Very High,1_person,living_alone,0,F&B Eatery/Snack and Nonalcoholic Beverage Bars,Walking,Walking
52261,48,Middle Age,59598,Moderate,2_person,married_couple,2,F&B Eatery/Full-Service Restaurants,Car,Public_transport
67295,51,Senior,195102,Ultra High,1_person,living_alone,1,F&B Eatery/Drinking Places,Car,Car
36683,64,Elderly,20319,Low,2_person,married_couple,0,F&B Eatery/Snack and Nonalcoholic Beverage Bars,Walking,Public_transport
446,31,Adult,113459,Very High,2_person,nonfamily_single,1,F&B Eatery/Snack and Nonalcoholic Beverage Bars,Car,Car
14536,36,Adult,32490,Moderate,4_person,nonfamily_single,1,F&B Eatery/Full-Service Restaurants,Walking,Public_transport
14031,40,Adult,6188,Low,3_person,married_couple,0,F&B Eatery/Full-Service Restaurants,Walking,Public_transport
49996,30,Young Adult,31975,Moderate,3_person,married_couple,0,F&B Eatery/Drinking Places,Walking,Walking
54353,57,Senior,25310,Low,3_person,married_couple,2,F&B Eatery/Snack and Nonalcoholic Beverage Bars,Walking,Car
39892,43,Middle Age,121217,Ultra High,3_person,married_couple,1,F&B Eatery/Full-Service Restaurants,Public_transport,Car
28378,24,Young Adult,36819,Moderate,1_person,living_alone,0,F&B Eatery/Snack and Nonalcoholic Beverage Bars,Public_transport,Walking
31379,68,Elderly,14852,Low,2_person,married_couple,2,F&B Eatery/Special Food Services,Car,Car
20519,24,Young Adult,40405,Moderate,5_person,married_couple,2,F&B Eatery/Snack and Nonalcoholic Beverage Bars,Public_transport,Car
35208,79,Elderly,195975,Ultra High,2_person,married_couple,2,F&B Eatery/Limited-Service Restaurants,Car,Car
35871,21,Young Adult,20629,Low,4_person,nonfamily_single,1,F&B Eatery/Full-Service Restaurants,Car,Car
43856,32,Adult,131825,Ultra High,2_person,married_couple,2,F&B Eatery/Full-Service Restaurants,Public_transport,Car
40460,33,Adult,65659,High,2_person,married_couple,1,F&B Eatery/Full-Service Restaurants,Car,Car
21158,48,Middle Age,86437,High,2_person,married_couple,2,F&B Eatery/Full-Service Restaurants,Walking,Car
58870,58,Senior,51970,Moderate,2_person,married_couple,3_plus,F&B Eatery/Full-Service Restaurants,Car,Public_transport
56126,32,Adult,41057,Moderate,3_person,married_couple,1,F&B Eatery/Full-Service Restaurants,Car,Car
38862,37,Adult,49497,Moderate,2_person,nonfamily_single,1,F&B Eatery/Full-Service Restaurants,Public_transport,Car
9486,36,Adult,111853,Very High,2_person,married_couple,2,F&B Eatery/Drinking Places,Car,Car
51305,34,Adult,0,Debt,1_person,living_alone,0,F&B Eatery/Full-Service Restaurants,Public_transport,Walking
21902,50,Middle Age,227571,Ultra High,2_person,married_couple,2,F&B Eatery/Drinking Places,Walking,Car
65508,19,Young Adult,0,Debt,4_person,family_single,1,F&B Eatery/Full-Service Restaurants,Car,Walking
45991,53,Senior,53672,Moderate,5_person,married_couple,3_plus,F&B Eatery/Full-Service Restaurants,Car,Car
54219,35,Adult,135058,Ultra High,6_person,family_single,3_plus,F&B Eatery/Snack and Nonalcoholic Beverage Bars,Car,Car
28018,26,Young Adult,19597,Low,3_person,family_single,3_plus,F&B Eatery/Full-Service Restaurants,Car,Walking
49681,50,Middle Age,0,Debt,1_person,living_alone,1,F&B Eatery/Snack and Nonalcoholic Beverage Bars,Car,Public_transport
33455,42,Middle Age,0,Debt,7_plus_person,family_single,3_plus,F&B Eatery/Full-Service Restaurants,Public_transport,Walking
5208,80,Elderly,8889,Low,7_plus_person,nonfamily_single,0,F&B Eatery/Full-Service Restaurants,Public_transport,Public_transport
63454,40,Adult,330064,Ultra High,2_person,nonfamily_single,2,F&B Eatery/Full-Service Restaurants,Walking,Car
49928,25,Young Adult,0,Debt,2_person,family_single,1,F&B Eatery/Limited-Service Restaurants,Walking,Walking
41185,78,Elderly,46971,Moderate,2_person,married_couple,1,F&B Eatery/Snack and Nonalcoholic Beverage Bars,Public_transport,Car
66727,27,Young Adult,90913,Very High,1_person,living_alone,1,F&B Eatery/Limited-Service Restaurants,Public_transport,Car
55476,65,Elderly,56892,Moderate,1_person,living_alone,0,F&B Eatery/Full-Service Restaurants,Walking,Public_transport
10345,25,Young Adult,121299,Ultra High,7_plus_person,nonfamily_single,2,F&B Eatery/Limited-Service Restaurants,Public_transport,Walking
30134,34,Adult,71215,High,2_person,married_couple,1,F&B Eatery/Limited-Service Restaurants,Public_transport,Car
37688,34,Adult,70710,High,2_person,married_couple,2,F&B Eatery/Snack and Nonalcoholic Beverage Bars,Public_transport,Car
66195,31,Adult,18367,Low,2_person,married_couple,1,F&B Eatery/Limited-Service Restaurants,Walking,Walking
25566,32,Adult,2160,Low,2_person,married_couple,2,F&B Eatery/Snack and Nonalcoholic Beverage Bars,Car,Walking
66916,66,Elderly,65659,High,3_person,married_couple,1,F&B Eatery/Limited-Service Restaurants,Car,Car
63440,24,Young Adult,0,Debt,3_person,nonfamily_single,0,F&B Eatery/Limited-Service Restaurants,Walking,Walking
19520,24,Young Adult,10727,Low,6_person,married_couple,1,F&B Eatery/Limited-Service Restaurants,Public_transport,Public_transport
52368,25,Young Adult,9385,Low,4_person,family_single,0,F&B Eatery/Limited-Service Restaurants,Public_transport,Walking
38230,70,Elderly,12377,Low,1_person,living_alone,0,F&B Eatery/Snack and Nonalcoholic Beverage Bars,Public_transport,Walking
46525,84,Elderly,13131,Low,2_person,married_couple,1,F&B Eatery/Snack and Nonalcoholic Beverage Bars,Car,Car
14139,55,Senior,22146,Low,4_person,married_couple,1,F&B Eatery/Snack and Nonalcoholic Beverage Bars,Public_transport,Walking
19567,70,Elderly,6440,Low,2_person,married_couple,0,F&B Eatery/Drinking Places,Public_transport,Public_transport
55211,57,Senior,59585,Moderate,3_person,family_single,2,F&B Eatery/Limited-Service Restaurants,Car,Car
23906,70,Elderly,6666,Low,7_plus_person,married_couple,1,F&B Eatery/Limited-Service Restaurants,Car,Car
59287,25,Young Adult,0,Debt,3_person,nonfamily_single,2,F&B Eatery/Limited-Service Restaurants,Car,Walking
22765,24,Young Adult,19288,Low,3_person,nonfamily_single,2,F&B Eatery/Drinking Places,Public_transport,Walking
19583,27,Young Adult,0,Debt,4_person,nonfamily_single,1,F&B Eatery/Full-Service Restaurants,Walking,Walking
1447,65,Elderly,59469,Moderate,2_person,nonfamily_single,1,F&B Eatery/Full-Service Restaurants,Walking,Car
34057,39,Adult,110733,Very High,4_person,married_couple,1,F&B Eatery/Full-Service Restaurants,Walking,Car
45541,42,Middle Age,75632,High,3_person,family_single,1,F&B Eatery/Snack and Nonalcoholic Beverage Bars,Walking,Car
66945,79,Elderly,110913,Very High,1_person,living_alone,0,F&B Eatery/Full-Service Restaurants,Walking,Walking
10692,22,Young Adult,0,Debt,5_person,nonfamily_single,2,F&B Eatery/Snack and Nonalcoholic Beverage Bars,Car,Car
23741,28,Young Adult,21468,Low,3_person,nonfamily_single,0,F&B Eatery/Full-Service Restaurants,Walking,Walking
10335,38,Adult,45379,Moderate,1_person,living_alone,0,F&B Eatery/Full-Service Restaurants,Public_transport,Walking
66965,34,Adult,4851,Low,2_person,nonfamily_single,1,F&B Eatery/Drinking Places,Public_transport,Public_transport
34779,57,Senior,8664,Low,2_person,nonfamily_single,0,F&B Eatery/Full-Service Restaurants,Car,Public_transport
45066,33,Adult,38163,Moderate,2_person,family_single,1,F&B Eatery/Limited-Service Restaurants,Walking,Car
23926,49,Middle Age,64406,High,6_person,married_couple,3_plus,F&B Eatery/Limited-Service Restaurants,Public_transport,Car
61470,68,Elderly,16606,Low,7_plus_person,married_couple,3_plus,F&B Eatery/Limited-Service Restaurants,Car,Car
44673,33,Adult,126237,Ultra High,3_person,family_single,0,F&B Eatery/Full-Service Restaurants,Walking,Walking
47893,94,Elderly,1620,Low,2_person,married_couple,0,F&B Eatery/Full-Service Restaurants,Car,Public_transport
15830,49,Middle Age,136369,Ultra High,4_person,married_couple,1,F&B Eatery/Limited-Service Restaurants,Walking,Car
15735,32,Adult,134181,Ultra High,3_person,married_couple,1,F&B Eatery/Limited-Service Restaurants,Car,Car
12158,19,Young Adult,0,Debt,4_person,nonfamily_single,0,F&B Eatery/Full-Service Restaurants,Car,Walking
18263,49,Middle Age,51675,Moderate,1_person,living_alone,1,F&B Eatery/Full-Service Restaurants,Car,Walking
18814,69,Elderly,8889,Low,7_plus_person,nonfamily_single,0,F&B Eatery/Snack and Nonalcoholic Beverage Bars,Walking,Public_transport
12453,74,Elderly,12881,Low,4_person,family_single,2,F&B Eatery/Full-Service Restaurants,Car,Car
38847,75,Elderly,87673,High,7_plus_person,married_couple,1,F&B Eatery/Limited-Service Restaurants,Public_transport,Car
38225,69,Elderly,8889,Low,7_plus_person,nonfamily_single,0,F&B Eatery/Snack and Nonalcoholic Beverage Bars,Car,Public_transport
63556,50,Middle Age,22728,Low,6_person,nonfamily_single,1,F&B Eatery/Full-Service Restaurants,Public_transport,Walking
60931,46,Middle Age,162090,Ultra High,1_person,living_alone,1,F&B Eatery/Full-Service Restaurants,Car,Car
11349,35,Adult,219358,Ultra High,1_person,living_alone,1,F&B Eatery/Snack and Nonalcoholic Beverage Bars,Car,Car
44825,47,Middle Age,10734,Low,2_person,family_single,0,F&B Eatery/Limited-Service Restaurants,Public_transport,Walking
51300,26,Young Adult,59425,Moderate,2_person,nonfamily_single,1,F&B Eatery/Full-Service Restaurants,Public_transport,Car
4131,62,Elderly,76771,High,1_person,living_alone,0,F&B Eatery/Drinking Places,Car,Public_transport
16351,29,Young Adult,31314,Moderate,2_person,nonfamily_single,2,F&B Eatery/Full-Service Restaurants,Public_transport,Car
17420,21,Young Adult,4040,Low,3_person,family_single,1,F&B Eatery/Snack and Nonalcoholic Beverage Bars,Car,Walking
57980,64,Elderly,9724,Low,2_person,nonfamily_single,1,F&B Eatery/Limited-Service Restaurants,Car,Car
56739,40,Adult,49819,Moderate,4_person,married_couple,2,F&B Eatery/Snack and Nonalcoholic Beverage Bars,Walking,Public_transport
15408,65,Elderly,16207,Low,1_person,living_alone,1,F&B Eatery/Full-Service Restaurants,Car,Car
62681,43,Middle Age,2020,Low,4_person,married_couple,1,F&B Eatery/Limited-Service Restaurants,Walking,Car
36902,59,Senior,63276,High,2_person,nonfamily_single,1,F&B Eatery/Special Food Services,Car,Car
17033,29,Young Adult,63276,High,4_person,nonfamily_single,1,F&B Eatery/Snack and Nonalcoholic Beverage Bars,Walking,Car
42043,22,Young Adult,4218,Low,2_person,nonfamily_single,0,F&B Eatery/Snack and Nonalcoholic Beverage Bars,Public_transport,Walking
55863,28,Young Adult,0,Debt,6_person,nonfamily_single,0,F&B Eatery/Snack and Nonalcoholic Beverage Bars,Walking,Walking
33629,43,Middle Age,52294,Moderate,4_person,married_couple,2,F&B Eatery/Full-Service Restaurants,Public_transport,Car
46172,55,Senior,9491,Low,1_person,living_alone,1,F&B Eatery/Drinking Places,Car,Car
25479,29,Young Adult,31975,Moderate,1_person,living_alone,0,F&B Eatery/Full-Service Restaurants,Walking,Walking
49343,33,Adult,85357,High,3_person,married_couple,1,F&B Eatery/Full-Service Restaurants,Public_transport,Car
24685,27,Young Adult,0,Debt,4_person,nonfamily_single,3_plus,F&B Eatery/Full-Service Restaurants,Walking,Walking
55178,34,Adult,131318,Ultra High,2_person,married_couple,1,F&B Eatery/Limited-Service Restaurants,Public_transport,Car
61799,32,Adult,33276,Moderate,2_person,family_single,1,F&B Eatery/Full-Service Restaurants,Walking,Car
34710,70,Elderly,12727,Low,2_person,nonfamily_single,2,F&B Eatery/Limited-Service Restaurants,Car,Car
10295,34,Adult,259312,Ultra High,1_person,living_alone,1,F&B Eatery/Full-Service Restaurants,Car,Car
37099,18,Teen,0,Debt,2_person,family_single,0,F&B Eatery/Limited-Service Restaurants,Public_transport,Walking
54567,67,Elderly,8870,Low,2_person,married_couple,2,F&B Eatery/Snack and Nonalcoholic Beverage Bars,Car,Car
25159,37,Adult,237286,Ultra High,1_person,living_alone,0,F&B Eatery/Full-Service Restaurants,Walking,Walking
14119,62,Elderly,0,Debt,2_person,married_couple,2,F&B Eatery/Limited-Service Restaurants,Walking,Car
26616,78,Elderly,313650,Ultra High,1_person,living_alone,1,F&B Eatery/Full-Service Restaurants,Walking,Car
57124,19,Young Adult,0,Debt,3_person,nonfamily_single,0,F&B Eatery/Snack and Nonalcoholic Beverage Bars,Public_transport,Walking
36738,30,Young Adult,35355,Moderate,2_person,married_couple,1,F&B Eatery/Limited-Service Restaurants,Walking,Car
64383,24,Young Adult,13954,Low,2_person,family_single,1,F&B Eatery/Limited-Service Restaurants,Walking,Walking
64242,60,Senior,0,Debt,2_person,married_couple,1,F&B Eatery/Snack and Nonalcoholic Beverage Bars,Car,Car
65409,49,Middle Age,8990,Low,7_plus_person,married_couple,1,F&B Eatery/Snack and Nonalcoholic Beverage Bars,Car,Car
45619,40,Adult,490533,Ultra High,1_person,living_alone,1,F&B Eatery/Snack and Nonalcoholic Beverage Bars,Walking,Car
31647,79,Elderly,18293,Low,1_person,living_alone,0,F&B Eatery/Snack and Nonalcoholic Beverage Bars,Public_transport,Walking
45961,35,Adult,10314,Low,4_person,family_single,0,F&B Eatery/Limited-Service Restaurants,Public_transport,Walking
2775,49,Middle Age,399171,Ultra High,3_person,married_couple,2,F&B Eatery/Full-Service Restaurants,Walking,Car
32101,20,Young Adult,12377,Low,2_person,nonfamily_single,0,F&B Eatery/Full-Service Restaurants,Walking,Walking
4145,56,Senior,75141,High,3_person,nonfamily_single,2,F&B Eatery/Drinking Places,Public_transport,Car
26899,46,Middle Age,0,Debt,4_person,married_couple,2,F&B Eatery/Drinking Places,Car,Car
25338,21,Young Adult,1818,Low,3_person,nonfamily_single,0,F&B Eatery/Snack and Nonalcoholic Beverage Bars,Public_transport,Walking
65787,38,Adult,36100,Moderate,4_person,family_single,1,F&B Eatery/Drinking Places,Car,Public_transport
51769,84,Elderly,67627,High,2_person,family_single,0,F&B Eatery/Full-Service Restaurants,Public_transport,Public_transport
35179,27,Young Adult,50911,Moderate,4_person,nonfamily_single,2,F&B Eatery/Full-Service Restaurants,Walking,Public_transport
17478,18,Teen,8081,Low,4_person,married_couple,2,F&B Eatery/Full-Service Restaurants,Public_transport,Walking
22449,58,Senior,9596,Low,2_person,family_single,0,F&B Eatery/Full-Service Restaurants,Walking,Public_transport
48225,45,Middle Age,1818,Low,2_person,nonfamily_single,0,F&B Eatery/Snack and Nonalcoholic Beverage Bars,Car,Walking
34314,45,Middle Age,10101,Low,4_person,married_couple,1,F&B Eatery/Full-Service Restaurants,Walking,Car
53741,36,Adult,9724,Low,4_person,family_single,1,F&B Eatery/Full-Service Restaurants,Car,Walking
22418,77,Elderly,13924,Low,2_person,married_couple,1,F&B Eatery/Snack and Nonalcoholic Beverage Bars,Car,Car
62790,66,Elderly,50726,Moderate,2_person,married_couple,1,F&B Eatery/Drinking Places,Public_transport,Car
67029,74,Elderly,48478,Moderate,2_person,married_couple,1,F&B Eatery/Limited-Service Restaurants,Car,Car
6953,21,Young Adult,3025,Low,3_person,married_couple,2,F&B Eatery/Snack and Nonalcoholic Beverage Bars,Car,Public_transport
35903,54,Senior,33494,Moderate,5_person,married_couple,3_plus,F&B Eatery/Full-Service Restaurants,Car,Car
53008,43,Middle Age,26508,Low,4_person,family_single,1,F&B Eatery/Full-Service Restaurants,Car,Car
13232,75,Elderly,8664,Low,2_person,married_couple,1,F&B Eatery/Limited-Service Restaurants,Car,Car
48395,26,Young Adult,106065,Very High,2_person,nonfamily_single,0,F&B Eatery/Limited-Service Restaurants,Walking,Walking
5750,42,Middle Age,47231,Moderate,4_person,married_couple,3_plus,F&B Eatery/Snack and Nonalcoholic Beverage Bars,Car,Car
14715,19,Young Adult,0,Debt,2_person,family_single,1,F&B Eatery/Limited-Service Restaurants,Public_transport,Walking
55571,19,Young Adult,5942,Low,2_person,nonfamily_single,0,F&B Eatery/Limited-Service Restaurants,Walking,Walking
31085,28,Young Adult,0,Debt,1_person,living_alone,1,F&B Eatery/Full-Service Restaurants,Public_transport,Walking
3805,30,Young Adult,46460,Moderate,2_person,nonfamily_single,1,F&B Eatery/Snack and Nonalcoholic Beverage Bars,Walking,Car
9076,94,Elderly,6482,Low,4_person,married_couple,1,F&B Eatery/Full-Service Restaurants,Car,Car
27230,30,Young Adult,0,Debt,3_person,married_couple,1,F&B Eatery/Limited-Service Restaurants,Public_transport,Public_transport
62411,85,Elderly,254990,Ultra High,2_person,nonfamily_single,1,F&B Eatery/Limited-Service Restaurants,Car,Car
56583,22,Young Adult,27011,Low,3_person,married_couple,0,F&B Eatery/Full-Service Restaurants,Public_transport,Public_transport
15160,33,Adult,37816,Moderate,1_person,living_alone,1,F&B Eatery/Snack and Nonalcoholic Beverage Bars,Public_transport,Car
39542,50,Middle Age,26836,Low,4_person,married_couple,1,F&B Eatery/Limited-Service Restaurants,Public_transport,Car
52446,32,Adult,167472,Ultra High,2_person,married_couple,2,F&B Eatery/Full-Service Restaurants,Public_transport,Car
46830,54,Senior,639500,Ultra High,2_person,married_couple,1,F&B Eatery/Drinking Places,Car,Car
16848,45,Middle Age,30304,Moderate,2_person,family_single,1,F&B Eatery/Snack and Nonalcoholic Beverage Bars,Car,Car
50409,27,Young Adult,67072,High,2_person,married_couple,2,F&B Eatery/Drinking Places,Walking,Walking
42788,58,Senior,6060,Low,3_person,married_couple,1,F&B Eatery/Limited-Service Restaurants,Car,Car
51411,21,Young Adult,0,Debt,2_person,family_single,1,F&B Eatery/Full-Service Restaurants,Public_transport,Walking
28850,75,Elderly,53739,Moderate,2_person,nonfamily_single,1,F&B Eatery/Full-Service Restaurants,Public_transport,Car
29768,65,Elderly,34243,Moderate,1_person,living_alone,1,F&B Eatery/Snack and Nonalcoholic Beverage Bars,Car,Car
54782,85,Elderly,50890,Moderate,2_person,family_single,2,F&B Eatery/Limited-Service Restaurants,Car,Car
3327,39,Adult,84368,High,3_person,married_couple,1,F&B Eatery/Full-Service Restaurants,Car,Car
22615,34,Adult,5273,Low,3_person,married_couple,1,F&B Eatery/Snack and Nonalcoholic Beverage Bars,Public_transport,Walking
40150,45,Middle Age,47653,Moderate,2_person,family_single,2,F&B Eatery/Limited-Service Restaurants,Public_transport,Public_transport
59546,26,Young Adult,80508,High,4_person,nonfamily_single,2,F&B Eatery/Snack and Nonalcoholic Beverage Bars,Public_transport,Car
58287,70,Elderly,22568,Low,7_plus_person,married_couple,1,F&B Eatery/Full-Service Restaurants,Car,Car
54199,19,Young Adult,16451,Low,1_person,living_alone,1,F&B Eatery/Full-Service Restaurants,Public_transport,Walking
1262,21,Young Adult,0,Debt,3_person,nonfamily_single,0,F&B Eatery/Snack and Nonalcoholic Beverage Bars,Walking,Walking
25530,42,Middle Age,47231,Moderate,2_person,married_couple,0,F&B Eatery/Limited-Service Restaurants,Walking,Public_transport
23596,26,Young Adult,64406,High,3_person,nonfamily_single,0,F&B Eatery/Full-Service Restaurants,Walking,Walking
17359,72,Elderly,85862,High,7_plus_person,married_couple,1,F&B Eatery/Full-Service Restaurants,Walking,Car
18950,72,Elderly,22146,Low,3_person,family_single,1,F&B Eatery/Snack and Nonalcoholic Beverage Bars,Car,Car
22250,20,Young Adult,0,Debt,3_person,nonfamily_single,0,F&B Eatery/Snack and Nonalcoholic Beverage Bars,Walking,Walking
13117,94,Elderly,193644,Ultra High,3_person,married_couple,1,F&B Eatery/Full-Service Restaurants,Car,Car
25517,63,Elderly,8643,Low,3_person,family_single,0,F&B Eatery/Limited-Service Restaurants,Public_transport,Walking
46223,35,Adult,0,Debt,1_person,living_alone,0,F&B Eatery/Drinking Places,Public_transport,Walking
39350,24,Young Adult,0,Debt,4_person,nonfamily_single,0,F&B Eatery/Limited-Service Restaurants,Public_transport,Walking
67134,33,Adult,18982,Low,1_person,living_alone,0,F&B Eatery/Full-Service Restaurants,Public_transport,Walking
51539,24,Young Adult,42184,Moderate,2_person,nonfamily_single,1,F&B Eatery/Full-Service Restaurants,Car,Car
21119,42,Middle Age,0,Debt,7_plus_person,family_single,3_plus,F&B Eatery/Full-Service Restaurants,Public_transport,Walking
32464,32,Adult,24754,Low,2_person,nonfamily_single,0,F&B Eatery/Limited-Service Restaurants,Car,Walking
5021,35,Adult,10546,Low,2_person,family_single,1,F&B Eatery/Full-Service Restaurants,Car,Car
23513,77,Elderly,0,Debt,3_person,family_single,1,F&B Eatery/Full-Service Restaurants,Public_transport,Car
45351,19,Young Adult,0,Debt,1_person,living_alone,0,F&B Eatery/Snack and Nonalcoholic Beverage Bars,Walking,Walking
23559,30,Young Adult,174009,Ultra High,3_person,married_couple,1,F&B Eatery/Full-Service Restaurants,Walking,Walking
14995,25,Young Adult,0,Debt,4_person,nonfamily_single,0,F&B Eatery/Snack and Nonalcoholic Beverage Bars,Car,Walking
11413,21,Young Adult,0,Debt,3_person,married_couple,2,F&B Eatery/Limited-Service Restaurants,Walking,Public_transport
53034,36,Adult,49701,Moderate,1_person,living_alone,1,F&B Eatery/Full-Service Restaurants,Public_transport,Car
22439,27,Young Adult,25762,Low,1_person,living_alone,0,F&B Eatery/Drinking Places,Public_transport,Walking
60267,59,Senior,0,Debt,5_person,married_couple,1,F&B Eatery/Full-Service Restaurants,Car,Car
66558,46,Middle Age,272088,Ultra High,2_person,married_couple,1,F&B Eatery/Snack and Nonalcoholic Beverage Bars,Walking,Car
42570,29,Young Adult,52730,Moderate,4_person,married_couple,3_plus,F&B Eatery/Drinking Places,Public_transport,Car
63594,40,Adult,23186,Low,3_person,married_couple,2,F&B Eatery/Full-Service Restaurants,Walking,Walking
53027,26,Young Adult,35069,Moderate,3_person,married_couple,3_plus,F&B Eatery/Snack and Nonalcoholic Beverage Bars,Car,Car
19173,44,Middle Age,17328,Low,4_person,family_single,1,F&B Eatery/Drinking Places,Car,Car
25520,31,Adult,61887,High,2_person,nonfamily_single,1,F&B Eatery/Full-Service Restaurants,Walking,Car
25380,37,Adult,42184,Moderate,7_plus_person,married_couple,1,F&B Eatery/Drinking Places,Car,Public_transport
51009,70,Elderly,86477,High,2_person,married_couple,1,F&B Eatery/Full-Service Restaurants,Car,Car
19404,58,Senior,929,Low,2_person,married_couple,1,F&B Eatery/Snack and Nonalcoholic Beverage Bars,Car,Car
36876,50,Middle Age,15152,Low,2_person,family_single,2,F&B Eatery/Snack and Nonalcoholic Beverage Bars,Car,Car
5213,41,Middle Age,174972,Ultra High,1_person,living_alone,1,F&B Eatery/Drinking Places,Car,Car
57433,66,Elderly,5259,Low,4_person,married_couple,0,F&B Eatery/Full-Service Restaurants,Walking,Public_transport
3255,73,Elderly,15558,Low,1_person,living_alone,0,F&B Eatery/Snack and Nonalcoholic Beverage Bars,Walking,Walking
40091,28,Young Adult,139548,Ultra High,2_person,nonfamily_single,2,F&B Eatery/Limited-Service Restaurants,Public_transport,Car
2690,50,Middle Age,57761,Moderate,3_person,family_single,3_plus,F&B Eatery/Full-Service Restaurants,Public_transport,Car
47269,27,Young Adult,36100,Moderate,1_person,living_alone,1,F&B Eatery/Snack and Nonalcoholic Beverage Bars,Public_transport,Car
56541,73,Elderly,22279,Low,5_person,married_couple,0,F&B Eatery/Drinking Places,Walking,Public_transport
4627,52,Senior,9508,Low,2_person,family_single,1,F&B Eatery/Snack and Nonalcoholic Beverage Bars,Public_transport,Car
64317,63,Elderly,161017,Ultra High,2_person,nonfamily_single,2,F&B Eatery/Snack and Nonalcoholic Beverage Bars,Car,Car
34087,73,Elderly,20395,Low,3_person,married_couple,1,F&B Eatery/Drinking Places,Car,Car
64525,25,Young Adult,78415,High,2_person,nonfamily_single,1,F&B Eatery/Limited-Service Restaurants,Walking,Walking
49358,21,Young Adult,0,Debt,5_person,married_couple,2,F&B Eatery/Limited-Service Restaurants,Car,Car
37930,20,Young Adult,24850,Low,3_person,family_single,0,F&B Eatery/Drinking Places,Walking,Walking
7226,27,Young Adult,596906,Ultra High,2_person,nonfamily_single,0,F&B Eatery/Limited-Service Restaurants,Walking,Walking
8566,29,Young Adult,36911,Moderate,5_person,married_couple,2,F&B Eatery/Full-Service Restaurants,Public_transport,Car
12192,29,Young Adult,33315,Moderate,3_person,nonfamily_single,1,F&B Eatery/Snack and Nonalcoholic Beverage Bars,Walking,Car
17519,79,Elderly,11020,Low,1_person,living_alone,0,F&B Eatery/Snack and Nonalcoholic Beverage Bars,Public_transport,Walking
4529,30,Young Adult,32203,Moderate,7_plus_person,family_single,3_plus,F&B Eatery/Full-Service Restaurants,Car,Car
44435,21,Young Adult,3673,Low,1_person,living_alone,0,F&B Eatery/Drinking Places,Walking,Walking
52657,35,Adult,127740,Ultra High,4_person,married_couple,1,F&B Eatery/Full-Service Restaurants,Public_transport,Public_transport
21133,64,Elderly,11807,Low,2_person,family_single,0,F&B Eatery/Full-Service Restaurants,Public_transport,Walking
59821,36,Adult,58999,Moderate,3_person,married_couple,1,F&B Eatery/Limited-Service Restaurants,Car,Car
45148,62,Elderly,51862,Moderate,1_person,living_alone,1,F&B Eatery/Full-Service Restaurants,Public_transport,Car
23470,74,Elderly,24762,Low,2_person,married_couple,1,F&B Eatery/Limited-Service Restaurants,Walking,Car
61169,72,Elderly,53699,Moderate,1_person,living_alone,0,F&B Eatery/Snack and Nonalcoholic Beverage Bars,Public_transport,Public_transport
9941,57,Senior,55894,Moderate,2_person,family_single,1,F&B Eatery/Full-Service Restaurants,Car,Car
61845,31,Adult,88586,High,2_person,married_couple,1,F&B Eatery/Snack and Nonalcoholic Beverage Bars,Walking,Car
62460,26,Young Adult,67044,High,2_person,nonfamily_single,1,F&B Eatery/Full-Service Restaurants,Walking,Walking
18062,55,Senior,38858,Moderate,1_person,living_alone,1,F&B Eatery/Full-Service Restaurants,Car,Car
39104,51,Senior,53532,Moderate,2_person,nonfamily_single,1,F&B Eatery/Snack and Nonalcoholic Beverage Bars,Car,Car
64003,24,Young Adult,33220,Moderate,1_person,living_alone,0,F&B Eatery/Full-Service Restaurants,Walking,Walking
6982,53,Senior,32203,Moderate,1_person,living_alone,1,F&B Eatery/Full-Service Restaurants,Car,Car
64274,33,Adult,136139,Ultra High,2_person,married_couple,1,F&B Eatery/Drinking Places,Public_transport,Car
10066,54,Senior,33276,Moderate,7_plus_person,married_couple,2,F&B Eatery/Snack and Nonalcoholic Beverage Bars,Public_transport,Walking
917,67,Elderly,41762,Moderate,2_person,married_couple,1,F&B Eatery/Full-Service Restaurants,Public_transport,Car
18889,21,Young Adult,0,Debt,3_person,family_single,1,F&B Eatery/Full-Service Restaurants,Car,Walking
29877,68,Elderly,4444,Low,2_person,married_couple,1,F&B Eatery/Snack and Nonalcoholic Beverage Bars,Public_transport,Car
13288,28,Young Adult,0,Debt,2_person,nonfamily_single,1,F&B Eatery/Full-Service Restaurants,Walking,Walking
19288,29,Young Adult,92830,Very High,6_person,married_couple,2,F&B Eatery/Snack and Nonalcoholic Beverage Bars,Walking,Car
66612,24,Young Adult,20037,Low,5_person,family_single,0,F&B Eatery/Drinking Places,Public_transport,Walking
570,30,Young Adult,96610,Very High,2_person,married_couple,0,F&B Eatery/Limited-Service Restaurants,Walking,Public_transport
50600,55,Senior,108047,Very High,2_person,married_couple,1,F&B Eatery/Limited-Service Restaurants,Car,Car
36182,25,Young Adult,36911,Moderate,2_person,family_single,0,F&B Eatery/Full-Service Restaurants,Public_transport,Walking
36484,29,Young Adult,82115,High,6_person,nonfamily_single,2,F&B Eatery/Drinking Places,Public_transport,Walking
25515,69,Elderly,249941,Ultra High,1_person,living_alone,1,F&B Eatery/Snack and Nonalcoholic Beverage Bars,Car,Car
59668,37,Adult,69107,High,4_person,married_couple,1,F&B Eatery/Limited-Service Restaurants,Public_transport,Car
58442,48,Middle Age,80811,High,3_person,married_couple,1,F&B Eatery/Limited-Service Restaurants,Public_transport,Car
47574,49,Middle Age,8990,Low,7_plus_person,married_couple,1,F&B Eatery/Drinking Places,Walking,Car
7031,49,Middle Age,105566,Very High,1_person,living_alone,1,F&B Eatery/Snack and Nonalcoholic Beverage Bars,Public_transport,Car
39605,82,Elderly,5959,Low,3_person,married_couple,1,F&B Eatery/Full-Service Restaurants,Walking,Car
46646,22,Young Adult,13709,Low,5_person,family_single,1,F&B Eatery/Drinking Places,Public_transport,Car
19610,51,Senior,37816,Moderate,2_person,married_couple,2,F&B Eatery/Snack and Nonalcoholic Beverage Bars,Walking,Car
52113,69,Elderly,195564,Ultra High,3_person,family_single,1,F&B Eatery/Snack and Nonalcoholic Beverage Bars,Public_transport,Car
63336,76,Elderly,13418,Low,2_person,married_couple,1,F&B Eatery/Full-Service Restaurants,Car,Car
28554,36,Adult,79801,High,7_plus_person,nonfamily_single,3_plus,F&B Eatery/Full-Service Restaurants,Public_transport,Walking
53535,29,Young Adult,26681,Low,2_person,married_couple,1,F&B Eatery/Snack and Nonalcoholic Beverage Bars,Walking,Public_transport
14026,32,Adult,43320,Moderate,3_person,family_single,1,F&B Eatery/Full-Service Restaurants,Public_transport,Car
25613,45,Middle Age,212852,Ultra High,1_person,living_alone,1,F&B Eatery/Limited-Service Restaurants,Public_transport,Car
14232,37,Adult,0,Debt,7_plus_person,married_couple,3_plus,F&B Eatery/Snack and Nonalcoholic Beverage Bars,Car,Car
24229,61,Elderly,30943,Moderate,6_person,nonfamily_single,0,F&B Eatery/Limited-Service Restaurants,Walking,Public_transport
52691,62,Elderly,151521,Ultra High,2_person,married_couple,1,F&B Eatery/Drinking Places,Public_transport,Car
2217,22,Young Adult,0,Debt,2_person,nonfamily_single,0,F&B Eatery/Full-Service Restaurants,Walking,Walking
5232,35,Adult,52730,Moderate,7_plus_person,family_single,3_plus,F&B Eatery/Snack and Nonalcoholic Beverage Bars,Car,Walking
30453,64,Elderly,373753,Ultra High,2_person,nonfamily_single,1,F&B Eatery/Drinking Places,Car,Car
63161,75,Elderly,162412,Ultra High,2_person,married_couple,2,F&B Eatery/Full-Service Restaurants,Car,Car
30257,39,Adult,9491,Low,4_person,married_couple,1,F&B Eatery/Full-Service Restaurants,Car,Public_transport
35595,27,Young Adult,50507,Moderate,3_person,nonfamily_single,1,F&B Eatery/Limited-Service Restaurants,Public_transport,Car
22164,60,Senior,206702,Ultra High,3_person,married_couple,2,F&B Eatery/Snack and Nonalcoholic Beverage Bars,Car,Car
44594,43,Middle Age,0,Debt,6_person,married_couple,2,F&B Eatery/Limited-Service Restaurants,Car,Car
4996,31,Adult,38644,Moderate,3_person,married_couple,1,F&B Eatery/Full-Service Restaurants,Walking,Car
50490,36,Adult,37356,Moderate,3_person,married_couple,3_plus,F&B Eatery/Full-Service Restaurants,Walking,Car
3262,54,Senior,151552,Ultra High,3_person,married_couple,2,F&B Eatery/Limited-Service Restaurants,Public_transport,Car
57028,63,Elderly,10804,Low,3_person,married_couple,1,F&B Eatery/Full-Service Restaurants,Walking,Car
51739,22,Young Adult,11807,Low,2_person,nonfamily_single,1,F&B Eatery/Full-Service Restaurants,Car,Walking
6838,58,Senior,55557,Moderate,3_person,family_single,1,F&B Eatery/Snack and Nonalcoholic Beverage Bars,Car,Car
46049,25,Young Adult,58003,Moderate,1_person,living_alone,1,F&B Eatery/Full-Service Restaurants,Car,Car
5741,30,Young Adult,595338,Ultra High,1_person,living_alone,2,F&B Eatery/Limited-Service Restaurants,Car,Car
33418,72,Elderly,109746,Very High,2_person,married_couple,1,F&B Eatery/Snack and Nonalcoholic Beverage Bars,Car,Car
22423,28,Young Adult,57966,Moderate,2_person,married_couple,1,F&B Eatery/Snack and Nonalcoholic Beverage Bars,Car,Car
11094,65,Elderly,17711,Low,4_person,married_couple,0,F&B Eatery/Snack and Nonalcoholic Beverage Bars,Public_transport,Public_transport
18642,71,Elderly,6188,Low,5_person,family_single,0,F&B Eatery/Limited-Service Restaurants,Public_transport,Public_transport
48175,26,Young Adult,33494,Moderate,3_person,nonfamily_single,0,F&B Eatery/Full-Service Restaurants,Public_transport,Walking
38163,32,Adult,9075,Low,1_person,living_alone,0,F&B Eatery/Full-Service Restaurants,Public_transport,Walking
56984,25,Young Adult,37816,Moderate,2_person,nonfamily_single,1,F&B Eatery/Full-Service Restaurants,Car,Car
39850,41,Middle Age,17084,Low,2_person,nonfamily_single,1,F&B Eatery/Drinking Places,Walking,Car
64997,22,Young Adult,10101,Low,2_person,nonfamily_single,0,F&B Eatery/Limited-Service Restaurants,Car,Walking
36289,25,Young Adult,33747,Moderate,3_person,married_couple,2,F&B Eatery/Snack and Nonalcoholic Beverage Bars,Public_transport,Car
10922,22,Young Adult,0,Debt,2_person,nonfamily_single,0,F&B Eatery/Full-Service Restaurants,Walking,Walking
64454,25,Young Adult,45084,Moderate,3_person,nonfamily_single,2,F&B Eatery/Full-Service Restaurants,Car,Car
4478,37,Adult,56729,Moderate,1_person,living_alone,0,F&B Eatery/Full-Service Restaurants,Walking,Walking
5660,79,Elderly,22279,Low,3_person,family_single,2,F&B Eatery/Full-Service Restaurants,Car,Car
9788,26,Young Adult,71720,High,1_person,living_alone,0,F&B Eatery/Limited-Service Restaurants,Walking,Walking
32835,26,Young Adult,0,Debt,4_person,nonfamily_single,2,F&B Eatery/Limited-Service Restaurants,Public_transport,Walking
10776,28,Young Adult,81035,High,2_person,nonfamily_single,2,F&B Eatery/Limited-Service Restaurants,Public_transport,Walking
61778,32,Adult,81035,High,1_person,living_alone,1,F&B Eatery/Snack and Nonalcoholic Beverage Bars,Public_transport,Car
30857,27,Young Adult,35355,Moderate,2_person,nonfamily_single,1,F&B Eatery/Full-Service Restaurants,Walking,Car
27772,25,Young Adult,50790,Moderate,5_person,nonfamily_single,0,F&B Eatery/Full-Service Restaurants,Public_transport,Public_transport
32596,20,Young Adult,0,Debt,3_person,nonfamily_single,1,F&B Eatery/Snack and Nonalcoholic Beverage Bars,Walking,Walking
21188,21,Young Adult,0,Debt,2_person,nonfamily_single,0,F&B Eatery/Limited-Service Restaurants,Public_transport,Walking
46287,21,Young Adult,0,Debt,2_person,nonfamily_single,1,F&B Eatery/Full-Service Restaurants,Walking,Walking
57858,24,Young Adult,68549,High,4_person,nonfamily_single,3_plus,F&B Eatery/Full-Service Restaurants,Walking,Walking
62497,84,Elderly,12881,Low,6_person,married_couple,0,F&B Eatery/Full-Service Restaurants,Car,Public_transport
23993,60,Senior,454565,Ultra High,7_plus_person,married_couple,1,F&B Eatery/Limited-Service Restaurants,Public_transport,Car
17642,33,Adult,0,Debt,3_person,married_couple,1,F&B Eatery/Drinking Places,Public_transport,Car
36607,40,Adult,312255,Ultra High,2_person,married_couple,1,F&B Eatery/Limited-Service Restaurants,Walking,Car
30926,58,Senior,-5078,Debt,2_person,married_couple,2,F&B Eatery/Full-Service Restaurants,Car,Car
55199,54,Senior,91856,Very High,1_person,living_alone,0,F&B Eatery/Snack and Nonalcoholic Beverage Bars,Walking,Public_transport
48483,31,Adult,134088,Ultra High,2_person,nonfamily_single,1,F&B Eatery/Snack and Nonalcoholic Beverage Bars,Car,Car
17375,65,Elderly,55752,Moderate,3_person,married_couple,2,F&B Eatery/Full-Service Restaurants,Car,Car
52656,65,Elderly,22691,Low,3_person,married_couple,1,F&B Eatery/Full-Service Restaurants,Car,Car
41073,35,Adult,27011,Low,7_plus_person,married_couple,1,F&B Eatery/Limited-Service Restaurants,Walking,Walking
33687,36,Adult,12965,Low,2_person,nonfamily_single,1,F&B Eatery/Full-Service Restaurants,Walking,Public_transport
43469,55,Senior,0,Debt,6_person,nonfamily_single,1,F&B Eatery/Limited-Service Restaurants,Car,Walking
60830,55,Senior,227794,Ultra High,4_person,married_couple,1,F&B Eatery/Full-Service Restaurants,Car,Car
32933,56,Senior,866,Low,1_person,living_alone,0,F&B Eatery/Full-Service Restaurants,Walking,Public_transport
65281,33,Adult,21609,Low,5_person,family_single,1,F&B Eatery/Full-Service Restaurants,Public_transport,Car
62341,29,Young Adult,75295,High,2_person,nonfamily_single,1,F&B Eatery/Limited-Service Restaurants,Car,Walking
6644,31,Adult,75931,High,2_person,family_single,1,F&B Eatery/Full-Service Restaurants,Walking,Car
29179,20,Young Adult,0,Debt,5_person,family_single,2,F&B Eatery/Full-Service Restaurants,Car,Car
14334,33,Adult,80453,High,1_person,living_alone,1,F&B Eatery/Full-Service Restaurants,Public_transport,Car
49053,68,Elderly,102507,Very High,1_person,living_alone,0,F&B Eatery/Limited-Service Restaurants,Walking,Walking
14282,86,Elderly,108940,Very High,1_person,living_alone,0,F&B Eatery/Limited-Service Restaurants,Walking,Walking
25525,23,Young Adult,23620,Low,4_person,nonfamily_single,2,F&B Eatery/Full-Service Restaurants,Walking,Car
4594,65,Elderly,13073,Low,1_person,living_alone,0,F&B Eatery/Drinking Places,Public_transport,Walking
52116,36,Adult,167684,Ultra High,2_person,married_couple,1,F&B Eatery/Limited-Service Restaurants,Public_transport,Car
61114,27,Young Adult,32203,Moderate,2_person,married_couple,0,F&B Eatery/Full-Service Restaurants,Walking,Walking
10698,38,Adult,248508,Ultra High,1_person,living_alone,1,F&B Eatery/Full-Service Restaurants,Walking,Car
46067,74,Elderly,31718,Moderate,1_person,living_alone,1,F&B Eatery/Limited-Service Restaurants,Car,Car
35618,36,Adult,64828,High,2_person,married_couple,2,F&B Eatery/Drinking Places,Public_transport,Car
19212,20,Young Adult,0,Debt,7_plus_person,family_single,0,F&B Eatery/Limited-Service Restaurants,Public_transport,Walking
55548,58,Senior,75141,High,3_person,married_couple,2,F&B Eatery/Snack and Nonalcoholic Beverage Bars,Car,Car
60815,21,Young Adult,0,Debt,5_person,married_couple,1,F&B Eatery/Snack and Nonalcoholic Beverage Bars,Car,Public_transport
28302,32,Adult,63639,High,2_person,nonfamily_single,2,F&B Eatery/Snack and Nonalcoholic Beverage Bars,Car,Car
45406,66,Elderly,16423,Low,1_person,living_alone,1,F&B Eatery/Full-Service Restaurants,Public_transport,Car
46754,65,Elderly,9283,Low,2_person,family_single,0,F&B Eatery/Snack and Nonalcoholic Beverage Bars,Car,Walking
66735,47,Middle Age,95963,Very High,2_person,nonfamily_single,2,F&B Eatery/Limited-Service Restaurants,Walking,Car
37228,41,Middle Age,17084,Low,2_person,nonfamily_single,1,F&B Eatery/Full-Service Restaurants,Car,Car
50626,79,Elderly,8331,Low,2_person,married_couple,1,F&B Eatery/Snack and Nonalcoholic Beverage Bars,Car,Car
27081,20,Young Adult,0,Debt,3_person,nonfamily_single,0,F&B Eatery/Limited-Service Restaurants,Walking,Walking
14908,36,Adult,32490,Moderate,4_person,nonfamily_single,1,F&B Eatery/Full-Service Restaurants,Car,Public_transport
39391,41,Middle Age,32738,Moderate,2_person,nonfamily_single,1,F&B Eatery/Full-Service Restaurants,Car,Walking
9306,19,Young Adult,15186,Low,5_person,family_single,1,F&B Eatery/Full-Service Restaurants,Walking,Car
33724,24,Young Adult,5202,Low,2_person,married_couple,1,F&B Eatery/Special Food Services,Walking,Public_transport
41258,28,Young Adult,14026,Low,3_person,family_single,1,F&B Eatery/Snack and Nonalcoholic Beverage Bars,Car,Walking
9867,21,Young Adult,7563,Low,3_person,nonfamily_single,0,F&B Eatery/Full-Service Restaurants,Walking,Walking
27923,31,Adult,161017,Ultra High,2_person,married_couple,1,F&B Eatery/Full-Service Restaurants,Public_transport,Car
67103,36,Adult,210921,Ultra High,1_person,living_alone,0,F&B Eatery/Limited-Service Restaurants,Walking,Walking
35503,40,Adult,86437,High,5_person,married_couple,2,F&B Eatery/Drinking Places,Public_transport,Car
38437,16,Teen,0,Debt,4_person,family_single,1,F&B Eatery/Full-Service Restaurants,Walking,Walking
44799,23,Young Adult,12655,Low,4_person,married_couple,3_plus,F&B Eatery/Full-Service Restaurants,Walking,Car
21372,77,Elderly,42246,Moderate,2_person,married_couple,2,F&B Eatery/Snack and Nonalcoholic Beverage Bars,Car,Car
50357,28,Young Adult,100904,Very High,1_person,living_alone,1,F&B Eatery/Limited-Service Restaurants,Car,Car
2378,72,Elderly,29739,Low,3_person,family_single,0,F&B Eatery/Full-Service Restaurants,Public_transport,Walking
15623,21,Young Adult,0,Debt,7_plus_person,family_single,1,F&B Eatery/Limited-Service Restaurants,Walking,Walking
32001,28,Young Adult,48305,Moderate,2_person,married_couple,1,F&B Eatery/Full-Service Restaurants,Public_transport,Car
55185,24,Young Adult,59039,Moderate,3_person,nonfamily_single,2,F&B Eatery/Limited-Service Restaurants,Public_transport,Car
28901,89,Elderly,29912,Low,1_person,living_alone,0,F&B Eatery/Full-Service Restaurants,Public_transport,Walking
36940,34,Adult,323246,Ultra High,3_person,married_couple,1,F&B Eatery/Limited-Service Restaurants,Walking,Car
12391,21,Young Adult,0,Debt,2_person,nonfamily_single,0,F&B Eatery/Snack and Nonalcoholic Beverage Bars,Walking,Walking
12742,42,Middle Age,20961,Low,2_person,family_single,1,F&B Eatery/Full-Service Restaurants,Public_transport,Car
24476,33,Adult,71311,High,1_person,living_alone,0,F&B Eatery/Snack and Nonalcoholic Beverage Bars,Car,Walking
32510,77,Elderly,12881,Low,2_person,family_single,1,F&B Eatery/Full-Service Restaurants,Public_transport,Car
16103,43,Middle Age,40075,Moderate,6_person,married_couple,1,F&B Eatery/Full-Service Restaurants,Car,Public_transport
62514,84,Elderly,15471,Low,6_person,nonfamily_single,0,F&B Eatery/Drinking Places,Public_transport,Public_transport
46778,62,Elderly,37375,Moderate,5_person,married_couple,2,F&B Eatery/Snack and Nonalcoholic Beverage Bars,Car,Car
365,26,Young Adult,31638,Moderate,4_person,nonfamily_single,2,F&B Eatery/Limited-Service Restaurants,Car,Public_transport
2103,31,Adult,19185,Low,2_person,married_couple,2,F&B Eatery/Full-Service Restaurants,Public_transport,Walking
60293,25,Young Adult,66012,High,2_person,nonfamily_single,2,F&B Eatery/Limited-Service Restaurants,Public_transport,Walking
20143,30,Young Adult,0,Debt,2_person,nonfamily_single,0,F&B Eatery/Drinking Places,Walking,Walking
33457,85,Elderly,50890,Moderate,2_person,family_single,2,F&B Eatery/Snack and Nonalcoholic Beverage Bars,Car,Car
50989,51,Senior,52730,Moderate,2_person,nonfamily_single,2,F&B Eatery/Full-Service Restaurants,Car,Car
35959,25,Young Adult,19448,Low,5_person,nonfamily_single,1,F&B Eatery/Full-Service Restaurants,Car,Car
19259,57,Senior,0,Debt,2_person,married_couple,0,F&B Eatery/Full-Service Restaurants,Car,Public_transport
42500,70,Elderly,330317,Ultra High,7_plus_person,married_couple,1,F&B Eatery/Full-Service Restaurants,Walking,Car
5710,63,Elderly,0,Debt,2_person,married_couple,1,F&B Eatery/Limited-Service Restaurants,Walking,Car
16034,46,Middle Age,154576,Ultra High,2_person,nonfamily_single,1,F&B Eatery/Full-Service Restaurants,Public_transport,Car
25183,34,Adult,63333,High,2_person,married_couple,1,F&B Eatery/Snack and Nonalcoholic Beverage Bars,Car,Car
20884,36,Adult,0,Debt,3_person,married_couple,1,F&B Eatery/Full-Service Restaurants,Public_transport,Car
15228,32,Adult,130960,Ultra High,2_person,married_couple,1,F&B Eatery/Snack and Nonalcoholic Beverage Bars,Car,Car
1093,31,Adult,54023,Moderate,2_person,family_single,1,F&B Eatery/Full-Service Restaurants,Car,Car
51733,46,Middle Age,57451,Moderate,2_person,nonfamily_single,1,F&B Eatery/Snack and Nonalcoholic Beverage Bars,Car,Walking
39486,54,Senior,0,Debt,4_person,married_couple,2,F&B Eatery/Limited-Service Restaurants,Walking,Walking
67203,58,Senior,0,Debt,5_person,married_couple,2,F&B Eatery/Limited-Service Restaurants,Car,Car
25344,18,Teen,0,Debt,2_person,family_single,2,F&B Eatery/Limited-Service Restaurants,Car,Walking
29063,29,Young Adult,52,Low,3_person,family_single,0,F&B Eatery/Limited-Service Restaurants,Public_transport,Walking
15899,69,Elderly,10546,Low,3_person,family_single,3_plus,F&B Eatery/Full-Service Restaurants,Walking,Car
16544,31,Adult,42937,Moderate,2_person,married_couple,1,F&B Eatery/Full-Service Restaurants,Public_transport,Car
203,69,Elderly,49701,Moderate,1_person,living_alone,1,F&B Eatery/Drinking Places,Car,Car
22867,81,Elderly,23104,Low,7_plus_person,married_couple,1,F&B Eatery/Snack and Nonalcoholic Beverage Bars,Public_transport,Car
20324,50,Middle Age,50621,Moderate,3_person,married_couple,2,F&B Eatery/Limited-Service Restaurants,Car,Public_transport
65398,57,Senior,0,Debt,1_person,living_alone,0,F&B Eatery/Full-Service Restaurants,Public_transport,Walking
67222,75,Elderly,6482,Low,2_person,married_couple,0,F&B Eatery/Limited-Service Restaurants,Walking,Public_transport
47063,45,Middle Age,1054,Low,2_person,married_couple,2,F&B Eatery/Drinking Places,Car,Car
37701,46,Middle Age,1212,Low,2_person,family_single,0,F&B Eatery/Limited-Service Restaurants,Public_transport,Walking
60278,27,Young Adult,24850,Low,3_person,married_couple,1,F&B Eatery/Full-Service Restaurants,Public_transport,Public_transport
10006,19,Young Adult,7514,Low,4_person,married_couple,3_plus,F&B Eatery/Full-Service Restaurants,Car,Car
24031,21,Young Adult,0,Debt,5_person,nonfamily_single,3_plus,F&B Eatery/Full-Service Restaurants,Walking,Car
43395,33,Adult,252536,Ultra High,2_person,married_couple,1,F&B Eatery/Limited-Service Restaurants,Car,Car
33998,32,Adult,112712,Very High,2_person,nonfamily_single,1,F&B Eatery/Drinking Places,Car,Car
58318,22,Young Adult,0,Debt,3_person,married_couple,1,F&B Eatery/Drinking Places,Walking,Public_transport
48564,65,Elderly,15028,Low,1_person,living_alone,0,F&B Eatery/Limited-Service Restaurants,Public_transport,Walking
52198,83,Elderly,28092,Low,2_person,married_couple,0,F&B Eatery/Full-Service Restaurants,Walking,Public_transport
7957,36,Adult,25440,Low,3_person,nonfamily_single,1,F&B Eatery/Full-Service Restaurants,Public_transport,Public_transport
27526,69,Elderly,15457,Low,2_person,married_couple,1,F&B Eatery/Snack and Nonalcoholic Beverage Bars,Car,Car
52067,36,Adult,0,Debt,3_person,nonfamily_single,0,F&B Eatery/Full-Service Restaurants,Walking,Walking
66552,27,Young Adult,0,Debt,2_person,nonfamily_single,0,F&B Eatery/Limited-Service Restaurants,Public_transport,Walking
65350,31,Adult,86437,High,2_person,married_couple,0,F&B Eatery/Full-Service Restaurants,Walking,Public_transport
44948,36,Adult,23723,Low,7_plus_person,married_couple,3_plus,F&B Eatery/Full-Service Restaurants,Walking,Car
37019,32,Adult,375,Low,5_person,family_single,1,F&B Eatery/Full-Service Restaurants,Public_transport,Car
22495,34,Adult,1019,Low,2_person,family_single,1,F&B Eatery/Full-Service Restaurants,Walking,Car
47788,24,Young Adult,63276,High,1_person,living_alone,1,F&B Eatery/Limited-Service Restaurants,Public_transport,Walking
31709,43,Middle Age,48478,Moderate,3_person,married_couple,1,F&B Eatery/Full-Service Restaurants,Walking,Car
13440,42,Middle Age,0,Debt,4_person,married_couple,1,F&B Eatery/Snack and Nonalcoholic Beverage Bars,Walking,Car
22588,60,Senior,0,Debt,6_person,family_single,1,F&B Eatery/Full-Service Restaurants,Car,Walking
27869,57,Senior,88912,High,1_person,living_alone,1,F&B Eatery/Full-Service Restaurants,Car,Car
12226,65,Elderly,59469,Moderate,2_person,nonfamily_single,1,F&B Eatery/Full-Service Restaurants,Car,Car
51877,43,Middle Age,206290,Ultra High,2_person,married_couple,2,F&B Eatery/Full-Service Restaurants,Car,Car
53442,32,Adult,21660,Low,2_person,family_single,2,F&B Eatery/Snack and Nonalcoholic Beverage Bars,Car,Car
37102,71,Elderly,10909,Low,2_person,married_couple,0,F&B Eatery/Snack and Nonalcoholic Beverage Bars,Public_transport,Public_transport
10744,45,Middle Age,0,Debt,5_person,married_couple,2,F&B Eatery/Full-Service Restaurants,Car,Car
28453,25,Young Adult,37816,Moderate,2_person,nonfamily_single,1,F&B Eatery/Full-Service Restaurants,Walking,Car
47165,19,Young Adult,0,Debt,3_person,nonfamily_single,0,F&B Eatery/Limited-Service Restaurants,Walking,Walking
16767,58,Senior,15471,Low,1_person,living_alone,0,F&B Eatery/Full-Service Restaurants,Walking,Public_transport
46448,71,Elderly,10707,Low,7_plus_person,married_couple,2,F&B Eatery/Snack and Nonalcoholic Beverage Bars,Public_transport,Car
31455,25,Young Adult,91923,Very High,3_person,nonfamily_single,1,F&B Eatery/Full-Service Restaurants,Public_transport,Car
7485,76,Elderly,17328,Low,2_person,nonfamily_single,1,F&B Eatery/Snack and Nonalcoholic Beverage Bars,Car,Car
45713,57,Senior,141420,Ultra High,2_person,married_couple,1,F&B Eatery/Full-Service Restaurants,Walking,Car
4886,91,Elderly,23095,Low,1_person,living_alone,1,F&B Eatery/Snack and Nonalcoholic Beverage Bars,Car,Car
33625,36,Adult,633360,Ultra High,2_person,married_couple,1,F&B Eatery/Drinking Places,Public_transport,Car
49522,55,Senior,98757,Very High,2_person,married_couple,1,F&B Eatery/Limited-Service Restaurants,Public_transport,Car
6539,30,Young Adult,35355,Moderate,2_person,nonfamily_single,1,F&B Eatery/Full-Service Restaurants,Walking,Car
60593,32,Adult,75760,High,3_person,married_couple,1,F&B Eatery/Snack and Nonalcoholic Beverage Bars,Walking,Car
18945,25,Young Adult,10314,Low,6_person,nonfamily_single,3_plus,F&B Eatery/Snack and Nonalcoholic Beverage Bars,Car,Car
52953,65,Elderly,12425,Low,2_person,married_couple,0,F&B Eatery/Full-Service Restaurants,Public_transport,Public_transport
27216,31,Adult,49915,Moderate,4_person,nonfamily_single,1,F&B Eatery/Full-Service Restaurants,Public_transport,Public_transport
21839,37,Adult,86437,High,2_person,married_couple,1,F&B Eatery/Drinking Places,Walking,Car
36046,69,Elderly,31774,Moderate,1_person,living_alone,1,F&B Eatery/Snack and Nonalcoholic Beverage Bars,Car,Car
45450,72,Elderly,64514,High,3_person,married_couple,3_plus,F&B Eatery/Full-Service Restaurants,Walking,Car
43307,81,Elderly,0,Debt,2_person,family_single,0,F&B Eatery/Snack and Nonalcoholic Beverage Bars,Walking,Walking
41609,50,Middle Age,45456,Moderate,3_person,married_couple,0,F&B Eatery/Full-Service Restaurants,Car,Public_transport
6859,44,Middle Age,48486,Moderate,4_person,married_couple,1,F&B Eatery/Drinking Places,Walking,Car
10973,41,Middle Age,96165,Very High,1_person,living_alone,1,F&B Eatery/Limited-Service Restaurants,Public_transport,Car
1629,69,Elderly,32740,Moderate,2_person,married_couple,1,F&B Eatery/Snack and Nonalcoholic Beverage Bars,Car,Car
10625,62,Elderly,8889,Low,7_plus_person,nonfamily_single,0,F&B Eatery/Special Food Services,Car,Public_transport
33722,40,Adult,80508,High,2_person,family_single,0,F&B Eatery/Snack and Nonalcoholic Beverage Bars,Walking,Walking
40172,64,Elderly,9724,Low,2_person,nonfamily_single,1,F&B Eatery/Full-Service Restaurants,Public_transport,Car
38712,28,Young Adult,25786,Low,4_person,nonfamily_single,2,F&B Eatery/Full-Service Restaurants,Walking,Car
16999,29,Young Adult,68075,High,1_person,living_alone,1,F&B Eatery/Snack and Nonalcoholic Beverage Bars,Walking,Walking
60935,19,Young Adult,0,Debt,4_person,family_single,1,F&B Eatery/Snack and Nonalcoholic Beverage Bars,Walking,Walking
51727,44,Middle Age,111638,Very High,6_person,married_couple,3_plus,F&B Eatery/Drinking Places,Walking,Public_transport
32821,18,Teen,0,Debt,2_person,family_single,0,F&B Eatery/Full-Service Restaurants,Walking,Walking
39178,36,Adult,85862,High,2_person,nonfamily_single,1,F&B Eatery/Limited-Service Restaurants,Car,Car
52492,20,Young Adult,16531,Low,3_person,family_single,2,F&B Eatery/Full-Service Restaurants,Walking,Walking
36284,74,Elderly,2626,Low,2_person,married_couple,0,F&B Eatery/Limited-Service Restaurants,Walking,Public_transport
59049,26,Young Adult,83313,High,2_person,nonfamily_single,2,F&B Eatery/Full-Service Restaurants,Car,Walking
19275,24,Young Adult,0,Debt,2_person,family_single,0,F&B Eatery/Snack and Nonalcoholic Beverage Bars,Car,Walking
56233,23,Young Adult,22691,Low,4_person,family_single,1,F&B Eatery/Full-Service Restaurants,Car,Car
52797,48,Middle Age,65659,High,3_person,married_couple,2,F&B Eatery/Full-Service Restaurants,Car,Car
66656,34,Adult,108418,Very High,2_person,family_single,1,F&B Eatery/Full-Service Restaurants,Public_transport,Car
22260,34,Adult,41598,Moderate,4_person,married_couple,0,F&B Eatery/Full-Service Restaurants,Public_transport,Public_transport
44516,21,Young Adult,30901,Moderate,5_person,nonfamily_single,1,F&B Eatery/Limited-Service Restaurants,Public_transport,Car
489,28,Young Adult,0,Debt,2_person,nonfamily_single,1,F&B Eatery/Snack and Nonalcoholic Beverage Bars,Public_transport,Walking
58147,34,Adult,32165,Moderate,5_person,married_couple,2,F&B Eatery/Limited-Service Restaurants,Public_transport,Car
45913,42,Middle Age,216836,Ultra High,1_person,living_alone,0,F&B Eatery/Full-Service Restaurants,Walking,Walking
15935,31,Adult,52730,Moderate,2_person,married_couple,1,F&B Eatery/Snack and Nonalcoholic Beverage Bars,Walking,Car
50964,70,Elderly,12929,Low,4_person,family_single,2,F&B Eatery/Snack and Nonalcoholic Beverage Bars,Car,Car
65625,64,Elderly,107889,Very High,1_person,living_alone,0,F&B Eatery/Snack and Nonalcoholic Beverage Bars,Car,Walking
17374,61,Elderly,13310,Low,2_person,family_single,1,F&B Eatery/Snack and Nonalcoholic Beverage Bars,Car,Car
67046,28,Young Adult,75760,High,2_person,married_couple,1,F&B Eatery/Full-Service Restaurants,Car,Walking
65074,68,Elderly,181220,Ultra High,2_person,married_couple,2,F&B Eatery/Full-Service Restaurants,Car,Car
63848,84,Elderly,15471,Low,6_person,nonfamily_single,0,F&B Eatery/Snack and Nonalcoholic Beverage Bars,Public_transport,Public_transport
11705,38,Adult,85875,High,3_person,married_couple,0,F&B Eatery/Full-Service Restaurants,Walking,Public_transport
35740,47,Middle Age,128575,Ultra High,1_person,living_alone,1,F&B Eatery/Full-Service Restaurants,Car,Car
34693,42,Middle Age,83407,High,3_person,married_couple,1,F&B Eatery/Snack and Nonalcoholic Beverage Bars,Car,Car
57563,44,Middle Age,67494,High,5_person,married_couple,1,F&B Eatery/Limited-Service Restaurants,Walking,Car
35710,46,Middle Age,141001,Ultra High,2_person,nonfamily_single,1,F&B Eatery/Full-Service Restaurants,Public_transport,Car
58632,32,Adult,158190,Ultra High,4_person,married_couple,1,F&B Eatery/Snack and Nonalcoholic Beverage Bars,Car,Public_transport
35931,81,Elderly,20775,Low,2_person,married_couple,1,F&B Eatery/Full-Service Restaurants,Car,Car
21062,46,Middle Age,119601,Very High,3_person,married_couple,1,F&B Eatery/Full-Service Restaurants,Walking,Car
35386,32,Adult,67679,High,2_person,nonfamily_single,1,F&B Eatery/Snack and Nonalcoholic Beverage Bars,Public_transport,Car
19996,61,Elderly,122439,Ultra High,1_person,living_alone,1,F&B Eatery/Limited-Service Restaurants,Car,Car
41003,18,Teen,5420,Low,2_person,family_single,0,F&B Eatery/Snack and Nonalcoholic Beverage Bars,Walking,Walking
24255,62,Elderly,17928,Low,4_person,married_couple,2,F&B Eatery/Limited-Service Restaurants,Car,Car
54482,25,Young Adult,16101,Low,3_person,family_single,1,F&B Eatery/Full-Service Restaurants,Public_transport,Walking
44386,67,Elderly,7426,Low,2_person,married_couple,1,F&B Eatery/Limited-Service Restaurants,Car,Car
20176,31,Adult,49951,Moderate,4_person,family_single,0,F&B Eatery/Limited-Service Restaurants,Walking,Public_transport
11763,53,Senior,8587,Low,2_person,married_couple,0,F&B Eatery/Full-Service Restaurants,Public_transport,Public_transport
11577,26,Young Adult,48621,Moderate,3_person,nonfamily_single,2,F&B Eatery/Snack and Nonalcoholic Beverage Bars,Walking,Car
58847,94,Elderly,29197,Low,2_person,married_couple,1,F&B Eatery/Full-Service Restaurants,Car,Car
35622,23,Young Adult,21468,Low,4_person,family_single,0,F&B Eatery/Full-Service Restaurants,Public_transport,Walking
59197,54,Senior,27011,Low,3_person,family_single,0,F&B Eatery/Full-Service Restaurants,Walking,Public_transport
32172,57,Senior,65368,High,2_person,family_single,1,F&B Eatery/Full-Service Restaurants,Public_transport,Car
3439,42,Middle Age,43320,Moderate,3_person,family_single,2,F&B Eatery/Limited-Service Restaurants,Walking,Public_transport
34660,43,Middle Age,191927,Ultra High,2_person,married_couple,1,F&B Eatery/Full-Service Restaurants,Car,Car
67041,19,Young Adult,0,Debt,3_person,nonfamily_single,0,F&B Eatery/Full-Service Restaurants,Walking,Walking
16633,48,Middle Age,189829,Ultra High,3_person,married_couple,2,F&B Eatery/Full-Service Restaurants,Car,Car
21639,37,Adult,101014,Very High,3_person,married_couple,0,F&B Eatery/Drinking Places,Public_transport,Public_transport
26531,54,Senior,14869,Low,1_person,living_alone,0,F&B Eatery/Limited-Service Restaurants,Walking,Public_transport
48536,58,Senior,134245,Ultra High,1_person,living_alone,1,F&B Eatery/Full-Service Restaurants,Walking,Car
54319,56,Senior,0,Debt,2_person,married_couple,2,F&B Eatery/Snack and Nonalcoholic Beverage Bars,Car,Car
13006,25,Young Adult,0,Debt,4_person,nonfamily_single,1,F&B Eatery/Limited-Service Restaurants,Public_transport,Walking
44535,25,Young Adult,0,Debt,6_person,nonfamily_single,0,F&B Eatery/Snack and Nonalcoholic Beverage Bars,Walking,Walking
55612,44,Middle Age,40405,Moderate,1_person,living_alone,1,F&B Eatery/Full-Service Restaurants,Walking,Walking
17889,48,Middle Age,8687,Low,4_person,married_couple,1,F&B Eatery/Full-Service Restaurants,Walking,Car
23675,18,Teen,0,Debt,5_person,family_single,1,F&B Eatery/Full-Service Restaurants,Car,Car
670,24,Young Adult,0,Debt,3_person,nonfamily_single,0,F&B Eatery/Full-Service Restaurants,Public_transport,Walking
14683,94,Elderly,30102,Moderate,3_person,married_couple,1,F&B Eatery/Limited-Service Restaurants,Car,Car
48008,25,Young Adult,95963,Very High,3_person,nonfamily_single,3_plus,F&B Eatery/Limited-Service Restaurants,Public_transport,Car
47664,34,Adult,48305,Moderate,1_person,living_alone,1,F&B Eatery/Full-Service Restaurants,Walking,Car
42239,28,Young Adult,55557,Moderate,2_person,nonfamily_single,1,F&B Eatery/Full-Service Restaurants,Public_transport,Car
64609,25,Young Adult,57761,Moderate,5_person,nonfamily_single,1,F&B Eatery/Limited-Service Restaurants,Car,Car
33665,40,Adult,40405,Moderate,3_person,nonfamily_single,3_plus,F&B Eatery/Snack and Nonalcoholic Beverage Bars,Car,Car
3306,63,Elderly,52730,Moderate,3_person,family_single,3_plus,F&B Eatery/Limited-Service Restaurants,Car,Car
8026,34,Adult,71215,High,2_person,married_couple,1,F&B Eatery/Snack and Nonalcoholic Beverage Bars,Public_transport,Car
55391,43,Middle Age,50621,Moderate,3_person,married_couple,1,F&B Eatery/Full-Service Restaurants,Walking,Car
43626,77,Elderly,11915,Low,1_person,living_alone,0,F&B Eatery/Snack and Nonalcoholic Beverage Bars,Public_transport,Walking
27769,21,Young Adult,0,Debt,4_person,married_couple,2,F&B Eatery/Full-Service Restaurants,Car,Car
2890,65,Elderly,11593,Low,3_person,family_single,2,F&B Eatery/Snack and Nonalcoholic Beverage Bars,Walking,Car
22387,28,Young Adult,89673,High,2_person,nonfamily_single,1,F&B Eatery/Full-Service Restaurants,Public_transport,Walking
24123,51,Senior,48305,Moderate,4_person,married_couple,2,F&B Eatery/Full-Service Restaurants,Car,Car
64685,28,Young Adult,181392,Ultra High,2_person,nonfamily_single,2,F&B Eatery/Full-Service Restaurants,Car,Car
62083,73,Elderly,12444,Low,2_person,married_couple,0,F&B Eatery/Limited-Service Restaurants,Public_transport,Public_transport
27197,30,Young Adult,7013,Low,4_person,family_single,1,F&B Eatery/Full-Service Restaurants,Car,Car
14394,31,Adult,58003,Moderate,2_person,nonfamily_single,1,F&B Eatery/Limited-Service Restaurants,Walking,Car
63338,35,Adult,12121,Low,2_person,married_couple,1,F&B Eatery/Full-Service Restaurants,Public_transport,Walking
22335,47,Middle Age,199070,Ultra High,3_person,married_couple,2,F&B Eatery/Full-Service Restaurants,Car,Car
8397,28,Young Adult,21468,Low,3_person,nonfamily_single,0,F&B Eatery/Snack and Nonalcoholic Beverage Bars,Walking,Walking
46773,27,Young Adult,67044,High,2_person,nonfamily_single,0,F&B Eatery/Full-Service Restaurants,Public_transport,Walking
49154,46,Middle Age,10314,Low,3_person,married_couple,1,F&B Eatery/Limited-Service Restaurants,Walking,Car
14162,46,Middle Age,56892,Moderate,3_person,family_single,2,F&B Eatery/Limited-Service Restaurants,Public_transport,Public_transport
26946,66,Elderly,278492,Ultra High,2_person,married_couple,1,F&B Eatery/Drinking Places,Car,Car
44764,23,Young Adult,61167,High,3_person,nonfamily_single,0,F&B Eatery/Snack and Nonalcoholic Beverage Bars,Walking,Walking
26345,39,Adult,137219,Ultra High,4_person,family_single,1,F&B Eatery/Full-Service Restaurants,Walking,Car
33402,23,Young Adult,0,Debt,2_person,nonfamily_single,1,F&B Eatery/Snack and Nonalcoholic Beverage Bars,Walking,Walking
45276,69,Elderly,209891,Ultra High,1_person,living_alone,1,F&B Eatery/Snack and Nonalcoholic Beverage Bars,Car,Car
22463,62,Elderly,71720,High,2_person,married_couple,2,F&B Eatery/Full-Service Restaurants,Car,Car
49683,71,Elderly,15672,Low,2_person,married_couple,0,F&B Eatery/Full-Service Restaurants,Public_transport,Public_transport
2382,71,Elderly,74666,High,2_person,married_couple,0,F&B Eatery/Full-Service Restaurants,Walking,Public_transport
24565,26,Young Adult,40075,Moderate,2_person,nonfamily_single,1,F&B Eatery/Limited-Service Restaurants,Public_transport,Car
66151,51,Senior,195102,Ultra High,1_person,living_alone,1,F&B Eatery/Snack and Nonalcoholic Beverage Bars,Public_transport,Car
6476,43,Middle Age,0,Debt,2_person,family_single,0,F&B Eatery/Full-Service Restaurants,Walking,Walking
47937,58,Senior,118079,Very High,2_person,married_couple,1,F&B Eatery/Full-Service Restaurants,Car,Car
36945,21,Young Adult,5800,Low,6_person,nonfamily_single,0,F&B Eatery/Full-Service Restaurants,Public_transport,Walking
37548,74,Elderly,84044,High,2_person,married_couple,1,F&B Eatery/Limited-Service Restaurants,Car,Car
11312,23,Young Adult,30304,Moderate,4_person,nonfamily_single,0,F&B Eatery/Full-Service Restaurants,Walking,Walking
11064,21,Young Adult,0,Debt,3_person,nonfamily_single,0,F&B Eatery/Snack and Nonalcoholic Beverage Bars,Walking,Walking
30835,26,Young Adult,84368,High,3_person,family_single,3_plus,F&B Eatery/Full-Service Restaurants,Public_transport,Car
25307,51,Senior,42426,Moderate,1_person,living_alone,2,F&B Eatery/Full-Service Restaurants,Walking,Car
52558,32,Adult,95969,Very High,2_person,married_couple,1,F&B Eatery/Limited-Service Restaurants,Car,Car
10531,86,Elderly,16745,Low,2_person,married_couple,0,F&B Eatery/Limited-Service Restaurants,Walking,Public_transport
38759,50,Middle Age,38789,Moderate,1_person,living_alone,1,F&B Eatery/Full-Service Restaurants,Car,Walking
55480,21,Young Adult,0,Debt,4_person,married_couple,1,F&B Eatery/Snack and Nonalcoholic Beverage Bars,Walking,Car
27374,36,Adult,9076,Low,2_person,family_single,0,F&B Eatery/Full-Service Restaurants,Public_transport,Public_transport
2763,83,Elderly,16263,Low,3_person,married_couple,0,F&B Eatery/Full-Service Restaurants,Public_transport,Public_transport
51717,38,Adult,59901,Moderate,1_person,living_alone,1,F&B Eatery/Full-Service Restaurants,Public_transport,Car
2581,35,Adult,31638,Moderate,4_person,family_single,0,F&B Eatery/Snack and Nonalcoholic Beverage Bars,Car,Public_transport
65854,83,Elderly,11706,Low,1_person,living_alone,0,F&B Eatery/Drinking Places,Public_transport,Walking
11999,31,Adult,59039,Moderate,1_person,living_alone,0,F&B Eatery/Full-Service Restaurants,Walking,Walking
41153,69,Elderly,20202,Low,3_person,married_couple,1,F&B Eatery/Full-Service Restaurants,Car,Car
51759,25,Young Adult,31333,Moderate,3_person,nonfamily_single,1,F&B Eatery/Full-Service Restaurants,Car,Car
63296,29,Young Adult,161017,Ultra High,1_person,living_alone,0,F&B Eatery/Full-Service Restaurants,Walking,Walking
43442,48,Middle Age,72201,High,4_person,married_couple,1,F&B Eatery/Full-Service Restaurants,Walking,Car
23185,28,Young Adult,48090,Moderate,3_person,nonfamily_single,0,F&B Eatery/Full-Service Restaurants,Walking,Walking
42215,20,Young Adult,0,Debt,3_person,nonfamily_single,0,F&B Eatery/Limited-Service Restaurants,Walking,Walking
34872,23,Young Adult,0,Debt,3_person,nonfamily_single,1,F&B Eatery/Full-Service Restaurants,Walking,Walking
37405,63,Elderly,83729,High,2_person,married_couple,1,F&B Eatery/Limited-Service Restaurants,Car,Car
64197,59,Senior,14764,Low,1_person,living_alone,0,F&B Eatery/Limited-Service Restaurants,Public_transport,Public_transport
3764,64,Elderly,55428,Moderate,1_person,living_alone,1,F&B Eatery/Limited-Service Restaurants,Car,Car
4234,23,Young Adult,0,Debt,2_person,nonfamily_single,0,F&B Eatery/Snack and Nonalcoholic Beverage Bars,Walking,Walking
4994,24,Young Adult,10121,Low,2_person,nonfamily_single,2,F&B Eatery/Drinking Places,Car,Walking
29100,36,Adult,0,Debt,4_person,married_couple,2,F&B Eatery/Limited-Service Restaurants,Public_transport,Car
64370,27,Young Adult,28092,Low,2_person,nonfamily_single,0,F&B Eatery/Full-Service Restaurants,Walking,Walking
37825,37,Adult,0,Debt,3_person,married_couple,1,F&B Eatery/Snack and Nonalcoholic Beverage Bars,Car,Car
49810,26,Young Adult,201648,Ultra High,2_person,nonfamily_single,0,F&B Eatery/Snack and Nonalcoholic Beverage Bars,Walking,Walking
4434,37,Adult,80811,High,7_plus_person,family_single,3_plus,F&B Eatery/Full-Service Restaurants,Car,Walking
11676,84,Elderly,14142,Low,1_person,living_alone,1,F&B Eatery/Snack and Nonalcoholic Beverage Bars,Car,Car
717,26,Young Adult,36383,Moderate,3_person,married_couple,1,F&B Eatery/Limited-Service Restaurants,Public_transport,Car
29894,52,Senior,53672,Moderate,5_person,married_couple,2,F&B Eatery/Full-Service Restaurants,Public_transport,Car
36584,31,Adult,176378,Ultra High,2_person,married_couple,1,F&B Eatery/Full-Service Restaurants,Public_transport,Car
6773,44,Middle Age,329509,Ultra High,2_person,married_couple,2,F&B Eatery/Drinking Places,Public_transport,Car
43954,28,Young Adult,128931,Ultra High,2_person,nonfamily_single,1,F&B Eatery/Full-Service Restaurants,Car,Walking
66960,32,Adult,141420,Ultra High,3_person,married_couple,1,F&B Eatery/Drinking Places,Public_transport,Car
10738,47,Middle Age,121217,Ultra High,7_plus_person,married_couple,1,F&B Eatery/Limited-Service Restaurants,Public_transport,Walking
27048,72,Elderly,325221,Ultra High,2_person,married_couple,2,F&B Eatery/Drinking Places,Car,Car
14671,44,Middle Age,26817,Low,3_person,married_couple,2,F&B Eatery/Full-Service Restaurants,Public_transport,Car
42581,25,Young Adult,51572,Moderate,2_person,nonfamily_single,0,F&B Eatery/Full-Service Restaurants,Public_transport,Walking
33272,32,Adult,64981,High,5_person,family_single,3_plus,F&B Eatery/Full-Service Restaurants,Public_transport,Public_transport
56412,33,Adult,1717,Low,3_person,family_single,1,F&B Eatery/Full-Service Restaurants,Public_transport,Car
53056,19,Young Adult,0,Debt,3_person,nonfamily_single,0,F&B Eatery/Limited-Service Restaurants,Walking,Walking
59191,70,Elderly,330317,Ultra High,7_plus_person,married_couple,1,F&B Eatery/Full-Service Restaurants,Walking,Car
51831,29,Young Adult,10804,Low,2_person,married_couple,1,F&B Eatery/Snack and Nonalcoholic Beverage Bars,Walking,Public_transport
42056,35,Adult,7426,Low,5_person,married_couple,1,F&B Eatery/Limited-Service Restaurants,Public_transport,Car
39579,26,Young Adult,112943,Very High,2_person,nonfamily_single,0,F&B Eatery/Snack and Nonalcoholic Beverage Bars,Walking,Walking
36661,54,Senior,7514,Low,5_person,married_couple,3_plus,F&B Eatery/Full-Service Restaurants,Public_transport,Car
9359,58,Senior,12641,Low,1_person,living_alone,1,F&B Eatery/Full-Service Restaurants,Public_transport,Car
30075,43,Middle Age,20732,Low,6_person,married_couple,2,F&B Eatery/Drinking Places,Car,Car
47897,29,Young Adult,103145,Very High,2_person,married_couple,1,F&B Eatery/Full-Service Restaurants,Car,Walking
10655,30,Young Adult,24041,Low,2_person,married_couple,0,F&B Eatery/Full-Service Restaurants,Walking,Public_transport
30698,50,Middle Age,112712,Very High,3_person,family_single,1,F&B Eatery/Drinking Places,Walking,Car
36468,75,Elderly,268502,Ultra High,1_person,living_alone,1,F&B Eatery/Drinking Places,Car,Car
40142,68,Elderly,80680,High,1_person,living_alone,1,F&B Eatery/Limited-Service Restaurants,Car,Car
32130,25,Young Adult,86251,High,3_person,nonfamily_single,0,F&B Eatery/Limited-Service Restaurants,Walking,Walking
50940,31,Adult,206290,Ultra High,2_person,married_couple,1,F&B Eatery/Drinking Places,Public_transport,Car
57594,35,Adult,11885,Low,4_person,married_couple,0,F&B Eatery/Full-Service Restaurants,Walking,Public_transport
39082,27,Young Adult,2160,Low,2_person,married_couple,1,F&B Eatery/Full-Service Restaurants,Public_transport,Public_transport
12816,50,Middle Age,28688,Low,7_plus_person,married_couple,3_plus,F&B Eatery/Full-Service Restaurants,Public_transport,Car
36413,52,Senior,89641,High,3_person,nonfamily_single,1,F&B Eatery/Snack and Nonalcoholic Beverage Bars,Car,Car
50928,94,Elderly,22809,Low,7_plus_person,married_couple,2,F&B Eatery/Full-Service Restaurants,Car,Car
192,89,Elderly,4545,Low,2_person,married_couple,1,F&B Eatery/Full-Service Restaurants,Car,Car
25396,45,Middle Age,70710,High,2_person,married_couple,1,F&B Eatery/Full-Service Restaurants,Walking,Car
46182,28,Young Adult,25762,Low,1_person,living_alone,0,F&B Eatery/Full-Service Restaurants,Walking,Walking
33584,52,Senior,159875,Ultra High,2_person,married_couple,2,F&B Eatery/Snack and Nonalcoholic Beverage Bars,Public_transport,Car
30009,91,Elderly,9292,Low,2_person,family_single,1,F&B Eatery/Drinking Places,Public_transport,Car
66677,49,Middle Age,19597,Low,3_person,married_couple,3_plus,F&B Eatery/Snack and Nonalcoholic Beverage Bars,Public_transport,Car
15810,62,Elderly,12067,Low,1_person,living_alone,0,F&B Eatery/Drinking Places,Public_transport,Walking
61744,40,Adult,13131,Low,2_person,family_single,2,F&B Eatery/Full-Service Restaurants,Walking,Car
58692,66,Elderly,14169,Low,3_person,married_couple,1,F&B Eatery/Drinking Places,Car,Car
54540,56,Senior,8561,Low,3_person,married_couple,2,F&B Eatery/Limited-Service Restaurants,Car,Car
61510,20,Young Adult,0,Debt,2_person,nonfamily_single,0,F&B Eatery/Drinking Places,Walking,Walking
6160,31,Adult,49056,Moderate,2_person,nonfamily_single,0,F&B Eatery/Full-Service Restaurants,Public_transport,Walking
48409,40,Adult,3094,Low,7_plus_person,married_couple,3_plus,F&B Eatery/Full-Service Restaurants,Car,Car
54103,29,Young Adult,37570,Moderate,2_person,nonfamily_single,1,F&B Eatery/Full-Service Restaurants,Car,Car
19071,16,Teen,0,Debt,4_person,married_couple,1,F&B Eatery/Full-Service Restaurants,Car,Public_transport
37158,58,Senior,45456,Moderate,2_person,married_couple,3_plus,F&B Eatery/Full-Service Restaurants,Car,Public_transport
11164,68,Elderly,175346,Ultra High,2_person,married_couple,1,F&B Eatery/Full-Service Restaurants,Walking,Car
27964,23,Young Adult,30304,Moderate,3_person,nonfamily_single,0,F&B Eatery/Snack and Nonalcoholic Beverage Bars,Walking,Walking
4927,27,Young Adult,40405,Moderate,5_person,nonfamily_single,1,F&B Eatery/Full-Service Restaurants,Car,Car
28916,72,Elderly,5905,Low,2_person,married_couple,0,F&B Eatery/Limited-Service Restaurants,Public_transport,Public_transport
5552,67,Elderly,26728,Low,5_person,family_single,0,F&B Eatery/Snack and Nonalcoholic Beverage Bars,Public_transport,Public_transport
10799,69,Elderly,62932,High,1_person,living_alone,1,F&B Eatery/Drinking Places,Car,Car
65069,71,Elderly,32060,Moderate,3_person,family_single,1,F&B Eatery/Limited-Service Restaurants,Public_transport,Car
238,73,Elderly,0,Debt,3_person,family_single,0,F&B Eatery/Full-Service Restaurants,Car,Walking
12207,52,Senior,161017,Ultra High,4_person,married_couple,3_plus,F&B Eatery/Snack and Nonalcoholic Beverage Bars,Public_transport,Public_transport
4188,25,Young Adult,59039,Moderate,2_person,nonfamily_single,1,F&B Eatery/Snack and Nonalcoholic Beverage Bars,Public_transport,Car
43937,32,Adult,236158,Ultra High,2_person,married_couple,1,F&B Eatery/Full-Service Restaurants,Public_transport,Car
62948,27,Young Adult,0,Debt,3_person,nonfamily_single,0,F&B Eatery/Full-Service Restaurants,Public_transport,Walking
56053,50,Middle Age,158843,Ultra High,3_person,family_single,1,F&B Eatery/Full-Service Restaurants,Car,Car
37004,35,Adult,468245,Ultra High,2_person,family_single,3_plus,F&B Eatery/Snack and Nonalcoholic Beverage Bars,Walking,Car
5618,72,Elderly,22146,Low,3_person,family_single,1,F&B Eatery/Snack and Nonalcoholic Beverage Bars,Car,Car
30049,33,Adult,2475,Low,4_person,married_couple,1,F&B Eatery/Limited-Service Restaurants,Public_transport,Public_transport
25521,31,Adult,79095,High,2_person,nonfamily_single,1,F&B Eatery/Snack and Nonalcoholic Beverage Bars,Public_transport,Car
63844,52,Senior,50621,Moderate,4_person,married_couple,3_plus,F&B Eatery/Full-Service Restaurants,Car,Public_transport
8640,57,Senior,8889,Low,7_plus_person,nonfamily_single,0,F&B Eatery/Drinking Places,Public_transport,Public_transport
37865,28,Young Adult,37132,Moderate,2_person,nonfamily_single,1,F&B Eatery/Full-Service Restaurants,Car,Car
55470,73,Elderly,8889,Low,7_plus_person,nonfamily_single,0,F&B Eatery/Limited-Service Restaurants,Public_transport,Public_transport
14665,27,Young Adult,0,Debt,2_person,nonfamily_single,0,F&B Eatery/Full-Service Restaurants,Walking,Walking
35010,50,Middle Age,6655,Low,3_person,family_single,0,F&B Eatery/Limited-Service Restaurants,Walking,Walking
49170,91,Elderly,27677,Low,1_person,living_alone,1,F&B Eatery/Full-Service Restaurants,Car,Car
36320,30,Young Adult,75931,High,2_person,nonfamily_single,1,F&B Eatery/Limited-Service Restaurants,Car,Walking
19389,86,Elderly,3919,Low,1_person,living_alone,1,F&B Eatery/Snack and Nonalcoholic Beverage Bars,Car,Car
19744,28,Young Adult,69700,High,2_person,married_couple,1,F&B Eatery/Full-Service Restaurants,Walking,Walking
15534,65,Elderly,9075,Low,1_person,living_alone,0,F&B Eatery/Snack and Nonalcoholic Beverage Bars,Walking,Walking
8328,58,Senior,313336,Ultra High,2_person,married_couple,1,F&B Eatery/Full-Service Restaurants,Car,Car
38396,29,Young Adult,9016,Low,3_person,family_single,1,F&B Eatery/Full-Service Restaurants,Public_transport,Walking
43370,34,Adult,142371,Ultra High,1_person,living_alone,1,F&B Eatery/Full-Service Restaurants,Public_transport,Car
56903,70,Elderly,330317,Ultra High,7_plus_person,married_couple,1,F&B Eatery/Full-Service Restaurants,Car,Car
54935,62,Elderly,5078,Low,1_person,living_alone,0,F&B Eatery/Limited-Service Restaurants,Public_transport,Walking
37275,50,Middle Age,639500,Ultra High,3_person,married_couple,1,F&B Eatery/Full-Service Restaurants,Public_transport,Car
3453,77,Elderly,157090,Ultra High,1_person,living_alone,2,F&B Eatery/Full-Service Restaurants,Car,Car
44942,33,Adult,0,Debt,2_person,married_couple,1,F&B Eatery/Full-Service Restaurants,Walking,Car
47221,22,Young Adult,32181,Moderate,5_person,family_single,1,F&B Eatery/Full-Service Restaurants,Public_transport,Car
49298,45,Middle Age,0,Debt,7_plus_person,married_couple,1,F&B Eatery/Full-Service Restaurants,Car,Public_transport
31870,33,Adult,264715,Ultra High,3_person,nonfamily_single,1,F&B Eatery/Full-Service Restaurants,Walking,Car
47861,29,Young Adult,70230,High,2_person,married_couple,1,F&B Eatery/Full-Service Restaurants,Public_transport,Walking
64147,28,Young Adult,0,Debt,3_person,married_couple,0,F&B Eatery/Full-Service Restaurants,Public_transport,Walking
35062,66,Elderly,16423,Low,1_person,living_alone,1,F&B Eatery/Snack and Nonalcoholic Beverage Bars,Car,Car
26829,95,Elderly,25786,Low,2_person,family_single,1,F&B Eatery/Full-Service Restaurants,Car,Car
56330,34,Adult,38644,Moderate,3_person,married_couple,2,F&B Eatery/Snack and Nonalcoholic Beverage Bars,Public_transport,Car
44571,46,Middle Age,1212,Low,2_person,family_single,0,F&B Eatery/Snack and Nonalcoholic Beverage Bars,Walking,Walking
46313,46,Middle Age,128813,Ultra High,2_person,married_couple,1,F&B Eatery/Limited-Service Restaurants,Car,Car
59080,25,Young Adult,103764,Very High,1_person,living_alone,1,F&B Eatery/Full-Service Restaurants,Car,Car
29345,31,Adult,41258,Moderate,2_person,nonfamily_single,0,F&B Eatery/Full-Service Restaurants,Walking,Walking
43939,33,Adult,8788,Low,7_plus_person,married_couple,3_plus,F&B Eatery/Limited-Service Restaurants,Car,Car
24690,28,Young Adult,64828,High,6_person,family_single,3_plus,F&B Eatery/Full-Service Restaurants,Public_transport,Walking
60411,41,Middle Age,16639,Low,2_person,family_single,0,F&B Eatery/Snack and Nonalcoholic Beverage Bars,Walking,Walking
47086,53,Senior,48621,Moderate,4_person,married_couple,1,F&B Eatery/Snack and Nonalcoholic Beverage Bars,Car,Public_transport
63744,16,Teen,1687,Low,3_person,family_single,1,F&B Eatery/Full-Service Restaurants,Public_transport,Walking
21113,44,Middle Age,303043,Ultra High,3_person,married_couple,1,F&B Eatery/Snack and Nonalcoholic Beverage Bars,Walking,Car
23501,32,Adult,108302,Very High,2_person,married_couple,2,F&B Eatery/Limited-Service Restaurants,Car,Car
41458,19,Young Adult,0,Debt,4_person,family_single,1,F&B Eatery/Full-Service Restaurants,Walking,Walking
7081,46,Middle Age,270117,Ultra High,1_person,living_alone,1,F&B Eatery/Full-Service Restaurants,Car,Car
31135,61,Elderly,10707,Low,1_person,living_alone,0,F&B Eatery/Full-Service Restaurants,Walking,Walking
30954,39,Adult,217606,Ultra High,4_person,married_couple,1,F&B Eatery/Snack and Nonalcoholic Beverage Bars,Car,Public_transport
4733,28,Young Adult,49701,Moderate,4_person,married_couple,1,F&B Eatery/Full-Service Restaurants,Car,Walking
41680,68,Elderly,102507,Very High,1_person,living_alone,0,F&B Eatery/Full-Service Restaurants,Public_transport,Walking
53536,33,Adult,0,Debt,3_person,family_single,1,F&B Eatery/Full-Service Restaurants,Public_transport,Public_transport
13045,30,Young Adult,116267,Very High,2_person,nonfamily_single,1,F&B Eatery/Snack and Nonalcoholic Beverage Bars,Walking,Car
66475,70,Elderly,173955,Ultra High,1_person,living_alone,1,F&B Eatery/Snack and Nonalcoholic Beverage Bars,Walking,Car
13917,42,Middle Age,0,Debt,4_person,family_single,1,F&B Eatery/Limited-Service Restaurants,Walking,Car
44049,69,Elderly,12893,Low,1_person,living_alone,1,F&B Eatery/Full-Service Restaurants,Car,Car
14955,57,Senior,1547,Low,6_person,married_couple,1,F&B Eatery/Snack and Nonalcoholic Beverage Bars,Car,Public_transport
41605,50,Middle Age,10546,Low,4_person,family_single,1,F&B Eatery/Full-Service Restaurants,Car,Car
64891,23,Young Adult,41598,Moderate,2_person,family_single,1,F&B Eatery/Snack and Nonalcoholic Beverage Bars,Public_transport,Car
20929,76,Elderly,23623,Low,3_person,married_couple,3_plus,F&B Eatery/Drinking Places,Car,Car
49748,21,Young Adult,3457,Low,2_person,family_single,1,F&B Eatery/Full-Service Restaurants,Walking,Walking
66563,41,Middle Age,54745,Moderate,2_person,family_single,1,F&B Eatery/Snack and Nonalcoholic Beverage Bars,Car,Car
44278,37,Adult,63639,High,3_person,married_couple,1,F&B Eatery/Drinking Places,Walking,Car
5520,55,Senior,23201,Low,1_person,living_alone,1,F&B Eatery/Full-Service Restaurants,Public_transport,Car
54316,24,Young Adult,5157,Low,3_person,married_couple,1,F&B Eatery/Limited-Service Restaurants,Walking,Public_transport
55190,23,Young Adult,86641,High,3_person,nonfamily_single,2,F&B Eatery/Full-Service Restaurants,Walking,Walking
50799,25,Young Adult,0,Debt,6_person,nonfamily_single,0,F&B Eatery/Full-Service Restaurants,Walking,Walking
61934,24,Young Adult,97242,Very High,3_person,family_single,0,F&B Eatery/Full-Service Restaurants,Public_transport,Walking
32115,50,Middle Age,32203,Moderate,5_person,family_single,2,F&B Eatery/Full-Service Restaurants,Car,Car
44589,29,Young Adult,115522,Very High,2_person,nonfamily_single,0,F&B Eatery/Full-Service Restaurants,Walking,Walking
23199,29,Young Adult,97242,Very High,2_person,nonfamily_single,1,F&B Eatery/Full-Service Restaurants,Walking,Car
35468,52,Senior,99019,Very High,1_person,living_alone,1,F&B Eatery/Snack and Nonalcoholic Beverage Bars,Car,Car
28246,57,Senior,8889,Low,7_plus_person,nonfamily_single,0,F&B Eatery/Full-Service Restaurants,Walking,Public_transport
1700,29,Young Adult,202029,Ultra High,3_person,nonfamily_single,1,F&B Eatery/Limited-Service Restaurants,Car,Walking
27886,36,Adult,7909,Low,6_person,married_couple,3_plus,F&B Eatery/Full-Service Restaurants,Car,Car
46364,56,Senior,34801,Moderate,2_person,married_couple,2,F&B Eatery/Snack and Nonalcoholic Beverage Bars,Car,Car
59848,86,Elderly,220057,Ultra High,6_person,married_couple,1,F&B Eatery/Snack and Nonalcoholic Beverage Bars,Car,Car
51925,66,Elderly,14142,Low,2_person,family_single,1,F&B Eatery/Full-Service Restaurants,Public_transport,Car
27518,19,Young Adult,0,Debt,1_person,living_alone,0,F&B Eatery/Limited-Service Restaurants,Walking,Walking
6968,54,Senior,14869,Low,1_person,living_alone,0,F&B Eatery/Snack and Nonalcoholic Beverage Bars,Public_transport,Public_transport
66124,31,Adult,33006,Moderate,2_person,married_couple,1,F&B Eatery/Snack and Nonalcoholic Beverage Bars,Car,Car
16322,27,Young Adult,48993,Moderate,3_person,family_single,1,F&B Eatery/Limited-Service Restaurants,Public_transport,Car
24527,62,Elderly,19988,Low,2_person,married_couple,1,F&B Eatery/Full-Service Restaurants,Car,Car
38987,32,Adult,158592,Ultra High,2_person,married_couple,1,F&B Eatery/Full-Service Restaurants,Public_transport,Car
63703,24,Young Adult,9661,Low,4_person,nonfamily_single,1,F&B Eatery/Full-Service Restaurants,Car,Car
32854,65,Elderly,29172,Low,6_person,married_couple,1,F&B Eatery/Full-Service Restaurants,Car,Car
26884,51,Senior,69774,High,2_person,married_couple,1,F&B Eatery/Full-Service Restaurants,Walking,Car
27253,27,Young Adult,90696,Very High,2_person,nonfamily_single,1,F&B Eatery/Snack and Nonalcoholic Beverage Bars,Car,Car
35240,26,Young Adult,75760,High,1_person,living_alone,0,F&B Eatery/Full-Service Restaurants,Walking,Walking
65693,46,Middle Age,155027,Ultra High,7_plus_person,family_single,1,F&B Eatery/Snack and Nonalcoholic Beverage Bars,Walking,Walking
56358,46,Middle Age,156780,Ultra High,7_plus_person,married_couple,3_plus,F&B Eatery/Full-Service Restaurants,Walking,Walking
18978,32,Adult,32203,Moderate,2_person,nonfamily_single,0,F&B Eatery/Full-Service Restaurants,Public_transport,Walking
64220,66,Elderly,54839,Moderate,1_person,living_alone,1,F&B Eatery/Limited-Service Restaurants,Walking,Car
48114,23,Young Adult,1188,Low,2_person,family_single,1,F&B Eatery/Snack and Nonalcoholic Beverage Bars,Public_transport,Walking
17413,34,Adult,45379,Moderate,2_person,family_single,0,F&B Eatery/Full-Service Restaurants,Walking,Walking
136,42,Middle Age,16101,Low,3_person,married_couple,2,F&B Eatery/Full-Service Restaurants,Public_transport,Car
39740,30,Young Adult,89902,High,4_person,nonfamily_single,1,F&B Eatery/Full-Service Restaurants,Public_transport,Car
58580,53,Senior,50810,Moderate,3_person,family_single,1,F&B Eatery/Full-Service Restaurants,Car,Car
23408,27,Young Adult,46466,Moderate,2_person,nonfamily_single,1,F&B Eatery/Snack and Nonalcoholic Beverage Bars,Public_transport,Car
30816,29,Young Adult,56729,Moderate,2_person,nonfamily_single,1,F&B Eatery/Snack and Nonalcoholic Beverage Bars,Walking,Car
11087,67,Elderly,78286,High,6_person,family_single,3_plus,F&B Eatery/Drinking Places,Public_transport,Car
19238,50,Middle Age,61618,High,2_person,married_couple,0,F&B Eatery/Full-Service Restaurants,Public_transport,Public_transport
61753,37,Adult,79095,High,3_person,family_single,1,F&B Eatery/Full-Service Restaurants,Car,Car
15721,20,Young Adult,7382,Low,4_person,family_single,2,F&B Eatery/Full-Service Restaurants,Public_transport,Public_transport
1200,49,Middle Age,277873,Ultra High,3_person,married_couple,1,F&B Eatery/Snack and Nonalcoholic Beverage Bars,Car,Car
38889,84,Elderly,0,Debt,3_person,family_single,1,F&B Eatery/Snack and Nonalcoholic Beverage Bars,Car,Car
62061,20,Young Adult,0,Debt,2_person,nonfamily_single,0,F&B Eatery/Full-Service Restaurants,Walking,Walking
26147,68,Elderly,40405,Moderate,7_plus_person,family_single,1,F&B Eatery/Full-Service Restaurants,Car,Car
48516,56,Senior,582882,Ultra High,1_person,living_alone,1,F&B Eatery/Snack and Nonalcoholic Beverage Bars,Walking,Car
44895,24,Young Adult,7220,Low,5_person,married_couple,1,F&B Eatery/Full-Service Restaurants,Walking,Public_transport
57910,22,Young Adult,10314,Low,7_plus_person,nonfamily_single,2,F&B Eatery/Special Food Services,Public_transport,Car
64848,59,Senior,40918,Moderate,2_person,family_single,1,F&B Eatery/Full-Service Restaurants,Car,Car
46893,58,Senior,179283,Ultra High,2_person,married_couple,2,F&B Eatery/Snack and Nonalcoholic Beverage Bars,Car,Car
46390,35,Adult,50507,Moderate,2_person,married_couple,1,F&B Eatery/Limited-Service Restaurants,Car,Car
30444,32,Adult,50507,Moderate,2_person,nonfamily_single,1,F&B Eatery/Limited-Service Restaurants,Public_transport,Car
6296,34,Adult,5402,Low,4_person,married_couple,2,F&B Eatery/Limited-Service Restaurants,Public_transport,Car
3927,30,Young Adult,116006,Very High,1_person,living_alone,1,F&B Eatery/Full-Service Restaurants,Car,Car
14387,84,Elderly,0,Debt,6_person,nonfamily_single,0,F&B Eatery/Full-Service Restaurants,Public_transport,Public_transport
26489,32,Adult,92920,Very High,1_person,living_alone,1,F&B Eatery/Snack and Nonalcoholic Beverage Bars,Walking,Car
60734,60,Senior,14069,Low,1_person,living_alone,1,F&B Eatery/Limited-Service Restaurants,Car,Car
32828,22,Young Adult,5905,Low,4_person,family_single,0,F&B Eatery/Full-Service Restaurants,Public_transport,Walking
57620,21,Young Adult,0,Debt,7_plus_person,family_single,1,F&B Eatery/Limited-Service Restaurants,Public_transport,Walking
3606,36,Adult,27166,Low,3_person,family_single,1,F&B Eatery/Limited-Service Restaurants,Walking,Car
21225,30,Young Adult,0,Debt,3_person,married_couple,0,F&B Eatery/Full-Service Restaurants,Public_transport,Walking
26935,23,Young Adult,31638,Moderate,6_person,nonfamily_single,3_plus,F&B Eatery/Snack and Nonalcoholic Beverage Bars,Walking,Car
35098,24,Young Adult,80862,High,2_person,nonfamily_single,2,F&B Eatery/Full-Service Restaurants,Car,Walking
11707,40,Adult,240328,Ultra High,2_person,nonfamily_single,2,F&B Eatery/Drinking Places,Walking,Car
2187,24,Young Adult,0,Debt,4_person,nonfamily_single,1,F&B Eatery/Full-Service Restaurants,Public_transport,Walking
32963,50,Middle Age,28688,Low,7_plus_person,married_couple,3_plus,F&B Eatery/Snack and Nonalcoholic Beverage Bars,Car,Car
67265,32,Adult,53672,Moderate,1_person,living_alone,0,F&B Eatery/Limited-Service Restaurants,Public_transport,Walking
12356,30,Young Adult,129550,Ultra High,2_person,nonfamily_single,1,F&B Eatery/Snack and Nonalcoholic Beverage Bars,Car,Walking
54211,38,Adult,65659,High,4_person,married_couple,0,F&B Eatery/Full-Service Restaurants,Walking,Public_transport
17186,56,Senior,0,Debt,7_plus_person,married_couple,3_plus,F&B Eatery/Snack and Nonalcoholic Beverage Bars,Public_transport,Car
15954,21,Young Adult,0,Debt,3_person,married_couple,2,F&B Eatery/Full-Service Restaurants,Public_transport,Public_transport
47406,31,Adult,48305,Moderate,2_person,nonfamily_single,1,F&B Eatery/Full-Service Restaurants,Public_transport,Car
35436,55,Senior,2868,Low,2_person,married_couple,2,F&B Eatery/Full-Service Restaurants,Walking,Car
65573,73,Elderly,9283,Low,6_person,married_couple,2,F&B Eatery/Snack and Nonalcoholic Beverage Bars,Car,Car
49393,32,Adult,221467,Ultra High,2_person,married_couple,1,F&B Eatery/Full-Service Restaurants,Car,Car
18452,52,Senior,9394,Low,1_person,living_alone,0,F&B Eatery/Snack and Nonalcoholic Beverage Bars,Public_transport,Public_transport
47963,42,Middle Age,132328,Ultra High,1_person,living_alone,1,F&B Eatery/Full-Service Restaurants,Public_transport,Car
35529,31,Adult,61887,High,2_person,nonfamily_single,1,F&B Eatery/Limited-Service Restaurants,Car,Car
34800,32,Adult,66440,High,2_person,nonfamily_single,2,F&B Eatery/Full-Service Restaurants,Car,Car
49796,38,Adult,221625,Ultra High,2_person,married_couple,1,F&B Eatery/Limited-Service Restaurants,Walking,Car
25500,22,Young Adult,3610,Low,4_person,nonfamily_single,0,F&B Eatery/Full-Service Restaurants,Walking,Walking
5103,52,Senior,67044,High,4_person,married_couple,3_plus,F&B Eatery/Full-Service Restaurants,Car,Public_transport
13652,27,Young Adult,41258,Moderate,2_person,nonfamily_single,1,F&B Eatery/Full-Service Restaurants,Car,Car
31781,51,Senior,0,Debt,4_person,married_couple,1,F&B Eatery/Full-Service Restaurants,Car,Car
1637,41,Middle Age,116267,Very High,2_person,married_couple,1,F&B Eatery/Limited-Service Restaurants,Car,Car
56704,30,Young Adult,76327,High,2_person,nonfamily_single,1,F&B Eatery/Special Food Services,Walking,Walking
41080,36,Adult,118079,Very High,2_person,married_couple,2,F&B Eatery/Full-Service Restaurants,Car,Car
30449,32,Adult,23233,Low,6_person,married_couple,2,F&B Eatery/Limited-Service Restaurants,Car,Car
11173,54,Senior,5157,Low,4_person,family_single,0,F&B Eatery/Limited-Service Restaurants,Public_transport,Walking
13261,27,Young Adult,113459,Very High,2_person,married_couple,2,F&B Eatery/Full-Service Restaurants,Car,Walking
35842,29,Young Adult,61167,High,2_person,nonfamily_single,2,F&B Eatery/Full-Service Restaurants,Public_transport,Walking
25398,41,Middle Age,19597,Low,2_person,family_single,0,F&B Eatery/Full-Service Restaurants,Public_transport,Walking
7296,43,Middle Age,69774,High,4_person,family_single,2,F&B Eatery/Full-Service Restaurants,Car,Public_transport
3278,22,Young Adult,0,Debt,2_person,nonfamily_single,0,F&B Eatery/Drinking Places,Walking,Walking
31707,50,Middle Age,59039,Moderate,4_person,married_couple,3_plus,F&B Eatery/Full-Service Restaurants,Public_transport,Car
8003,27,Young Adult,44870,Moderate,6_person,married_couple,3_plus,F&B Eatery/Snack and Nonalcoholic Beverage Bars,Car,Walking
26711,21,Young Adult,0,Debt,3_person,nonfamily_single,0,F&B Eatery/Limited-Service Restaurants,Public_transport,Walking
29493,68,Elderly,128575,Ultra High,1_person,living_alone,1,F&B Eatery/Limited-Service Restaurants,Car,Car
54122,31,Adult,0,Debt,2_person,nonfamily_single,1,F&B Eatery/Snack and Nonalcoholic Beverage Bars,Walking,Public_transport
63569,27,Young Adult,38163,Moderate,5_person,married_couple,1,F&B Eatery/Drinking Places,Public_transport,Public_transport
41094,64,Elderly,70974,High,3_person,married_couple,3_plus,F&B Eatery/Limited-Service Restaurants,Car,Car
65358,35,Adult,303043,Ultra High,2_person,nonfamily_single,1,F&B Eatery/Full-Service Restaurants,Public_transport,Car
31957,38,Adult,15152,Low,5_person,married_couple,2,F&B Eatery/Full-Service Restaurants,Car,Car
23299,63,Elderly,75957,High,1_person,living_alone,1,F&B Eatery/Limited-Service Restaurants,Walking,Car
13516,77,Elderly,45590,Moderate,1_person,living_alone,1,F&B Eatery/Snack and Nonalcoholic Beverage Bars,Public_transport,Car
7352,62,Elderly,0,Debt,3_person,married_couple,2,F&B Eatery/Snack and Nonalcoholic Beverage Bars,Car,Car
61113,48,Middle Age,10546,Low,2_person,family_single,1,F&B Eatery/Snack and Nonalcoholic Beverage Bars,Car,Car
46218,23,Young Adult,59039,Moderate,2_person,nonfamily_single,0,F&B Eatery/Snack and Nonalcoholic Beverage Bars,Walking,Walking
10751,54,Senior,118079,Very High,7_plus_person,married_couple,2,F&B Eatery/Full-Service Restaurants,Car,Public_transport
40597,37,Adult,146943,Ultra High,2_person,married_couple,1,F&B Eatery/Limited-Service Restaurants,Public_transport,Car
16446,63,Elderly,2160,Low,2_person,married_couple,1,F&B Eatery/Snack and Nonalcoholic Beverage Bars,Walking,Car
24417,21,Young Adult,9446,Low,4_person,married_couple,3_plus,F&B Eatery/Full-Service Restaurants,Walking,Car
7697,50,Middle Age,63333,High,3_person,married_couple,1,F&B Eatery/Full-Service Restaurants,Car,Car
47195,67,Elderly,6188,Low,1_person,living_alone,1,F&B Eatery/Snack and Nonalcoholic Beverage Bars,Car,Car
66736,44,Middle Age,82722,High,5_person,married_couple,1,F&B Eatery/Full-Service Restaurants,Car,Car
5668,52,Senior,150282,Ultra High,1_person,living_alone,1,F&B Eatery/Full-Service Restaurants,Car,Car
38506,31,Adult,16855,Low,6_person,married_couple,1,F&B Eatery/Limited-Service Restaurants,Public_transport,Car
28273,21,Young Adult,0,Debt,6_person,nonfamily_single,0,F&B Eatery/Limited-Service Restaurants,Walking,Walking
43427,55,Senior,15152,Low,2_person,married_couple,1,F&B Eatery/Limited-Service Restaurants,Car,Car
49831,57,Senior,38644,Moderate,2_person,married_couple,1,F&B Eatery/Full-Service Restaurants,Walking,Car
18425,61,Elderly,177119,Ultra High,2_person,married_couple,2,F&B Eatery/Snack and Nonalcoholic Beverage Bars,Walking,Car
41701,87,Elderly,93034,Very High,1_person,living_alone,0,F&B Eatery/Limited-Service Restaurants,Public_transport,Walking
5307,23,Young Adult,0,Debt,2_person,nonfamily_single,0,F&B Eatery/Snack and Nonalcoholic Beverage Bars,Walking,Walking
4458,71,Elderly,125118,Ultra High,3_person,married_couple,1,F&B Eatery/Full-Service Restaurants,Car,Car
20025,60,Senior,37132,Moderate,3_person,nonfamily_single,1,F&B Eatery/Drinking Places,Public_transport,Car
57788,21,Young Adult,21609,Low,4_person,nonfamily_single,2,F&B Eatery/Snack and Nonalcoholic Beverage Bars,Public_transport,Car
65664,29,Young Adult,92830,Very High,6_person,married_couple,2,F&B Eatery/Limited-Service Restaurants,Walking,Car
19642,66,Elderly,19330,Low,1_person,living_alone,0,F&B Eatery/Drinking Places,Walking,Walking
12855,94,Elderly,30102,Moderate,3_person,married_couple,1,F&B Eatery/Full-Service Restaurants,Walking,Car
18257,28,Young Adult,65659,High,4_person,nonfamily_single,1,F&B Eatery/Snack and Nonalcoholic Beverage Bars,Car,Car
21128,28,Young Adult,113459,Very High,3_person,married_couple,0,F&B Eatery/Snack and Nonalcoholic Beverage Bars,Walking,Public_transport
27172,27,Young Adult,46158,Moderate,6_person,family_single,1,F&B Eatery/Full-Service Restaurants,Car,Car
26293,23,Young Adult,95963,Very High,3_person,nonfamily_single,0,F&B Eatery/Full-Service Restaurants,Walking,Walking
19296,43,Middle Age,31638,Moderate,5_person,family_single,1,F&B Eatery/Full-Service Restaurants,Car,Car
43803,35,Adult,135058,Ultra High,6_person,family_single,3_plus,F&B Eatery/Full-Service Restaurants,Public_transport,Car
20411,53,Senior,12641,Low,2_person,family_single,0,F&B Eatery/Full-Service Restaurants,Public_transport,Public_transport
38256,31,Adult,75931,High,2_person,married_couple,1,F&B Eatery/Full-Service Restaurants,Public_transport,Car
16678,71,Elderly,15059,Low,2_person,married_couple,1,F&B Eatery/Full-Service Restaurants,Car,Car
8024,75,Elderly,51572,Moderate,1_person,living_alone,1,F&B Eatery/Limited-Service Restaurants,Car,Car
24170,59,Senior,34037,Moderate,1_person,living_alone,1,F&B Eatery/Special Food Services,Car,Car
29061,84,Elderly,15471,Low,6_person,nonfamily_single,0,F&B Eatery/Full-Service Restaurants,Public_transport,Public_transport
43516,68,Elderly,0,Debt,5_person,family_single,1,F&B Eatery/Full-Service Restaurants,Car,Car
66699,25,Young Adult,51572,Moderate,3_person,nonfamily_single,0,F&B Eatery/Full-Service Restaurants,Public_transport,Walking
23248,26,Young Adult,94953,Very High,1_person,living_alone,0,F&B Eatery/Full-Service Restaurants,Walking,Walking
16873,55,Senior,68549,High,1_person,living_alone,2,F&B Eatery/Drinking Places,Public_transport,Car
25069,28,Young Adult,66440,High,4_person,nonfamily_single,2,F&B Eatery/Full-Service Restaurants,Public_transport,Car
33458,23,Young Adult,86641,High,3_person,nonfamily_single,2,F&B Eatery/Snack and Nonalcoholic Beverage Bars,Public_transport,Walking
30471,32,Adult,214689,Ultra High,1_person,living_alone,1,F&B Eatery/Full-Service Restaurants,Walking,Car
44781,80,Elderly,10048,Low,3_person,married_couple,1,F&B Eatery/Full-Service Restaurants,Car,Car
16986,26,Young Adult,82516,High,2_person,married_couple,1,F&B Eatery/Full-Service Restaurants,Public_transport,Walking
10103,18,Teen,1476,Low,5_person,married_couple,2,F&B Eatery/Limited-Service Restaurants,Car,Walking
1014,72,Elderly,17395,Low,2_person,married_couple,2,F&B Eatery/Snack and Nonalcoholic Beverage Bars,Walking,Car
65629,39,Adult,0,Debt,4_person,married_couple,1,F&B Eatery/Full-Service Restaurants,Public_transport,Car
869,21,Young Adult,17273,Low,5_person,nonfamily_single,0,F&B Eatery/Snack and Nonalcoholic Beverage Bars,Public_transport,Walking
34761,62,Elderly,51862,Moderate,1_person,living_alone,1,F&B Eatery/Full-Service Restaurants,Car,Car
10626,30,Young Adult,63747,High,1_person,living_alone,1,F&B Eatery/Drinking Places,Car,Walking
44717,68,Elderly,21639,Low,3_person,married_couple,3_plus,F&B Eatery/Full-Service Restaurants,Walking,Car
47607,23,Young Adult,3232,Low,3_person,nonfamily_single,0,F&B Eatery/Full-Service Restaurants,Public_transport,Walking
14924,32,Adult,309435,Ultra High,1_person,living_alone,1,F&B Eatery/Drinking Places,Public_transport,Car
43326,49,Middle Age,92830,Very High,1_person,living_alone,1,F&B Eatery/Snack and Nonalcoholic Beverage Bars,Car,Car
7610,56,Senior,34801,Moderate,2_person,married_couple,2,F&B Eatery/Full-Service Restaurants,Car,Car
5283,39,Adult,72201,High,2_person,married_couple,2,F&B Eatery/Full-Service Restaurants,Public_transport,Car
4370,61,Elderly,13940,Low,2_person,nonfamily_single,1,F&B Eatery/Drinking Places,Public_transport,Car
64419,42,Middle Age,43218,Moderate,4_person,married_couple,2,F&B Eatery/Full-Service Restaurants,Public_transport,Car
26149,72,Elderly,18785,Low,4_person,nonfamily_single,0,F&B Eatery/Full-Service Restaurants,Public_transport,Walking
1361,27,Young Adult,21617,Low,2_person,nonfamily_single,0,F&B Eatery/Limited-Service Restaurants,Walking,Walking
26249,42,Middle Age,9697,Low,7_plus_person,married_couple,3_plus,F&B Eatery/Snack and Nonalcoholic Beverage Bars,Car,Car
50678,29,Young Adult,91839,Very High,2_person,married_couple,1,F&B Eatery/Limited-Service Restaurants,Walking,Walking
58671,58,Senior,6118,Low,1_person,living_alone,1,F&B Eatery/Full-Service Restaurants,Car,Car
34397,25,Young Adult,34575,Moderate,2_person,nonfamily_single,1,F&B Eatery/Full-Service Restaurants,Public_transport,Car
12625,21,Young Adult,21468,Low,1_person,living_alone,0,F&B Eatery/Full-Service Restaurants,Public_transport,Walking
1551,20,Young Adult,0,Debt,3_person,nonfamily_single,0,F&B Eatery/Full-Service Restaurants,Car,Walking
20810,28,Young Adult,15819,Low,4_person,nonfamily_single,1,F&B Eatery/Snack and Nonalcoholic Beverage Bars,Public_transport,Car
17568,45,Middle Age,118851,Very High,2_person,nonfamily_single,1,F&B Eatery/Full-Service Restaurants,Car,Car
50489,58,Senior,115610,Very High,2_person,married_couple,2,F&B Eatery/Full-Service Restaurants,Car,Car
53053,59,Senior,22223,Low,2_person,married_couple,0,F&B Eatery/Full-Service Restaurants,Public_transport,Public_transport
27586,30,Young Adult,48305,Moderate,1_person,living_alone,0,F&B Eatery/Full-Service Restaurants,Walking,Walking
54193,26,Young Adult,86641,High,2_person,married_couple,1,F&B Eatery/Full-Service Restaurants,Car,Walking
8252,60,Senior,274439,Ultra High,1_person,living_alone,1,F&B Eatery/Full-Service Restaurants,Car,Car
10442,79,Elderly,18293,Low,1_person,living_alone,0,F&B Eatery/Full-Service Restaurants,Walking,Walking
47399,38,Adult,123774,Ultra High,1_person,living_alone,1,F&B Eatery/Full-Service Restaurants,Car,Car
64006,62,Elderly,96161,Very High,1_person,living_alone,1,F&B Eatery/Full-Service Restaurants,Car,Car
5039,47,Middle Age,211079,Ultra High,4_person,married_couple,1,F&B Eatery/Limited-Service Restaurants,Car,Car
51498,60,Senior,84600,High,2_person,married_couple,2,F&B Eatery/Full-Service Restaurants,Car,Car
36932,60,Senior,32203,Moderate,2_person,married_couple,1,F&B Eatery/Limited-Service Restaurants,Car,Car
21869,17,Teen,0,Debt,7_plus_person,married_couple,1,F&B Eatery/Limited-Service Restaurants,Walking,Car
22520,59,Senior,22327,Low,1_person,living_alone,0,F&B Eatery/Snack and Nonalcoholic Beverage Bars,Walking,Public_transport
60128,79,Elderly,18982,Low,2_person,married_couple,1,F&B Eatery/Full-Service Restaurants,Car,Car
38462,65,Elderly,21112,Low,1_person,living_alone,0,F&B Eatery/Full-Service Restaurants,Public_transport,Walking
37887,25,Young Adult,17980,Low,7_plus_person,family_single,3_plus,F&B Eatery/Full-Service Restaurants,Walking,Car
54318,74,Elderly,95000,Very High,2_person,married_couple,2,F&B Eatery/Full-Service Restaurants,Car,Car
30131,20,Young Adult,3241,Low,7_plus_person,married_couple,2,F&B Eatery/Full-Service Restaurants,Walking,Car
1134,43,Middle Age,32203,Moderate,4_person,married_couple,2,F&B Eatery/Snack and Nonalcoholic Beverage Bars,Car,Car
57494,23,Young Adult,43218,Moderate,3_person,nonfamily_single,3_plus,F&B Eatery/Limited-Service Restaurants,Car,Car
43764,27,Young Adult,6464,Low,1_person,living_alone,0,F&B Eatery/Full-Service Restaurants,Public_transport,Walking
24944,66,Elderly,8889,Low,3_person,married_couple,2,F&B Eatery/Snack and Nonalcoholic Beverage Bars,Car,Car
10278,31,Adult,34350,Moderate,3_person,married_couple,1,F&B Eatery/Full-Service Restaurants,Public_transport,Car
28327,50,Middle Age,0,Debt,4_person,married_couple,2,F&B Eatery/Full-Service Restaurants,Public_transport,Car
10451,63,Elderly,7487,Low,2_person,married_couple,1,F&B Eatery/Full-Service Restaurants,Public_transport,Car
4017,72,Elderly,1856,Low,2_person,married_couple,2,F&B Eatery/Drinking Places,Car,Car
10409,58,Senior,10264,Low,1_person,living_alone,0,F&B Eatery/Limited-Service Restaurants,Public_transport,Public_transport
25640,88,Elderly,23723,Low,1_person,living_alone,0,F&B Eatery/Full-Service Restaurants,Walking,Walking
35192,68,Elderly,74033,High,3_person,family_single,2,F&B Eatery/Full-Service Restaurants,Car,Car
4138,21,Young Adult,0,Debt,4_person,nonfamily_single,0,F&B Eatery/Snack and Nonalcoholic Beverage Bars,Public_transport,Walking
44816,26,Young Adult,45456,Moderate,5_person,nonfamily_single,3_plus,F&B Eatery/Snack and Nonalcoholic Beverage Bars,Public_transport,Car
859,29,Young Adult,75295,High,2_person,nonfamily_single,1,F&B Eatery/Full-Service Restaurants,Walking,Walking
29943,46,Middle Age,155027,Ultra High,7_plus_person,family_single,1,F&B Eatery/Full-Service Restaurants,Car,Walking
2962,36,Adult,68086,High,3_person,married_couple,2,F&B Eatery/Full-Service Restaurants,Car,Car
24473,29,Young Adult,21609,Low,5_person,family_single,0,F&B Eatery/Snack and Nonalcoholic Beverage Bars,Public_transport,Walking
57416,74,Elderly,14342,Low,2_person,married_couple,1,F&B Eatery/Full-Service Restaurants,Public_transport,Car
2426,39,Adult,111115,Very High,7_plus_person,married_couple,1,F&B Eatery/Full-Service Restaurants,Walking,Public_transport
3676,37,Adult,35355,Moderate,3_person,married_couple,1,F&B Eatery/Full-Service Restaurants,Public_transport,Car
29315,28,Young Adult,154717,Ultra High,2_person,nonfamily_single,1,F&B Eatery/Limited-Service Restaurants,Car,Walking
60686,46,Middle Age,84368,High,3_person,family_single,3_plus,F&B Eatery/Special Food Services,Car,Car
29038,36,Adult,0,Debt,4_person,married_couple,2,F&B Eatery/Full-Service Restaurants,Car,Car
62872,21,Young Adult,0,Debt,3_person,nonfamily_single,0,F&B Eatery/Full-Service Restaurants,Public_transport,Walking
65979,28,Young Adult,63747,High,2_person,nonfamily_single,2,F&B Eatery/Snack and Nonalcoholic Beverage Bars,Car,Walking
50516,38,Adult,123774,Ultra High,1_person,living_alone,1,F&B Eatery/Full-Service Restaurants,Car,Car
7674,60,Senior,91243,Very High,2_person,married_couple,2,F&B Eatery/Full-Service Restaurants,Car,Car
50931,31,Adult,649814,Ultra High,2_person,married_couple,1,F&B Eatery/Full-Service Restaurants,Car,Car
19874,54,Senior,300910,Ultra High,1_person,living_alone,1,F&B Eatery/Snack and Nonalcoholic Beverage Bars,Car,Car
12977,69,Elderly,16970,Low,1_person,living_alone,1,F&B Eatery/Full-Service Restaurants,Walking,Car
18485,48,Middle Age,0,Debt,4_person,family_single,1,F&B Eatery/Full-Service Restaurants,Car,Car
50970,40,Adult,63276,High,3_person,married_couple,1,F&B Eatery/Snack and Nonalcoholic Beverage Bars,Public_transport,Car
16753,28,Young Adult,32324,Moderate,2_person,married_couple,1,F&B Eatery/Limited-Service Restaurants,Car,Car
37705,58,Senior,41057,Moderate,6_person,married_couple,1,F&B Eatery/Full-Service Restaurants,Car,Walking
43664,43,Middle Age,638411,Ultra High,1_person,living_alone,1,F&B Eatery/Full-Service Restaurants,Car,Car
5285,30,Young Adult,21609,Low,4_person,married_couple,2,F&B Eatery/Full-Service Restaurants,Car,Car
8367,37,Adult,111115,Very High,2_person,nonfamily_single,0,F&B Eatery/Limited-Service Restaurants,Walking,Walking
30981,28,Young Adult,0,Debt,3_person,nonfamily_single,1,F&B Eatery/Snack and Nonalcoholic Beverage Bars,Car,Walking
24351,27,Young Adult,123774,Ultra High,3_person,nonfamily_single,1,F&B Eatery/Full-Service Restaurants,Walking,Walking
56223,25,Young Adult,70230,High,3_person,nonfamily_single,2,F&B Eatery/Snack and Nonalcoholic Beverage Bars,Walking,Walking
12905,55,Senior,0,Debt,2_person,married_couple,1,F&B Eatery/Snack and Nonalcoholic Beverage Bars,Car,Car
2093,63,Elderly,29820,Low,2_person,married_couple,0,F&B Eatery/Snack and Nonalcoholic Beverage Bars,Public_transport,Public_transport
15596,44,Middle Age,40405,Moderate,1_person,living_alone,1,F&B Eatery/Limited-Service Restaurants,Walking,Walking
11336,37,Adult,21303,Low,3_person,family_single,1,F&B Eatery/Snack and Nonalcoholic Beverage Bars,Public_transport,Car
11683,25,Young Adult,22728,Low,6_person,nonfamily_single,1,F&B Eatery/Limited-Service Restaurants,Car,Public_transport
40585,44,Middle Age,26817,Low,3_person,married_couple,2,F&B Eatery/Snack and Nonalcoholic Beverage Bars,Walking,Car
1920,29,Young Adult,32414,Moderate,2_person,nonfamily_single,1,F&B Eatery/Limited-Service Restaurants,Car,Car
82,35,Adult,19886,Low,1_person,living_alone,1,F&B Eatery/Full-Service Restaurants,Car,Public_transport
56483,47,Middle Age,17029,Low,3_person,family_single,2,F&B Eatery/Full-Service Restaurants,Public_transport,Car
56456,78,Elderly,46971,Moderate,2_person,married_couple,1,F&B Eatery/Full-Service Restaurants,Car,Car
17200,34,Adult,18151,Low,3_person,family_single,1,F&B Eatery/Full-Service Restaurants,Walking,Car
13318,35,Adult,64406,High,4_person,married_couple,1,F&B Eatery/Full-Service Restaurants,Car,Car
42051,83,Elderly,11706,Low,1_person,living_alone,0,F&B Eatery/Snack and Nonalcoholic Beverage Bars,Car,Walking
37164,26,Young Adult,85862,High,2_person,nonfamily_single,0,F&B Eatery/Full-Service Restaurants,Walking,Walking
60272,32,Adult,375439,Ultra High,2_person,married_couple,1,F&B Eatery/Drinking Places,Car,Car
62912,55,Senior,27011,Low,3_person,nonfamily_single,0,F&B Eatery/Limited-Service Restaurants,Public_transport,Public_transport
41243,35,Adult,69150,High,1_person,living_alone,1,F&B Eatery/Full-Service Restaurants,Walking,Car
55276,35,Adult,69150,High,1_person,living_alone,1,F&B Eatery/Limited-Service Restaurants,Walking,Car
53272,32,Adult,128813,Ultra High,1_person,living_alone,0,F&B Eatery/Limited-Service Restaurants,Public_transport,Walking
18845,63,Elderly,28890,Low,1_person,living_alone,1,F&B Eatery/Snack and Nonalcoholic Beverage Bars,Public_transport,Car
57953,33,Adult,45348,Moderate,2_person,nonfamily_single,1,F&B Eatery/Snack and Nonalcoholic Beverage Bars,Car,Car
27491,26,Young Adult,80811,High,1_person,living_alone,0,F&B Eatery/Special Food Services,Walking,Walking
1813,28,Young Adult,107559,Very High,2_person,nonfamily_single,2,F&B Eatery/Full-Service Restaurants,Car,Car
34039,23,Young Adult,0,Debt,3_person,family_single,0,F&B Eatery/Snack and Nonalcoholic Beverage Bars,Public_transport,Walking
47994,43,Middle Age,947904,Ultra High,3_person,family_single,2,F&B Eatery/Full-Service Restaurants,Car,Car
60308,33,Adult,60608,High,2_person,nonfamily_single,2,F&B Eatery/Full-Service Restaurants,Walking,Car
57903,77,Elderly,10372,Low,1_person,living_alone,0,F&B Eatery/Drinking Places,Walking,Walking
2994,71,Elderly,10372,Low,1_person,living_alone,2,F&B Eatery/Limited-Service Restaurants,Public_transport,Car
37525,31,Adult,116166,Very High,2_person,married_couple,1,F&B Eatery/Drinking Places,Walking,Car
48442,35,Adult,62918,High,4_person,married_couple,1,F&B Eatery/Full-Service Restaurants,Public_transport,Car
15438,55,Senior,30304,Moderate,2_person,married_couple,1,F&B Eatery/Snack and Nonalcoholic Beverage Bars,Car,Car
62260,66,Elderly,33747,Moderate,5_person,married_couple,3_plus,F&B Eatery/Snack and Nonalcoholic Beverage Bars,Car,Car
55561,33,Adult,48621,Moderate,1_person,living_alone,1,F&B Eatery/Full-Service Restaurants,Walking,Car
14296,91,Elderly,24041,Low,3_person,family_single,2,F&B Eatery/Full-Service Restaurants,Car,Car
42137,29,Young Adult,54839,Moderate,3_person,nonfamily_single,1,F&B Eatery/Drinking Places,Public_transport,Car
2642,37,Adult,32203,Moderate,3_person,family_single,1,F&B Eatery/Full-Service Restaurants,Walking,Car
9280,20,Young Adult,0,Debt,3_person,nonfamily_single,0,F&B Eatery/Limited-Service Restaurants,Public_transport,Walking
40387,25,Young Adult,10766,Low,3_person,nonfamily_single,0,F&B Eatery/Drinking Places,Public_transport,Walking
29084,30,Young Adult,56184,Moderate,3_person,married_couple,3_plus,F&B Eatery/Full-Service Restaurants,Walking,Car
18689,34,Adult,48486,Moderate,3_person,married_couple,1,F&B Eatery/Snack and Nonalcoholic Beverage Bars,Public_transport,Car
66915,63,Elderly,15126,Low,6_person,married_couple,1,F&B Eatery/Full-Service Restaurants,Public_transport,Car
54330,31,Adult,9661,Low,2_person,family_single,0,F&B Eatery/Full-Service Restaurants,Walking,Public_transport
36963,39,Adult,160194,Ultra High,2_person,nonfamily_single,0,F&B Eatery/Full-Service Restaurants,Walking,Walking
62906,49,Middle Age,641563,Ultra High,1_person,living_alone,1,F&B Eatery/Full-Service Restaurants,Car,Car
45800,48,Middle Age,0,Debt,1_person,living_alone,0,F&B Eatery/Full-Service Restaurants,Public_transport,Walking
29231,33,Adult,100367,Very High,2_person,married_couple,1,F&B Eatery/Snack and Nonalcoholic Beverage Bars,Public_transport,Car
56671,24,Young Adult,5157,Low,7_plus_person,nonfamily_single,2,F&B Eatery/Full-Service Restaurants,Public_transport,Car
45536,30,Young Adult,77358,High,3_person,married_couple,1,F&B Eatery/Full-Service Restaurants,Car,Walking
12360,68,Elderly,0,Debt,3_person,family_single,1,F&B Eatery/Full-Service Restaurants,Walking,Car
3849,60,Senior,171756,Ultra High,1_person,living_alone,0,F&B Eatery/Full-Service Restaurants,Public_transport,Public_transport
1306,46,Middle Age,0,Debt,4_person,married_couple,2,F&B Eatery/Drinking Places,Car,Car
34510,28,Young Adult,133196,Ultra High,2_person,married_couple,1,F&B Eatery/Full-Service Restaurants,Car,Walking
62597,64,Elderly,58345,Moderate,3_person,married_couple,2,F&B Eatery/Full-Service Restaurants,Public_transport,Car
16194,50,Middle Age,50621,Moderate,3_person,married_couple,1,F&B Eatery/Full-Service Restaurants,Public_transport,Car
48021,28,Young Adult,151521,Ultra High,1_person,living_alone,1,F&B Eatery/Full-Service Restaurants,Walking,Walking
19233,27,Young Adult,2222,Low,3_person,nonfamily_single,0,F&B Eatery/Full-Service Restaurants,Public_transport,Walking
30109,70,Elderly,32324,Moderate,1_person,living_alone,0,F&B Eatery/Snack and Nonalcoholic Beverage Bars,Public_transport,Public_transport
16193,53,Senior,257735,Ultra High,2_person,married_couple,2,F&B Eatery/Full-Service Restaurants,Car,Car
26990,61,Elderly,303043,Ultra High,2_person,married_couple,2,F&B Eatery/Full-Service Restaurants,Walking,Car
36322,20,Young Adult,0,Debt,2_person,nonfamily_single,0,F&B Eatery/Full-Service Restaurants,Public_transport,Walking
29267,61,Elderly,9016,Low,1_person,living_alone,0,F&B Eatery/Snack and Nonalcoholic Beverage Bars,Walking,Walking
61842,20,Young Adult,0,Debt,4_person,nonfamily_single,0,F&B Eatery/Limited-Service Restaurants,Walking,Walking
51347,54,Senior,27011,Low,3_person,family_single,0,F&B Eatery/Full-Service Restaurants,Public_transport,Public_transport
46005,31,Adult,203443,Ultra High,1_person,living_alone,1,F&B Eatery/Snack and Nonalcoholic Beverage Bars,Public_transport,Car
2600,73,Elderly,9283,Low,6_person,married_couple,2,F&B Eatery/Full-Service Restaurants,Car,Car
16346,31,Adult,20629,Low,4_person,family_single,1,F&B Eatery/Full-Service Restaurants,Car,Walking
22547,48,Middle Age,39504,Moderate,2_person,family_single,1,F&B Eatery/Limited-Service Restaurants,Car,Car
30949,27,Young Adult,64406,High,2_person,nonfamily_single,1,F&B Eatery/Full-Service Restaurants,Car,Walking
1518,21,Young Adult,0,Debt,3_person,nonfamily_single,1,F&B Eatery/Full-Service Restaurants,Car,Walking
29340,59,Senior,107271,Very High,3_person,married_couple,1,F&B Eatery/Snack and Nonalcoholic Beverage Bars,Car,Car
28890,32,Adult,0,Debt,6_person,married_couple,1,F&B Eatery/Full-Service Restaurants,Car,Car
60710,82,Elderly,299599,Ultra High,1_person,living_alone,1,F&B Eatery/Limited-Service Restaurants,Car,Car
32182,73,Elderly,56737,Moderate,1_person,living_alone,1,F&B Eatery/Snack and Nonalcoholic Beverage Bars,Public_transport,Car
63407,74,Elderly,6440,Low,2_person,married_couple,2,F&B Eatery/Full-Service Restaurants,Car,Car
4117,26,Young Adult,85875,High,2_person,nonfamily_single,1,F&B Eatery/Full-Service Restaurants,Car,Walking
22693,25,Young Adult,64330,High,3_person,nonfamily_single,1,F&B Eatery/Limited-Service Restaurants,Public_transport,Walking
10825,77,Elderly,39442,Moderate,2_person,married_couple,2,F&B Eatery/Full-Service Restaurants,Car,Car
5755,32,Adult,53672,Moderate,1_person,living_alone,0,F&B Eatery/Snack and Nonalcoholic Beverage Bars,Walking,Walking
38401,63,Elderly,7487,Low,2_person,married_couple,1,F&B Eatery/Limited-Service Restaurants,Car,Car
41167,43,Middle Age,60391,High,4_person,married_couple,1,F&B Eatery/Drinking Places,Car,Car
14114,40,Adult,73471,High,1_person,living_alone,1,F&B Eatery/Snack and Nonalcoholic Beverage Bars,Walking,Car
32088,30,Young Adult,75141,High,4_person,nonfamily_single,1,F&B Eatery/Snack and Nonalcoholic Beverage Bars,Car,Car
22625,40,Adult,222231,Ultra High,2_person,married_couple,1,F&B Eatery/Snack and Nonalcoholic Beverage Bars,Public_transport,Car
45833,27,Young Adult,70710,High,2_person,nonfamily_single,2,F&B Eatery/Drinking Places,Car,Walking
59778,43,Middle Age,33598,Moderate,2_person,married_couple,2,F&B Eatery/Drinking Places,Car,Public_transport
39930,31,Adult,68689,High,2_person,married_couple,1,F&B Eatery/Snack and Nonalcoholic Beverage Bars,Public_transport,Car
28230,75,Elderly,34575,Moderate,2_person,married_couple,1,F&B Eatery/Full-Service Restaurants,Public_transport,Car
64276,26,Young Adult,54023,Moderate,4_person,married_couple,1,F&B Eatery/Full-Service Restaurants,Public_transport,Walking
22192,64,Elderly,0,Debt,3_person,married_couple,1,F&B Eatery/Limited-Service Restaurants,Walking,Car
52954,30,Young Adult,52062,Moderate,2_person,nonfamily_single,1,F&B Eatery/Full-Service Restaurants,Walking,Car
14256,44,Middle Age,0,Debt,5_person,married_couple,1,F&B Eatery/Limited-Service Restaurants,Public_transport,Car
61864,41,Middle Age,273944,Ultra High,2_person,married_couple,1,F&B Eatery/Snack and Nonalcoholic Beverage Bars,Walking,Car
62931,23,Young Adult,64828,High,2_person,nonfamily_single,1,F&B Eatery/Full-Service Restaurants,Walking,Walking
44505,24,Young Adult,54547,Moderate,3_person,nonfamily_single,1,F&B Eatery/Full-Service Restaurants,Car,Car
48209,84,Elderly,27525,Low,2_person,married_couple,0,F&B Eatery/Snack and Nonalcoholic Beverage Bars,Walking,Public_transport
1988,33,Adult,53672,Moderate,1_person,living_alone,1,F&B Eatery/Limited-Service Restaurants,Walking,Car
62120,20,Young Adult,42937,Moderate,1_person,living_alone,1,F&B Eatery/Drinking Places,Car,Car
25917,57,Senior,2576,Low,2_person,married_couple,2,F&B Eatery/Limited-Service Restaurants,Car,Car
62875,86,Elderly,11885,Low,2_person,married_couple,1,F&B Eatery/Snack and Nonalcoholic Beverage Bars,Car,Car
30020,22,Young Adult,27011,Low,2_person,nonfamily_single,1,F&B Eatery/Drinking Places,Car,Walking
40505,41,Middle Age,19597,Low,2_person,family_single,0,F&B Eatery/Snack and Nonalcoholic Beverage Bars,Public_transport,Walking
16901,24,Young Adult,53672,Moderate,3_person,nonfamily_single,0,F&B Eatery/Limited-Service Restaurants,Car,Walking
10561,25,Young Adult,70138,High,2_person,nonfamily_single,1,F&B Eatery/Drinking Places,Walking,Walking
55312,80,Elderly,68549,High,1_person,living_alone,0,F&B Eatery/Drinking Places,Public_transport,Public_transport
32969,51,Senior,21468,Low,1_person,living_alone,1,F&B Eatery/Full-Service Restaurants,Public_transport,Car
38556,56,Senior,0,Debt,2_person,married_couple,2,F&B Eatery/Full-Service Restaurants,Car,Car
54845,63,Elderly,0,Debt,2_person,married_couple,1,F&B Eatery/Drinking Places,Car,Car
55513,75,Elderly,7779,Low,3_person,married_couple,1,F&B Eatery/Snack and Nonalcoholic Beverage Bars,Car,Car
25991,69,Elderly,96269,Very High,1_person,living_alone,1,F&B Eatery/Full-Service Restaurants,Car,Car
29240,25,Young Adult,95963,Very High,3_person,nonfamily_single,3_plus,F&B Eatery/Full-Service Restaurants,Car,Car
53608,74,Elderly,6440,Low,2_person,married_couple,2,F&B Eatery/Snack and Nonalcoholic Beverage Bars,Car,Car
51913,71,Elderly,0,Debt,3_person,married_couple,3_plus,F&B Eatery/Snack and Nonalcoholic Beverage Bars,Car,Car
15166,66,Elderly,11128,Low,3_person,family_single,0,F&B Eatery/Drinking Places,Public_transport,Walking
55633,22,Young Adult,7563,Low,5_person,married_couple,1,F&B Eatery/Drinking Places,Public_transport,Public_transport
55063,25,Young Adult,55557,Moderate,3_person,nonfamily_single,0,F&B Eatery/Snack and Nonalcoholic Beverage Bars,Public_transport,Walking
23580,84,Elderly,15471,Low,6_person,nonfamily_single,0,F&B Eatery/Full-Service Restaurants,Public_transport,Public_transport
22931,42,Middle Age,10520,Low,6_person,family_single,1,F&B Eatery/Full-Service Restaurants,Walking,Walking
37623,66,Elderly,875180,Ultra High,2_person,married_couple,2,F&B Eatery/Full-Service Restaurants,Walking,Car
56796,31,Adult,57039,Moderate,1_person,living_alone,1,F&B Eatery/Full-Service Restaurants,Car,Car
66352,46,Middle Age,79801,High,6_person,married_couple,2,F&B Eatery/Full-Service Restaurants,Public_transport,Car
24703,32,Adult,22146,Low,2_person,nonfamily_single,1,F&B Eatery/Full-Service Restaurants,Walking,Public_transport
60818,38,Adult,59039,Moderate,1_person,living_alone,1,F&B Eatery/Full-Service Restaurants,Walking,Car
22742,46,Middle Age,38688,Moderate,1_person,living_alone,0,F&B Eatery/Full-Service Restaurants,Public_transport,Walking
9741,80,Elderly,8889,Low,7_plus_person,nonfamily_single,0,F&B Eatery/Limited-Service Restaurants,Public_transport,Public_transport
45270,94,Elderly,64406,High,2_person,nonfamily_single,1,F&B Eatery/Snack and Nonalcoholic Beverage Bars,Car,Car
15950,35,Adult,108418,Very High,4_person,married_couple,1,F&B Eatery/Limited-Service Restaurants,Car,Car
51590,53,Senior,639500,Ultra High,1_person,living_alone,1,F&B Eatery/Full-Service Restaurants,Walking,Car
3765,75,Elderly,4401,Low,2_person,married_couple,2,F&B Eatery/Full-Service Restaurants,Car,Car
65983,34,Adult,0,Debt,2_person,family_single,1,F&B Eatery/Full-Service Restaurants,Public_transport,Public_transport
46220,36,Adult,252536,Ultra High,1_person,living_alone,1,F&B Eatery/Drinking Places,Walking,Car
39200,70,Elderly,0,Debt,2_person,married_couple,1,F&B Eatery/Full-Service Restaurants,Car,Car
25027,60,Senior,171794,Ultra High,2_person,family_single,1,F&B Eatery/Special Food Services,Car,Car
7846,64,Elderly,21,Low,3_person,married_couple,1,F&B Eatery/Full-Service Restaurants,Car,Car
63591,74,Elderly,12881,Low,4_person,family_single,2,F&B Eatery/Limited-Service Restaurants,Car,Car
12253,22,Young Adult,5157,Low,6_person,nonfamily_single,1,F&B Eatery/Full-Service Restaurants,Walking,Public_transport
26049,30,Young Adult,68549,High,3_person,married_couple,1,F&B Eatery/Full-Service Restaurants,Car,Walking
57210,49,Middle Age,20202,Low,4_person,family_single,2,F&B Eatery/Snack and Nonalcoholic Beverage Bars,Car,Public_transport
55492,20,Young Adult,0,Debt,2_person,nonfamily_single,0,F&B Eatery/Snack and Nonalcoholic Beverage Bars,Public_transport,Walking
21205,46,Middle Age,0,Debt,2_person,family_single,0,F&B Eatery/Snack and Nonalcoholic Beverage Bars,Public_transport,Walking
16402,34,Adult,85875,High,3_person,married_couple,1,F&B Eatery/Limited-Service Restaurants,Public_transport,Car
52712,59,Senior,633391,Ultra High,1_person,living_alone,0,F&B Eatery/Snack and Nonalcoholic Beverage Bars,Walking,Public_transport
53103,30,Young Adult,101014,Very High,2_person,married_couple,1,F&B Eatery/Limited-Service Restaurants,Public_transport,Walking
49201,59,Senior,9192,Low,3_person,family_single,1,F&B Eatery/Full-Service Restaurants,Walking,Car
30013,30,Young Adult,0,Debt,6_person,married_couple,1,F&B Eatery/Limited-Service Restaurants,Public_transport,Walking
19488,69,Elderly,31819,Moderate,3_person,married_couple,1,F&B Eatery/Limited-Service Restaurants,Walking,Car
31802,23,Young Adult,67627,High,3_person,nonfamily_single,1,F&B Eatery/Full-Service Restaurants,Public_transport,Walking
887,61,Elderly,328462,Ultra High,2_person,nonfamily_single,1,F&B Eatery/Drinking Places,Car,Car
39029,37,Adult,39597,Moderate,2_person,nonfamily_single,1,F&B Eatery/Full-Service Restaurants,Car,Car
23620,75,Elderly,36038,Moderate,5_person,nonfamily_single,1,F&B Eatery/Full-Service Restaurants,Walking,Car
6989,36,Adult,0,Debt,7_plus_person,married_couple,1,F&B Eatery/Full-Service Restaurants,Walking,Car
38811,44,Middle Age,175346,Ultra High,3_person,family_single,0,F&B Eatery/Limited-Service Restaurants,Public_transport,Walking
10808,69,Elderly,101014,Very High,2_person,married_couple,1,F&B Eatery/Snack and Nonalcoholic Beverage Bars,Car,Car
57860,72,Elderly,52123,Moderate,2_person,family_single,1,F&B Eatery/Full-Service Restaurants,Car,Car
19552,25,Young Adult,50507,Moderate,4_person,nonfamily_single,3_plus,F&B Eatery/Full-Service Restaurants,Walking,Public_transport
52101,25,Young Adult,48305,Moderate,6_person,married_couple,3_plus,F&B Eatery/Full-Service Restaurants,Public_transport,Walking
1424,34,Adult,105460,Very High,1_person,living_alone,1,F&B Eatery/Snack and Nonalcoholic Beverage Bars,Walking,Car
16523,28,Young Adult,9491,Low,2_person,family_single,0,F&B Eatery/Full-Service Restaurants,Public_transport,Walking
32026,27,Young Adult,81035,High,2_person,nonfamily_single,2,F&B Eatery/Full-Service Restaurants,Public_transport,Walking
26500,57,Senior,29912,Low,2_person,family_single,0,F&B Eatery/Full-Service Restaurants,Walking,Public_transport
59722,28,Young Adult,63747,High,2_person,nonfamily_single,2,F&B Eatery/Drinking Places,Walking,Walking
48692,72,Elderly,85862,High,7_plus_person,married_couple,1,F&B Eatery/Limited-Service Restaurants,Walking,Car
19581,29,Young Adult,67044,High,2_person,married_couple,1,F&B Eatery/Full-Service Restaurants,Walking,Walking
21515,77,Elderly,43217,Moderate,2_person,nonfamily_single,2,F&B Eatery/Snack and Nonalcoholic Beverage Bars,Walking,Car
112,66,Elderly,14337,Low,1_person,living_alone,3_plus,F&B Eatery/Limited-Service Restaurants,Public_transport,Car
40928,22,Young Adult,45456,Moderate,6_person,family_single,1,F&B Eatery/Full-Service Restaurants,Walking,Car
7291,57,Senior,156572,Ultra High,2_person,married_couple,1,F&B Eatery/Limited-Service Restaurants,Car,Car
16199,27,Young Adult,100050,Very High,2_person,nonfamily_single,1,F&B Eatery/Full-Service Restaurants,Walking,Car
37327,20,Young Adult,0,Debt,3_person,nonfamily_single,0,F&B Eatery/Full-Service Restaurants,Walking,Walking
53747,29,Young Adult,45400,Moderate,7_plus_person,married_couple,3_plus,F&B Eatery/Full-Service Restaurants,Car,Car
46289,82,Elderly,67627,High,2_person,married_couple,1,F&B Eatery/Full-Service Restaurants,Car,Car
11442,31,Adult,248508,Ultra High,1_person,living_alone,1,F&B Eatery/Full-Service Restaurants,Car,Car
21074,31,Adult,32716,Moderate,2_person,nonfamily_single,0,F&B Eatery/Snack and Nonalcoholic Beverage Bars,Walking,Walking
11254,35,Adult,37570,Moderate,2_person,nonfamily_single,0,F&B Eatery/Full-Service Restaurants,Public_transport,Walking
24335,79,Elderly,431861,Ultra High,2_person,married_couple,2,F&B Eatery/Full-Service Restaurants,Car,Car
65396,74,Elderly,40809,Moderate,2_person,married_couple,2,F&B Eatery/Drinking Places,Car,Car
61890,50,Middle Age,227571,Ultra High,2_person,married_couple,2,F&B Eatery/Full-Service Restaurants,Walking,Car
41334,33,Adult,10804,Low,2_person,married_couple,0,F&B Eatery/Limited-Service Restaurants,Public_transport,Public_transport
49079,81,Elderly,6464,Low,3_person,married_couple,2,F&B Eatery/Limited-Service Restaurants,Walking,Car
52429,60,Senior,382844,Ultra High,3_person,nonfamily_single,2,F&B Eatery/Snack and Nonalcoholic Beverage Bars,Walking,Car
43526,36,Adult,162070,Ultra High,2_person,nonfamily_single,1,F&B Eatery/Full-Service Restaurants,Car,Car
62279,60,Senior,14069,Low,1_person,living_alone,1,F&B Eatery/Full-Service Restaurants,Car,Car
20452,18,Teen,4218,Low,6_person,married_couple,2,F&B Eatery/Full-Service Restaurants,Car,Walking
20792,59,Senior,131318,Ultra High,1_person,living_alone,1,F&B Eatery/Full-Service Restaurants,Walking,Car
17266,41,Middle Age,116690,Very High,2_person,married_couple,1,F&B Eatery/Full-Service Restaurants,Walking,Car
19477,30,Young Adult,145863,Ultra High,2_person,married_couple,1,F&B Eatery/Drinking Places,Walking,Walking
26113,55,Senior,32203,Moderate,3_person,married_couple,3_plus,F&B Eatery/Limited-Service Restaurants,Public_transport,Public_transport
27798,32,Adult,69150,High,1_person,living_alone,0,F&B Eatery/Full-Service Restaurants,Public_transport,Walking
59819,35,Adult,69150,High,1_person,living_alone,1,F&B Eatery/Full-Service Restaurants,Public_transport,Car
16835,30,Young Adult,3241,Low,4_person,family_single,3_plus,F&B Eatery/Full-Service Restaurants,Car,Walking
56414,21,Young Adult,0,Debt,2_person,nonfamily_single,2,F&B Eatery/Full-Service Restaurants,Walking,Walking
3731,25,Young Adult,0,Debt,2_person,married_couple,2,F&B Eatery/Full-Service Restaurants,Walking,Public_transport
56408,48,Middle Age,14130,Low,3_person,married_couple,1,F&B Eatery/Snack and Nonalcoholic Beverage Bars,Car,Car
1481,24,Young Adult,12655,Low,5_person,married_couple,2,F&B Eatery/Limited-Service Restaurants,Car,Public_transport
32298,57,Senior,76771,High,2_person,family_single,0,F&B Eatery/Drinking Places,Walking,Public_transport
4986,26,Young Adult,25931,Low,2_person,nonfamily_single,0,F&B Eatery/Full-Service Restaurants,Public_transport,Walking
52815,33,Adult,6854,Low,3_person,married_couple,3_plus,F&B Eatery/Full-Service Restaurants,Car,Car
35531,57,Senior,12881,Low,1_person,living_alone,0,F&B Eatery/Full-Service Restaurants,Public_transport,Public_transport
58002,55,Senior,51862,Moderate,2_person,married_couple,2,F&B Eatery/Full-Service Restaurants,Walking,Car
13794,25,Young Adult,42184,Moderate,2_person,nonfamily_single,1,F&B Eatery/Full-Service Restaurants,Walking,Car
40893,50,Middle Age,32203,Moderate,4_person,family_single,1,F&B Eatery/Full-Service Restaurants,Walking,Car
1855,20,Young Adult,0,Debt,3_person,nonfamily_single,0,F&B Eatery/Limited-Service Restaurants,Walking,Walking
48367,24,Young Adult,55557,Moderate,4_person,nonfamily_single,2,F&B Eatery/Limited-Service Restaurants,Walking,Public_transport
45580,22,Young Adult,3241,Low,5_person,nonfamily_single,1,F&B Eatery/Drinking Places,Walking,Car
33767,62,Elderly,14223,Low,1_person,living_alone,0,F&B Eatery/Full-Service Restaurants,Public_transport,Walking
389,17,Teen,0,Debt,6_person,married_couple,3_plus,F&B Eatery/Drinking Places,Car,Car
44367,25,Young Adult,52730,Moderate,3_person,nonfamily_single,1,F&B Eatery/Snack and Nonalcoholic Beverage Bars,Public_transport,Car
39194,45,Middle Age,0,Debt,3_person,married_couple,1,F&B Eatery/Snack and Nonalcoholic Beverage Bars,Walking,Car
50628,39,Adult,44661,Moderate,2_person,married_couple,1,F&B Eatery/Snack and Nonalcoholic Beverage Bars,Car,Car
18624,23,Young Adult,41258,Moderate,3_person,married_couple,1,F&B Eatery/Snack and Nonalcoholic Beverage Bars,Public_transport,Car
10578,24,Young Adult,75632,High,1_person,living_alone,0,F&B Eatery/Full-Service Restaurants,Public_transport,Walking
38055,56,Senior,72994,High,2_person,married_couple,1,F&B Eatery/Full-Service Restaurants,Car,Car
40880,77,Elderly,3506,Low,2_person,married_couple,0,F&B Eatery/Full-Service Restaurants,Public_transport,Public_transport
17376,94,Elderly,123605,Ultra High,4_person,family_single,3_plus,F&B Eatery/Full-Service Restaurants,Car,Car
56184,50,Middle Age,29294,Low,1_person,living_alone,1,F&B Eatery/Full-Service Restaurants,Car,Car
4997,55,Senior,0,Debt,3_person,family_single,1,F&B Eatery/Full-Service Restaurants,Car,Car
20306,23,Young Adult,0,Debt,2_person,nonfamily_single,0,F&B Eatery/Full-Service Restaurants,Walking,Walking
19356,66,Elderly,107782,Very High,5_person,married_couple,2,F&B Eatery/Drinking Places,Car,Car
27962,22,Young Adult,0,Debt,3_person,married_couple,3_plus,F&B Eatery/Limited-Service Restaurants,Walking,Public_transport
23255,34,Adult,3094,Low,5_person,married_couple,1,F&B Eatery/Full-Service Restaurants,Public_transport,Car
14211,29,Young Adult,15152,Low,4_person,married_couple,2,F&B Eatery/Full-Service Restaurants,Walking,Car
45814,20,Young Adult,0,Debt,5_person,married_couple,1,F&B Eatery/Full-Service Restaurants,Walking,Public_transport
37564,63,Elderly,0,Debt,3_person,married_couple,0,F&B Eatery/Limited-Service Restaurants,Public_transport,Public_transport
4769,18,Teen,0,Debt,5_person,family_single,2,F&B Eatery/Snack and Nonalcoholic Beverage Bars,Public_transport,Car
50445,23,Young Adult,22223,Low,6_person,nonfamily_single,3_plus,F&B Eatery/Snack and Nonalcoholic Beverage Bars,Car,Car
26400,84,Elderly,12121,Low,2_person,family_single,0,F&B Eatery/Limited-Service Restaurants,Public_transport,Walking
43833,23,Young Adult,0,Debt,3_person,nonfamily_single,1,F&B Eatery/Limited-Service Restaurants,Public_transport,Walking
4173,20,Young Adult,0,Debt,2_person,nonfamily_single,0,F&B Eatery/Full-Service Restaurants,Walking,Walking
18919,34,Adult,64828,High,2_person,nonfamily_single,0,F&B Eatery/Limited-Service Restaurants,Public_transport,Walking
66597,38,Adult,126268,Ultra High,3_person,married_couple,1,F&B Eatery/Snack and Nonalcoholic Beverage Bars,Car,Car
34675,29,Young Adult,222231,Ultra High,1_person,living_alone,0,F&B Eatery/Drinking Places,Public_transport,Walking
24618,31,Adult,39195,Moderate,2_person,married_couple,1,F&B Eatery/Limited-Service Restaurants,Walking,Car
4946,16,Teen,0,Debt,4_person,married_couple,1,F&B Eatery/Full-Service Restaurants,Car,Public_transport
41328,27,Young Adult,0,Debt,2_person,married_couple,1,F&B Eatery/Full-Service Restaurants,Car,Public_transport
6033,43,Middle Age,44293,Moderate,4_person,family_single,1,F&B Eatery/Snack and Nonalcoholic Beverage Bars,Car,Car
7619,37,Adult,25786,Low,2_person,married_couple,1,F&B Eatery/Limited-Service Restaurants,Public_transport,Walking
33919,72,Elderly,87882,High,5_person,married_couple,2,F&B Eatery/Full-Service Restaurants,Public_transport,Car
50719,25,Young Adult,51886,Moderate,2_person,nonfamily_single,1,F&B Eatery/Full-Service Restaurants,Public_transport,Car
19555,52,Senior,161017,Ultra High,4_person,married_couple,3_plus,F&B Eatery/Limited-Service Restaurants,Walking,Public_transport
44814,36,Adult,222231,Ultra High,1_person,living_alone,1,F&B Eatery/Full-Service Restaurants,Car,Car
9689,81,Elderly,341934,Ultra High,2_person,married_couple,1,F&B Eatery/Limited-Service Restaurants,Car,Car
39874,60,Senior,5367,Low,2_person,married_couple,2,F&B Eatery/Drinking Places,Walking,Car
66334,50,Middle Age,227571,Ultra High,2_person,married_couple,2,F&B Eatery/Full-Service Restaurants,Car,Car
53312,53,Senior,0,Debt,2_person,married_couple,2,F&B Eatery/Full-Service Restaurants,Car,Car
37055,30,Young Adult,91839,Very High,2_person,married_couple,0,F&B Eatery/Snack and Nonalcoholic Beverage Bars,Public_transport,Public_transport
34998,35,Adult,91243,Very High,1_person,living_alone,1,F&B Eatery/Full-Service Restaurants,Public_transport,Car
26732,52,Senior,15242,Low,1_person,living_alone,1,F&B Eatery/Full-Service Restaurants,Car,Car
174,31,Adult,92830,Very High,2_person,married_couple,2,F&B Eatery/Snack and Nonalcoholic Beverage Bars,Car,Car
18287,61,Elderly,9446,Low,1_person,living_alone,1,F&B Eatery/Full-Service Restaurants,Car,Car
25675,54,Senior,206290,Ultra High,1_person,living_alone,1,F&B Eatery/Full-Service Restaurants,Car,Car
41520,21,Young Adult,0,Debt,3_person,nonfamily_single,0,F&B Eatery/Snack and Nonalcoholic Beverage Bars,Public_transport,Walking
56894,27,Young Adult,47446,Moderate,2_person,nonfamily_single,1,F&B Eatery/Full-Service Restaurants,Public_transport,Car
36176,20,Young Adult,0,Debt,3_person,family_single,0,F&B Eatery/Snack and Nonalcoholic Beverage Bars,Walking,Walking
1538,80,Elderly,7728,Low,2_person,married_couple,0,F&B Eatery/Full-Service Restaurants,Walking,Public_transport
35060,37,Adult,117145,Very High,1_person,living_alone,1,F&B Eatery/Drinking Places,Car,Car
42291,31,Adult,82516,High,2_person,married_couple,1,F&B Eatery/Limited-Service Restaurants,Walking,Car
1363,27,Young Adult,21468,Low,4_person,nonfamily_single,2,F&B Eatery/Full-Service Restaurants,Car,Car
37125,31,Adult,108047,Very High,2_person,nonfamily_single,2,F&B Eatery/Full-Service Restaurants,Public_transport,Car
62021,68,Elderly,14852,Low,2_person,married_couple,2,F&B Eatery/Limited-Service Restaurants,Car,Car
21644,64,Elderly,0,Debt,2_person,married_couple,1,F&B Eatery/Drinking Places,Public_transport,Car
18504,53,Senior,19536,Low,3_person,married_couple,1,F&B Eatery/Snack and Nonalcoholic Beverage Bars,Public_transport,Car
18908,20,Young Adult,2828,Low,1_person,living_alone,0,F&B Eatery/Snack and Nonalcoholic Beverage Bars,Public_transport,Walking
680,42,Middle Age,185661,Ultra High,2_person,married_couple,0,F&B Eatery/Full-Service Restaurants,Walking,Walking
13050,48,Middle Age,34801,Moderate,4_person,married_couple,1,F&B Eatery/Limited-Service Restaurants,Walking,Car
65271,82,Elderly,12881,Low,2_person,married_couple,2,F&B Eatery/Drinking Places,Car,Car
36432,50,Middle Age,17534,Low,1_person,living_alone,0,F&B Eatery/Snack and Nonalcoholic Beverage Bars,Walking,Walking
50813,37,Adult,75632,High,3_person,family_single,2,F&B Eatery/Full-Service Restaurants,Walking,Car
33276,34,Adult,0,Debt,3_person,married_couple,2,F&B Eatery/Full-Service Restaurants,Car,Car
32934,63,Elderly,10727,Low,1_person,living_alone,1,F&B Eatery/Full-Service Restaurants,Walking,Car
13689,25,Young Adult,46415,Moderate,3_person,nonfamily_single,2,F&B Eatery/Full-Service Restaurants,Car,Car
406,51,Senior,0,Debt,3_person,married_couple,1,F&B Eatery/Full-Service Restaurants,Car,Car
25582,68,Elderly,67627,High,6_person,family_single,1,F&B Eatery/Drinking Places,Car,Car
19456,23,Young Adult,30056,Moderate,4_person,nonfamily_single,0,F&B Eatery/Full-Service Restaurants,Walking,Walking
23749,24,Young Adult,0,Debt,4_person,nonfamily_single,0,F&B Eatery/Snack and Nonalcoholic Beverage Bars,Walking,Walking
1914,60,Senior,1,Low,1_person,living_alone,1,F&B Eatery/Full-Service Restaurants,Car,Car
60838,28,Young Adult,42937,Moderate,3_person,family_single,1,F&B Eatery/Limited-Service Restaurants,Public_transport,Car
7263,19,Young Adult,0,Debt,1_person,living_alone,0,F&B Eatery/Limited-Service Restaurants,Walking,Walking
20238,32,Adult,10804,Low,3_person,family_single,1,F&B Eatery/Full-Service Restaurants,Walking,Car
20583,29,Young Adult,63950,High,2_person,nonfamily_single,0,F&B Eatery/Limited-Service Restaurants,Public_transport,Walking
56513,22,Young Adult,103145,Very High,2_person,nonfamily_single,0,F&B Eatery/Limited-Service Restaurants,Public_transport,Walking
29783,22,Young Adult,1395,Low,5_person,married_couple,1,F&B Eatery/Full-Service Restaurants,Walking,Public_transport
29566,60,Senior,1515,Low,7_plus_person,nonfamily_single,0,F&B Eatery/Full-Service Restaurants,Public_transport,Public_transport
10728,29,Young Adult,90205,Very High,2_person,married_couple,0,F&B Eatery/Full-Service Restaurants,Walking,Public_transport
33872,57,Senior,8889,Low,7_plus_person,nonfamily_single,0,F&B Eatery/Snack and Nonalcoholic Beverage Bars,Car,Public_transport
12067,30,Young Adult,56948,Moderate,2_person,nonfamily_single,1,F&B Eatery/Full-Service Restaurants,Walking,Car
2610,22,Young Adult,25499,Low,2_person,married_couple,1,F&B Eatery/Full-Service Restaurants,Walking,Public_transport
42712,38,Adult,49509,Moderate,7_plus_person,married_couple,3_plus,F&B Eatery/Snack and Nonalcoholic Beverage Bars,Walking,Car
38078,58,Senior,0,Debt,3_person,married_couple,2,F&B Eatery/Full-Service Restaurants,Car,Car
64513,50,Middle Age,78400,High,4_person,married_couple,1,F&B Eatery/Full-Service Restaurants,Walking,Car
31845,23,Young Adult,0,Debt,3_person,nonfamily_single,1,F&B Eatery/Snack and Nonalcoholic Beverage Bars,Walking,Walking
11108,22,Young Adult,3241,Low,4_person,married_couple,3_plus,F&B Eatery/Limited-Service Restaurants,Car,Car
11156,78,Elderly,12965,Low,2_person,married_couple,2,F&B Eatery/Limited-Service Restaurants,Car,Car
54906,54,Senior,20204,Low,6_person,family_single,3_plus,F&B Eatery/Snack and Nonalcoholic Beverage Bars,Public_transport,Car
32920,40,Adult,25786,Low,7_plus_person,married_couple,3_plus,F&B Eatery/Full-Service Restaurants,Car,Car
13422,75,Elderly,14448,Low,2_person,family_single,0,F&B Eatery/Limited-Service Restaurants,Public_transport,Walking
22963,43,Middle Age,132328,Ultra High,4_person,married_couple,0,F&B Eatery/Limited-Service Restaurants,Walking,Walking
22063,53,Senior,332,Low,1_person,living_alone,0,F&B Eatery/Limited-Service Restaurants,Walking,Public_transport
28483,81,Elderly,248887,Ultra High,2_person,married_couple,1,F&B Eatery/Snack and Nonalcoholic Beverage Bars,Public_transport,Car
2832,35,Adult,97242,Very High,4_person,married_couple,1,F&B Eatery/Full-Service Restaurants,Public_transport,Car
27128,28,Young Adult,15819,Low,4_person,nonfamily_single,1,F&B Eatery/Snack and Nonalcoholic Beverage Bars,Walking,Car
43733,41,Middle Age,155233,Ultra High,3_person,married_couple,1,F&B Eatery/Snack and Nonalcoholic Beverage Bars,Public_transport,Car
63445,50,Middle Age,45456,Moderate,3_person,married_couple,0,F&B Eatery/Snack and Nonalcoholic Beverage Bars,Public_transport,Public_transport
3551,26,Young Adult,80508,High,2_person,nonfamily_single,0,F&B Eatery/Full-Service Restaurants,Public_transport,Walking
52874,68,Elderly,40405,Moderate,7_plus_person,family_single,1,F&B Eatery/Full-Service Restaurants,Car,Car
64583,81,Elderly,18788,Low,2_person,married_couple,1,F&B Eatery/Drinking Places,Car,Car
66042,65,Elderly,31638,Moderate,2_person,married_couple,2,F&B Eatery/Full-Service Restaurants,Car,Car
12541,30,Young Adult,144403,Ultra High,2_person,married_couple,1,F&B Eatery/Limited-Service Restaurants,Walking,Walking
31486,36,Adult,330622,Ultra High,1_person,living_alone,1,F&B Eatery/Full-Service Restaurants,Walking,Car
30881,73,Elderly,8889,Low,7_plus_person,nonfamily_single,0,F&B Eatery/Snack and Nonalcoholic Beverage Bars,Public_transport,Public_transport
37306,47,Middle Age,12447,Low,4_person,married_couple,2,F&B Eatery/Full-Service Restaurants,Car,Public_transport
47135,33,Adult,216094,Ultra High,1_person,living_alone,1,F&B Eatery/Full-Service Restaurants,Walking,Car
3273,36,Adult,4909,Low,3_person,married_couple,0,F&B Eatery/Full-Service Restaurants,Public_transport,Public_transport
10014,70,Elderly,330317,Ultra High,7_plus_person,married_couple,1,F&B Eatery/Full-Service Restaurants,Car,Car
45046,65,Elderly,52519,Moderate,1_person,living_alone,1,F&B Eatery/Full-Service Restaurants,Public_transport,Car
64472,31,Adult,91839,Very High,2_person,family_single,2,F&B Eatery/Full-Service Restaurants,Car,Walking
57615,21,Young Adult,0,Debt,1_person,living_alone,0,F&B Eatery/Snack and Nonalcoholic Beverage Bars,Walking,Walking
15088,33,Adult,18982,Low,3_person,family_single,1,F&B Eatery/Drinking Places,Public_transport,Car
18375,20,Young Adult,4293,Low,3_person,married_couple,3_plus,F&B Eatery/Full-Service Restaurants,Walking,Public_transport
2708,63,Elderly,85155,High,2_person,married_couple,1,F&B Eatery/Snack and Nonalcoholic Beverage Bars,Public_transport,Car
24885,48,Middle Age,11861,Low,4_person,married_couple,1,F&B Eatery/Full-Service Restaurants,Car,Car
28884,29,Young Adult,44446,Moderate,2_person,family_single,1,F&B Eatery/Snack and Nonalcoholic Beverage Bars,Walking,Car
5141,30,Young Adult,150282,Ultra High,1_person,living_alone,0,F&B Eatery/Full-Service Restaurants,Walking,Walking
27127,46,Middle Age,129926,Ultra High,4_person,married_couple,1,F&B Eatery/Snack and Nonalcoholic Beverage Bars,Car,Car
60943,59,Senior,1296,Low,2_person,family_single,2,F&B Eatery/Limited-Service Restaurants,Car,Car
44582,42,Middle Age,48478,Moderate,3_person,family_single,1,F&B Eatery/Full-Service Restaurants,Public_transport,Car
20195,58,Senior,32203,Moderate,5_person,married_couple,3_plus,F&B Eatery/Drinking Places,Car,Car
30581,62,Elderly,8889,Low,7_plus_person,nonfamily_single,0,F&B Eatery/Snack and Nonalcoholic Beverage Bars,Public_transport,Public_transport
7214,36,Adult,199886,Ultra High,2_person,married_couple,1,F&B Eatery/Limited-Service Restaurants,Car,Car
36218,75,Elderly,2626,Low,6_person,married_couple,3_plus,F&B Eatery/Full-Service Restaurants,Car,Car
20975,57,Senior,14046,Low,1_person,living_alone,0,F&B Eatery/Limited-Service Restaurants,Walking,Public_transport
23736,69,Elderly,20202,Low,3_person,married_couple,1,F&B Eatery/Limited-Service Restaurants,Car,Car
16589,28,Young Adult,35423,Moderate,3_person,nonfamily_single,1,F&B Eatery/Snack and Nonalcoholic Beverage Bars,Walking,Car
30106,22,Young Adult,0,Debt,4_person,nonfamily_single,0,F&B Eatery/Snack and Nonalcoholic Beverage Bars,Walking,Walking
25711,48,Middle Age,10372,Low,5_person,married_couple,3_plus,F&B Eatery/Full-Service Restaurants,Car,Car
23064,40,Adult,37570,Moderate,5_person,married_couple,2,F&B Eatery/Drinking Places,Public_transport,Car
13156,29,Young Adult,16970,Low,3_person,married_couple,1,F&B Eatery/Snack and Nonalcoholic Beverage Bars,Car,Public_transport
35517,55,Senior,0,Debt,2_person,married_couple,1,F&B Eatery/Limited-Service Restaurants,Public_transport,Car
60957,33,Adult,91839,Very High,4_person,married_couple,2,F&B Eatery/Full-Service Restaurants,Car,Car
57649,21,Young Adult,10804,Low,2_person,nonfamily_single,0,F&B Eatery/Snack and Nonalcoholic Beverage Bars,Public_transport,Walking
51001,26,Young Adult,143702,Ultra High,1_person,living_alone,0,F&B Eatery/Snack and Nonalcoholic Beverage Bars,Public_transport,Walking
63882,48,Middle Age,0,Debt,4_person,married_couple,1,F&B Eatery/Snack and Nonalcoholic Beverage Bars,Car,Car
22412,74,Elderly,18586,Low,2_person,married_couple,1,F&B Eatery/Full-Service Restaurants,Car,Car
26564,22,Young Adult,5905,Low,4_person,family_single,0,F&B Eatery/Limited-Service Restaurants,Public_transport,Walking
19624,41,Middle Age,633360,Ultra High,2_person,married_couple,1,F&B Eatery/Full-Service Restaurants,Car,Car
60142,33,Adult,6854,Low,3_person,married_couple,3_plus,F&B Eatery/Snack and Nonalcoholic Beverage Bars,Car,Car
45475,53,Senior,32203,Moderate,2_person,married_couple,2,F&B Eatery/Snack and Nonalcoholic Beverage Bars,Public_transport,Car
30206,19,Young Adult,0,Debt,3_person,nonfamily_single,0,F&B Eatery/Snack and Nonalcoholic Beverage Bars,Walking,Walking
20466,40,Adult,56184,Moderate,2_person,married_couple,3_plus,F&B Eatery/Full-Service Restaurants,Public_transport,Car
19493,62,Elderly,5273,Low,4_person,married_couple,1,F&B Eatery/Limited-Service Restaurants,Car,Car
45899,38,Adult,10734,Low,7_plus_person,married_couple,1,F&B Eatery/Snack and Nonalcoholic Beverage Bars,Car,Walking
12251,30,Young Adult,61586,High,5_person,nonfamily_single,1,F&B Eatery/Full-Service Restaurants,Public_transport,Car
10179,50,Middle Age,0,Debt,3_person,married_couple,1,F&B Eatery/Limited-Service Restaurants,Car,Car
22318,72,Elderly,21557,Low,2_person,married_couple,1,F&B Eatery/Snack and Nonalcoholic Beverage Bars,Car,Car
66466,30,Young Adult,34344,Moderate,2_person,nonfamily_single,0,F&B Eatery/Full-Service Restaurants,Walking,Walking
38578,74,Elderly,31718,Moderate,1_person,living_alone,1,F&B Eatery/Full-Service Restaurants,Car,Car
57727,37,Adult,27273,Low,4_person,married_couple,0,F&B Eatery/Limited-Service Restaurants,Walking,Public_transport
38402,62,Elderly,12317,Low,2_person,family_single,1,F&B Eatery/Snack and Nonalcoholic Beverage Bars,Public_transport,Car
53459,73,Elderly,14337,Low,3_person,nonfamily_single,1,F&B Eatery/Full-Service Restaurants,Walking,Car
11580,40,Adult,25786,Low,4_person,family_single,1,F&B Eatery/Limited-Service Restaurants,Walking,Walking
19540,21,Young Adult,0,Debt,5_person,nonfamily_single,3_plus,F&B Eatery/Limited-Service Restaurants,Car,Car
46694,36,Adult,222231,Ultra High,1_person,living_alone,1,F&B Eatery/Full-Service Restaurants,Public_transport,Car
22918,33,Adult,80150,High,1_person,living_alone,1,F&B Eatery/Full-Service Restaurants,Walking,Car
60071,64,Elderly,0,Debt,2_person,married_couple,0,F&B Eatery/Snack and Nonalcoholic Beverage Bars,Public_transport,Public_transport
42633,91,Elderly,311730,Ultra High,1_person,living_alone,0,F&B Eatery/Full-Service Restaurants,Car,Public_transport
63677,21,Young Adult,0,Debt,2_person,nonfamily_single,0,F&B Eatery/Snack and Nonalcoholic Beverage Bars,Walking,Walking
34148,29,Young Adult,41649,Moderate,4_person,nonfamily_single,3_plus,F&B Eatery/Snack and Nonalcoholic Beverage Bars,Car,Public_transport
38213,24,Young Adult,-1616,Debt,3_person,married_couple,2,F&B Eatery/Snack and Nonalcoholic Beverage Bars,Public_transport,Public_transport
14901,62,Elderly,74349,High,2_person,married_couple,1,F&B Eatery/Full-Service Restaurants,Public_transport,Car
25275,29,Young Adult,66553,High,2_person,nonfamily_single,1,F&B Eatery/Full-Service Restaurants,Public_transport,Walking
3832,63,Elderly,3649,Low,3_person,married_couple,2,F&B Eatery/Full-Service Restaurants,Car,Car
32252,25,Young Adult,4641,Low,3_person,married_couple,3_plus,F&B Eatery/Full-Service Restaurants,Car,Public_transport
49976,47,Middle Age,89641,High,3_person,married_couple,3_plus,F&B Eatery/Full-Service Restaurants,Car,Car
37544,27,Young Adult,105208,Very High,1_person,living_alone,2,F&B Eatery/Limited-Service Restaurants,Car,Car
57149,26,Young Adult,0,Debt,2_person,nonfamily_single,0,F&B Eatery/Snack and Nonalcoholic Beverage Bars,Walking,Walking
37044,43,Middle Age,18485,Low,7_plus_person,married_couple,1,F&B Eatery/Limited-Service Restaurants,Car,Car
57597,89,Elderly,16263,Low,2_person,nonfamily_single,2,F&B Eatery/Full-Service Restaurants,Car,Car
37726,29,Young Adult,45084,Moderate,2_person,nonfamily_single,1,F&B Eatery/Full-Service Restaurants,Car,Car
67006,48,Middle Age,80811,High,3_person,married_couple,1,F&B Eatery/Full-Service Restaurants,Public_transport,Car
43884,30,Young Adult,31005,Moderate,2_person,nonfamily_single,2,F&B Eatery/Snack and Nonalcoholic Beverage Bars,Walking,Car
49430,76,Elderly,14268,Low,3_person,family_single,1,F&B Eatery/Full-Service Restaurants,Car,Car
23155,45,Middle Age,86437,High,4_person,married_couple,2,F&B Eatery/Full-Service Restaurants,Car,Car
7415,29,Young Adult,214689,Ultra High,3_person,married_couple,1,F&B Eatery/Full-Service Restaurants,Public_transport,Walking
36020,29,Young Adult,0,Debt,5_person,married_couple,0,F&B Eatery/Snack and Nonalcoholic Beverage Bars,Public_transport,Walking
6614,20,Young Adult,5367,Low,5_person,nonfamily_single,0,F&B Eatery/Limited-Service Restaurants,Walking,Walking
27056,60,Senior,0,Debt,5_person,married_couple,3_plus,F&B Eatery/Full-Service Restaurants,Car,Car
57272,29,Young Adult,25786,Low,1_person,living_alone,0,F&B Eatery/Snack and Nonalcoholic Beverage Bars,Public_transport,Walking
16673,62,Elderly,55557,Moderate,2_person,family_single,1,F&B Eatery/Full-Service Restaurants,Car,Car
61250,33,Adult,8251,Low,4_person,family_single,1,F&B Eatery/Snack and Nonalcoholic Beverage Bars,Public_transport,Walking
19459,19,Young Adult,0,Debt,2_person,family_single,1,F&B Eatery/Snack and Nonalcoholic Beverage Bars,Car,Walking
12265,79,Elderly,7323,Low,2_person,married_couple,0,F&B Eatery/Limited-Service Restaurants,Public_transport,Public_transport
10775,31,Adult,74552,High,1_person,living_alone,1,F&B Eatery/Drinking Places,Car,Car
19991,28,Young Adult,91750,Very High,2_person,married_couple,1,F&B Eatery/Full-Service Restaurants,Car,Walking
47068,63,Elderly,197514,Ultra High,2_person,married_couple,0,F&B Eatery/Drinking Places,Walking,Public_transport
62433,65,Elderly,8889,Low,7_plus_person,nonfamily_single,0,F&B Eatery/Full-Service Restaurants,Public_transport,Public_transport
15523,21,Young Adult,0,Debt,4_person,married_couple,2,F&B Eatery/Full-Service Restaurants,Public_transport,Car
30908,24,Young Adult,75632,High,1_person,living_alone,0,F&B Eatery/Full-Service Restaurants,Walking,Walking
14270,59,Senior,73531,High,2_person,family_single,1,F&B Eatery/Full-Service Restaurants,Car,Car
45095,26,Young Adult,68075,High,2_person,nonfamily_single,1,F&B Eatery/Full-Service Restaurants,Car,Walking
44314,28,Young Adult,53672,Moderate,3_person,nonfamily_single,2,F&B Eatery/Limited-Service Restaurants,Car,Car
48407,28,Young Adult,0,Debt,6_person,nonfamily_single,0,F&B Eatery/Snack and Nonalcoholic Beverage Bars,Walking,Walking
25966,25,Young Adult,53672,Moderate,5_person,married_couple,2,F&B Eatery/Snack and Nonalcoholic Beverage Bars,Car,Car
15042,26,Young Adult,55557,Moderate,4_person,nonfamily_single,0,F&B Eatery/Full-Service Restaurants,Walking,Walking
46976,51,Senior,73822,High,4_person,married_couple,1,F&B Eatery/Drinking Places,Public_transport,Car
35236,20,Young Adult,0,Debt,2_person,family_single,0,F&B Eatery/Drinking Places,Walking,Walking
45026,41,Middle Age,593617,Ultra High,1_person,living_alone,1,F&B Eatery/Drinking Places,Public_transport,Car
16654,52,Senior,0,Debt,1_person,living_alone,1,F&B Eatery/Full-Service Restaurants,Public_transport,Car
31555,30,Young Adult,45379,Moderate,2_person,married_couple,0,F&B Eatery/Full-Service Restaurants,Public_transport,Walking
20954,29,Young Adult,32414,Moderate,2_person,nonfamily_single,1,F&B Eatery/Limited-Service Restaurants,Walking,Car
28152,24,Young Adult,68549,High,4_person,nonfamily_single,3_plus,F&B Eatery/Full-Service Restaurants,Car,Walking
44525,32,Adult,69774,High,1_person,living_alone,1,F&B Eatery/Snack and Nonalcoholic Beverage Bars,Car,Car
65962,48,Middle Age,105661,Very High,1_person,living_alone,0,F&B Eatery/Limited-Service Restaurants,Walking,Public_transport
13869,25,Young Adult,48621,Moderate,2_person,nonfamily_single,1,F&B Eatery/Snack and Nonalcoholic Beverage Bars,Public_transport,Car
16998,27,Young Adult,60506,High,3_person,nonfamily_single,3_plus,F&B Eatery/Full-Service Restaurants,Car,Car
28783,86,Elderly,6395,Low,5_person,married_couple,3_plus,F&B Eatery/Limited-Service Restaurants,Car,Car
27794,82,Elderly,299599,Ultra High,1_person,living_alone,1,F&B Eatery/Snack and Nonalcoholic Beverage Bars,Car,Car
42351,25,Young Adult,62667,High,1_person,living_alone,1,F&B Eatery/Full-Service Restaurants,Public_transport,Walking
39464,71,Elderly,9724,Low,2_person,married_couple,0,F&B Eatery/Snack and Nonalcoholic Beverage Bars,Car,Public_transport
61319,25,Young Adult,52730,Moderate,4_person,nonfamily_single,3_plus,F&B Eatery/Full-Service Restaurants,Public_transport,Public_transport
20700,21,Young Adult,0,Debt,5_person,married_couple,2,F&B Eatery/Full-Service Restaurants,Public_transport,Car
35948,27,Young Adult,97023,Very High,2_person,nonfamily_single,1,F&B Eatery/Full-Service Restaurants,Public_transport,Car
64935,21,Young Adult,0,Debt,2_person,nonfamily_single,0,F&B Eatery/Full-Service Restaurants,Walking,Walking
47857,84,Elderly,9491,Low,2_person,married_couple,1,F&B Eatery/Full-Service Restaurants,Car,Car
50574,73,Elderly,68549,High,3_person,married_couple,2,F&B Eatery/Limited-Service Restaurants,Walking,Car
8275,65,Elderly,25310,Low,2_person,family_single,1,F&B Eatery/Full-Service Restaurants,Car,Car
9065,78,Elderly,122525,Ultra High,2_person,married_couple,2,F&B Eatery/Snack and Nonalcoholic Beverage Bars,Public_transport,Car
43798,26,Young Adult,43320,Moderate,2_person,nonfamily_single,0,F&B Eatery/Drinking Places,Walking,Walking
2179,26,Young Adult,60709,High,4_person,nonfamily_single,2,F&B Eatery/Drinking Places,Car,Car
4557,78,Elderly,137884,Ultra High,2_person,married_couple,2,F&B Eatery/Drinking Places,Car,Car
61844,55,Senior,61167,High,2_person,nonfamily_single,3_plus,F&B Eatery/Full-Service Restaurants,Car,Car
7812,67,Elderly,69107,High,2_person,married_couple,2,F&B Eatery/Full-Service Restaurants,Car,Car
45607,95,Elderly,54563,Moderate,2_person,family_single,1,F&B Eatery/Full-Service Restaurants,Car,Car
39065,57,Senior,0,Debt,2_person,family_single,2,F&B Eatery/Snack and Nonalcoholic Beverage Bars,Walking,Car
42998,60,Senior,454565,Ultra High,7_plus_person,married_couple,1,F&B Eatery/Full-Service Restaurants,Walking,Car
23854,73,Elderly,0,Debt,3_person,family_single,0,F&B Eatery/Limited-Service Restaurants,Walking,Walking
14534,66,Elderly,104238,Very High,2_person,married_couple,1,F&B Eatery/Special Food Services,Car,Car
33467,43,Middle Age,5050,Low,2_person,married_couple,1,F&B Eatery/Snack and Nonalcoholic Beverage Bars,Public_transport,Car
1132,20,Young Adult,0,Debt,3_person,nonfamily_single,0,F&B Eatery/Snack and Nonalcoholic Beverage Bars,Walking,Walking
43410,54,Senior,13408,Low,4_person,married_couple,2,F&B Eatery/Full-Service Restaurants,Walking,Public_transport
61298,55,Senior,0,Debt,3_person,family_single,1,F&B Eatery/Full-Service Restaurants,Car,Car
10521,39,Adult,119601,Very High,4_person,married_couple,2,F&B Eatery/Limited-Service Restaurants,Public_transport,Car
59979,57,Senior,107,Low,6_person,family_single,1,F&B Eatery/Full-Service Restaurants,Car,Car
22626,23,Young Adult,15471,Low,1_person,living_alone,0,F&B Eatery/Limited-Service Restaurants,Walking,Walking
64598,27,Young Adult,39977,Moderate,4_person,nonfamily_single,0,F&B Eatery/Full-Service Restaurants,Walking,Walking
46002,25,Young Adult,38385,Moderate,6_person,nonfamily_single,0,F&B Eatery/Full-Service Restaurants,Walking,Walking
2871,41,Middle Age,32738,Moderate,2_person,nonfamily_single,1,F&B Eatery/Full-Service Restaurants,Car,Walking
62090,60,Senior,10335,Low,1_person,living_alone,0,F&B Eatery/Limited-Service Restaurants,Public_transport,Public_transport
56575,25,Young Adult,9695,Low,7_plus_person,married_couple,2,F&B Eatery/Full-Service Restaurants,Walking,Car
12996,22,Young Adult,232,Low,7_plus_person,family_single,1,F&B Eatery/Full-Service Restaurants,Public_transport,Walking
63043,50,Middle Age,70230,High,2_person,family_single,2,F&B Eatery/Full-Service Restaurants,Walking,Car
19164,34,Adult,82831,High,3_person,married_couple,2,F&B Eatery/Full-Service Restaurants,Walking,Car
26536,36,Adult,285537,Ultra High,2_person,family_single,1,F&B Eatery/Full-Service Restaurants,Public_transport,Car
34540,42,Middle Age,130088,Ultra High,3_person,married_couple,1,F&B Eatery/Full-Service Restaurants,Car,Car
43361,65,Elderly,73822,High,2_person,married_couple,1,F&B Eatery/Snack and Nonalcoholic Beverage Bars,Car,Car
21904,37,Adult,20629,Low,1_person,living_alone,1,F&B Eatery/Limited-Service Restaurants,Car,Public_transport
25792,43,Middle Age,54023,Moderate,2_person,nonfamily_single,1,F&B Eatery/Full-Service Restaurants,Walking,Walking
34681,44,Middle Age,11885,Low,2_person,married_couple,0,F&B Eatery/Snack and Nonalcoholic Beverage Bars,Public_transport,Public_transport
46980,60,Senior,33031,Moderate,2_person,family_single,1,F&B Eatery/Snack and Nonalcoholic Beverage Bars,Car,Car
64399,18,Teen,3094,Low,6_person,married_couple,3_plus,F&B Eatery/Limited-Service Restaurants,Walking,Walking
9256,42,Middle Age,46460,Moderate,4_person,married_couple,1,F&B Eatery/Full-Service Restaurants,Car,Car
52938,74,Elderly,52943,Moderate,2_person,married_couple,1,F&B Eatery/Limited-Service Restaurants,Public_transport,Car
12602,44,Middle Age,0,Debt,5_person,married_couple,1,F&B Eatery/Full-Service Restaurants,Car,Car
29961,39,Adult,140277,Ultra High,4_person,married_couple,1,F&B Eatery/Full-Service Restaurants,Walking,Public_transport
32598,95,Elderly,16812,Low,1_person,living_alone,0,F&B Eatery/Full-Service Restaurants,Car,Walking
64278,31,Adult,90913,Very High,2_person,nonfamily_single,1,F&B Eatery/Drinking Places,Walking,Car
30099,59,Senior,75931,High,2_person,married_couple,2,F&B Eatery/Full-Service Restaurants,Car,Car
46956,64,Elderly,80453,High,1_person,living_alone,1,F&B Eatery/Full-Service Restaurants,Car,Car
24729,76,Elderly,121012,Ultra High,3_person,nonfamily_single,2,F&B Eatery/Full-Service Restaurants,Car,Car
15417,31,Adult,12666,Low,3_person,family_single,1,F&B Eatery/Snack and Nonalcoholic Beverage Bars,Public_transport,Car
63232,20,Young Adult,0,Debt,2_person,nonfamily_single,1,F&B Eatery/Snack and Nonalcoholic Beverage Bars,Walking,Walking
51313,40,Adult,19448,Low,3_person,nonfamily_single,0,F&B Eatery/Limited-Service Restaurants,Walking,Walking
52160,56,Senior,19899,Low,1_person,living_alone,1,F&B Eatery/Full-Service Restaurants,Public_transport,Car
1105,44,Middle Age,63950,High,2_person,nonfamily_single,1,F&B Eatery/Full-Service Restaurants,Car,Car
64153,65,Elderly,25310,Low,2_person,family_single,1,F&B Eatery/Full-Service Restaurants,Car,Car
17076,45,Middle Age,0,Debt,6_person,married_couple,3_plus,F&B Eatery/Limited-Service Restaurants,Car,Car
10195,24,Young Adult,0,Debt,2_person,family_single,1,F&B Eatery/Limited-Service Restaurants,Walking,Walking
4956,32,Adult,93943,Very High,2_person,married_couple,1,F&B Eatery/Drinking Places,Car,Car
41075,33,Adult,148135,Ultra High,4_person,married_couple,1,F&B Eatery/Drinking Places,Car,Public_transport
45740,35,Adult,88704,High,3_person,married_couple,1,F&B Eatery/Full-Service Restaurants,Car,Car
53521,19,Young Adult,0,Debt,4_person,family_single,1,F&B Eatery/Limited-Service Restaurants,Car,Walking
19149,34,Adult,148529,Ultra High,2_person,nonfamily_single,1,F&B Eatery/Snack and Nonalcoholic Beverage Bars,Public_transport,Car
20313,89,Elderly,883448,Ultra High,2_person,married_couple,2,F&B Eatery/Full-Service Restaurants,Public_transport,Car
20058,21,Young Adult,30304,Moderate,2_person,nonfamily_single,0,F&B Eatery/Snack and Nonalcoholic Beverage Bars,Walking,Walking
66381,31,Adult,134088,Ultra High,2_person,married_couple,0,F&B Eatery/Full-Service Restaurants,Car,Walking
3696,43,Middle Age,133978,Ultra High,7_plus_person,married_couple,2,F&B Eatery/Drinking Places,Walking,Walking
40546,39,Adult,68549,High,3_person,married_couple,1,F&B Eatery/Limited-Service Restaurants,Public_transport,Car
42589,38,Adult,36911,Moderate,7_plus_person,married_couple,1,F&B Eatery/Full-Service Restaurants,Walking,Public_transport
33396,23,Young Adult,0,Debt,3_person,nonfamily_single,0,F&B Eatery/Full-Service Restaurants,Public_transport,Walking
35219,30,Young Adult,108047,Very High,1_person,living_alone,1,F&B Eatery/Full-Service Restaurants,Car,Car
63630,30,Young Adult,101317,Very High,2_person,married_couple,2,F&B Eatery/Snack and Nonalcoholic Beverage Bars,Car,Walking
28482,24,Young Adult,34801,Moderate,4_person,nonfamily_single,1,F&B Eatery/Snack and Nonalcoholic Beverage Bars,Car,Car
20208,29,Young Adult,30056,Moderate,2_person,nonfamily_single,2,F&B Eatery/Limited-Service Restaurants,Walking,Car
53574,27,Young Adult,4646,Low,7_plus_person,family_single,1,F&B Eatery/Limited-Service Restaurants,Public_transport,Walking
27228,40,Adult,76771,High,3_person,married_couple,1,F&B Eatery/Snack and Nonalcoholic Beverage Bars,Walking,Car
41560,72,Elderly,4444,Low,2_person,married_couple,2,F&B Eatery/Snack and Nonalcoholic Beverage Bars,Car,Car
20127,45,Middle Age,36383,Moderate,3_person,married_couple,1,F&B Eatery/Full-Service Restaurants,Walking,Car
2176,22,Young Adult,58003,Moderate,2_person,nonfamily_single,0,F&B Eatery/Full-Service Restaurants,Public_transport,Walking
62962,32,Adult,82722,High,6_person,married_couple,2,F&B Eatery/Full-Service Restaurants,Public_transport,Walking
55841,38,Adult,17175,Low,2_person,nonfamily_single,0,F&B Eatery/Drinking Places,Walking,Walking
25242,31,Adult,152917,Ultra High,2_person,married_couple,1,F&B Eatery/Limited-Service Restaurants,Walking,Car
19702,59,Senior,18141,Low,1_person,living_alone,0,F&B Eatery/Drinking Places,Public_transport,Public_transport
40695,48,Middle Age,10314,Low,1_person,living_alone,0,F&B Eatery/Snack and Nonalcoholic Beverage Bars,Public_transport,Walking
58805,81,Elderly,43836,Moderate,2_person,married_couple,1,F&B Eatery/Snack and Nonalcoholic Beverage Bars,Walking,Car
23816,30,Young Adult,1237,Low,6_person,married_couple,1,F&B Eatery/Full-Service Restaurants,Car,Public_transport
2787,30,Young Adult,32203,Moderate,3_person,family_single,3_plus,F&B Eatery/Snack and Nonalcoholic Beverage Bars,Public_transport,Car
12297,63,Elderly,86872,High,2_person,nonfamily_single,1,F&B Eatery/Drinking Places,Car,Car
1196,42,Middle Age,48621,Moderate,7_plus_person,married_couple,2,F&B Eatery/Full-Service Restaurants,Public_transport,Car
18060,22,Young Adult,16101,Low,4_person,nonfamily_single,1,F&B Eatery/Full-Service Restaurants,Walking,Car
20331,26,Young Adult,0,Debt,3_person,nonfamily_single,0,F&B Eatery/Limited-Service Restaurants,Walking,Walking
40386,27,Young Adult,121217,Ultra High,2_person,family_single,2,F&B Eatery/Full-Service Restaurants,Walking,Public_transport
37212,53,Senior,62628,High,2_person,married_couple,2,F&B Eatery/Full-Service Restaurants,Car,Car
43896,33,Adult,70338,High,5_person,married_couple,1,F&B Eatery/Drinking Places,Walking,Public_transport
15514,50,Middle Age,15152,Low,4_person,married_couple,1,F&B Eatery/Drinking Places,Car,Car
27236,29,Young Adult,94892,Very High,2_person,nonfamily_single,1,F&B Eatery/Limited-Service Restaurants,Car,Car
65395,29,Young Adult,63276,High,4_person,nonfamily_single,2,F&B Eatery/Limited-Service Restaurants,Car,Car
5722,27,Young Adult,3535,Low,2_person,nonfamily_single,0,F&B Eatery/Full-Service Restaurants,Walking,Walking
9135,49,Middle Age,39395,Moderate,6_person,married_couple,3_plus,F&B Eatery/Full-Service Restaurants,Car,Car
43463,75,Elderly,285859,Ultra High,1_person,living_alone,1,F&B Eatery/Full-Service Restaurants,Public_transport,Car
65971,39,Adult,15126,Low,4_person,family_single,1,F&B Eatery/Snack and Nonalcoholic Beverage Bars,Car,Walking
18753,61,Elderly,1288,Low,2_person,married_couple,1,F&B Eatery/Full-Service Restaurants,Car,Car
4967,60,Senior,65480,High,2_person,married_couple,1,F&B Eatery/Full-Service Restaurants,Car,Car
63227,26,Young Adult,38896,Moderate,3_person,married_couple,1,F&B Eatery/Snack and Nonalcoholic Beverage Bars,Car,Car
18601,39,Adult,111115,Very High,7_plus_person,married_couple,1,F&B Eatery/Snack and Nonalcoholic Beverage Bars,Car,Public_transport
63191,31,Adult,92830,Very High,2_person,married_couple,2,F&B Eatery/Full-Service Restaurants,Walking,Car
24532,50,Middle Age,14142,Low,3_person,family_single,2,F&B Eatery/Full-Service Restaurants,Car,Car
43178,38,Adult,268924,Ultra High,2_person,nonfamily_single,1,F&B Eatery/Drinking Places,Walking,Car
19710,30,Young Adult,111115,Very High,2_person,nonfamily_single,1,F&B Eatery/Full-Service Restaurants,Public_transport,Car
36777,48,Middle Age,225424,Ultra High,1_person,living_alone,1,F&B Eatery/Full-Service Restaurants,Car,Car
15515,50,Middle Age,0,Debt,3_person,married_couple,1,F&B Eatery/Full-Service Restaurants,Car,Car
3583,50,Middle Age,0,Debt,6_person,married_couple,3_plus,F&B Eatery/Snack and Nonalcoholic Beverage Bars,Car,Car
67158,27,Young Adult,4646,Low,7_plus_person,family_single,1,F&B Eatery/Full-Service Restaurants,Car,Walking
18020,87,Elderly,1414,Low,3_person,married_couple,1,F&B Eatery/Limited-Service Restaurants,Car,Car
52771,28,Young Adult,63747,High,2_person,married_couple,1,F&B Eatery/Full-Service Restaurants,Car,Walking
22601,61,Elderly,32203,Moderate,2_person,married_couple,2,F&B Eatery/Snack and Nonalcoholic Beverage Bars,Car,Car
18852,41,Middle Age,72994,High,2_person,nonfamily_single,1,F&B Eatery/Snack and Nonalcoholic Beverage Bars,Walking,Car
12424,63,Elderly,52730,Moderate,3_person,family_single,3_plus,F&B Eatery/Snack and Nonalcoholic Beverage Bars,Car,Car
27691,40,Adult,86688,High,2_person,family_single,1,F&B Eatery/Limited-Service Restaurants,Car,Car
41045,48,Middle Age,131825,Ultra High,3_person,married_couple,1,F&B Eatery/Snack and Nonalcoholic Beverage Bars,Walking,Car
55388,27,Young Adult,36100,Moderate,1_person,living_alone,1,F&B Eatery/Full-Service Restaurants,Car,Car
22357,25,Young Adult,7071,Low,4_person,nonfamily_single,1,F&B Eatery/Limited-Service Restaurants,Car,Car
60145,28,Young Adult,0,Debt,4_person,nonfamily_single,0,F&B Eatery/Snack and Nonalcoholic Beverage Bars,Car,Walking
28247,46,Middle Age,2485,Low,4_person,family_single,1,F&B Eatery/Full-Service Restaurants,Car,Car
36435,49,Middle Age,118079,Very High,1_person,living_alone,1,F&B Eatery/Full-Service Restaurants,Public_transport,Car
45242,40,Adult,0,Debt,5_person,married_couple,2,F&B Eatery/Full-Service Restaurants,Walking,Car
31312,71,Elderly,9875,Low,1_person,living_alone,2,F&B Eatery/Snack and Nonalcoholic Beverage Bars,Public_transport,Car
21542,78,Elderly,313650,Ultra High,1_person,living_alone,1,F&B Eatery/Drinking Places,Car,Car
56746,45,Middle Age,7943,Low,3_person,family_single,1,F&B Eatery/Snack and Nonalcoholic Beverage Bars,Public_transport,Car
23360,26,Young Adult,37981,Moderate,3_person,married_couple,0,F&B Eatery/Full-Service Restaurants,Walking,Walking
63069,31,Adult,186876,Ultra High,2_person,married_couple,1,F&B Eatery/Snack and Nonalcoholic Beverage Bars,Walking,Car
45550,31,Adult,80508,High,4_person,married_couple,1,F&B Eatery/Limited-Service Restaurants,Walking,Car
10211,44,Middle Age,15397,Low,2_person,family_single,0,F&B Eatery/Full-Service Restaurants,Walking,Walking
36191,22,Young Adult,60608,High,2_person,nonfamily_single,1,F&B Eatery/Full-Service Restaurants,Walking,Walking
10717,57,Senior,0,Debt,3_person,married_couple,1,F&B Eatery/Drinking Places,Car,Car
8199,45,Middle Age,21454,Low,4_person,family_single,1,F&B Eatery/Limited-Service Restaurants,Public_transport,Car
18793,56,Senior,21454,Low,1_person,living_alone,0,F&B Eatery/Full-Service Restaurants,Walking,Public_transport
19596,24,Young Adult,23201,Low,3_person,nonfamily_single,2,F&B Eatery/Full-Service Restaurants,Walking,Walking
66058,24,Young Adult,21092,Low,3_person,family_single,0,F&B Eatery/Limited-Service Restaurants,Public_transport,Walking
5366,21,Young Adult,0,Debt,3_person,married_couple,2,F&B Eatery/Limited-Service Restaurants,Car,Public_transport
50081,32,Adult,15819,Low,7_plus_person,married_couple,1,F&B Eatery/Full-Service Restaurants,Public_transport,Walking
55745,80,Elderly,12067,Low,1_person,living_alone,0,F&B Eatery/Full-Service Restaurants,Car,Walking
2895,22,Young Adult,697,Low,4_person,nonfamily_single,0,F&B Eatery/Limited-Service Restaurants,Walking,Walking
24820,44,Middle Age,273850,Ultra High,2_person,married_couple,1,F&B Eatery/Full-Service Restaurants,Car,Car
14122,78,Elderly,4508,Low,1_person,living_alone,1,F&B Eatery/Drinking Places,Car,Car
29290,39,Adult,6698,Low,6_person,family_single,0,F&B Eatery/Snack and Nonalcoholic Beverage Bars,Walking,Public_transport
34064,63,Elderly,633360,Ultra High,2_person,married_couple,2,F&B Eatery/Full-Service Restaurants,Walking,Car
28001,38,Adult,61887,High,4_person,married_couple,2,F&B Eatery/Full-Service Restaurants,Public_transport,Car
3642,66,Elderly,25556,Low,5_person,married_couple,0,F&B Eatery/Full-Service Restaurants,Walking,Public_transport
64227,28,Young Adult,70360,High,2_person,nonfamily_single,1,F&B Eatery/Snack and Nonalcoholic Beverage Bars,Car,Walking
33650,29,Young Adult,37816,Moderate,2_person,nonfamily_single,1,F&B Eatery/Full-Service Restaurants,Walking,Car
65897,43,Middle Age,125593,Ultra High,1_person,living_alone,1,F&B Eatery/Limited-Service Restaurants,Walking,Car
58627,66,Elderly,5259,Low,4_person,married_couple,0,F&B Eatery/Drinking Places,Public_transport,Public_transport
62853,37,Adult,49509,Moderate,2_person,married_couple,2,F&B Eatery/Snack and Nonalcoholic Beverage Bars,Walking,Car
30873,39,Adult,157136,Ultra High,4_person,family_single,1,F&B Eatery/Full-Service Restaurants,Car,Car
59345,28,Young Adult,36911,Moderate,3_person,family_single,3_plus,F&B Eatery/Snack and Nonalcoholic Beverage Bars,Car,Car
58229,21,Young Adult,0,Debt,3_person,nonfamily_single,1,F&B Eatery/Snack and Nonalcoholic Beverage Bars,Walking,Walking
58213,87,Elderly,207584,Ultra High,2_person,married_couple,1,F&B Eatery/Full-Service Restaurants,Car,Car
31030,35,Adult,70230,High,4_person,married_couple,1,F&B Eatery/Drinking Places,Public_transport,Car
38870,61,Elderly,118959,Very High,2_person,married_couple,2,F&B Eatery/Snack and Nonalcoholic Beverage Bars,Public_transport,Car
66924,25,Young Adult,40791,Moderate,4_person,nonfamily_single,1,F&B Eatery/Full-Service Restaurants,Car,Car
63064,68,Elderly,8889,Low,7_plus_person,nonfamily_single,0,F&B Eatery/Full-Service Restaurants,Walking,Public_transport
41316,34,Adult,113449,Very High,3_person,married_couple,1,F&B Eatery/Limited-Service Restaurants,Car,Car
21642,75,Elderly,67780,High,2_person,family_single,0,F&B Eatery/Full-Service Restaurants,Walking,Public_transport
5451,63,Elderly,10804,Low,3_person,married_couple,1,F&B Eatery/Full-Service Restaurants,Car,Car
23544,64,Elderly,0,Debt,2_person,married_couple,1,F&B Eatery/Full-Service Restaurants,Public_transport,Car
10685,54,Senior,12845,Low,2_person,family_single,1,F&B Eatery/Full-Service Restaurants,Car,Car
15449,33,Adult,31638,Moderate,2_person,married_couple,0,F&B Eatery/Snack and Nonalcoholic Beverage Bars,Walking,Public_transport
7866,37,Adult,35355,Moderate,3_person,family_single,2,F&B Eatery/Snack and Nonalcoholic Beverage Bars,Walking,Car
30527,20,Young Adult,0,Debt,3_person,nonfamily_single,0,F&B Eatery/Full-Service Restaurants,Public_transport,Walking
51895,57,Senior,50344,Moderate,3_person,married_couple,3_plus,F&B Eatery/Limited-Service Restaurants,Car,Public_transport
31279,34,Adult,135254,Ultra High,3_person,married_couple,1,F&B Eatery/Drinking Places,Car,Car
25851,71,Elderly,16315,Low,1_person,living_alone,0,F&B Eatery/Snack and Nonalcoholic Beverage Bars,Public_transport,Walking
59234,49,Middle Age,113459,Very High,3_person,married_couple,2,F&B Eatery/Full-Service Restaurants,Car,Walking
12867,20,Young Adult,0,Debt,1_person,living_alone,1,F&B Eatery/Snack and Nonalcoholic Beverage Bars,Walking,Walking
47375,27,Young Adult,56892,Moderate,2_person,nonfamily_single,0,F&B Eatery/Full-Service Restaurants,Walking,Walking
28328,29,Young Adult,75760,High,2_person,nonfamily_single,2,F&B Eatery/Full-Service Restaurants,Walking,Walking
42565,32,Adult,36100,Moderate,2_person,married_couple,2,F&B Eatery/Limited-Service Restaurants,Public_transport,Car
44523,39,Adult,0,Debt,4_person,married_couple,3_plus,F&B Eatery/Full-Service Restaurants,Car,Car
13979,24,Young Adult,61887,High,4_person,family_single,2,F&B Eatery/Special Food Services,Walking,Public_transport
54110,31,Adult,276949,Ultra High,1_person,living_alone,1,F&B Eatery/Full-Service Restaurants,Public_transport,Car
42506,80,Elderly,68549,High,1_person,living_alone,0,F&B Eatery/Snack and Nonalcoholic Beverage Bars,Walking,Public_transport
47153,53,Senior,1512,Low,2_person,married_couple,0,F&B Eatery/Full-Service Restaurants,Walking,Public_transport
26956,76,Elderly,23623,Low,3_person,married_couple,3_plus,F&B Eatery/Full-Service Restaurants,Public_transport,Car
6474,29,Young Adult,81035,High,3_person,family_single,1,F&B Eatery/Limited-Service Restaurants,Public_transport,Walking
28399,60,Senior,53672,Moderate,3_person,family_single,2,F&B Eatery/Snack and Nonalcoholic Beverage Bars,Car,Car
24272,61,Elderly,160493,Ultra High,2_person,married_couple,1,F&B Eatery/Snack and Nonalcoholic Beverage Bars,Car,Car
27808,27,Young Adult,82259,High,2_person,nonfamily_single,1,F&B Eatery/Drinking Places,Car,Walking
8811,21,Young Adult,0,Debt,3_person,nonfamily_single,0,F&B Eatery/Limited-Service Restaurants,Walking,Walking
27882,64,Elderly,50507,Moderate,6_person,nonfamily_single,1,F&B Eatery/Full-Service Restaurants,Car,Car
492,50,Middle Age,25786,Low,2_person,nonfamily_single,2,F&B Eatery/Full-Service Restaurants,Walking,Public_transport
11691,68,Elderly,4848,Low,2_person,nonfamily_single,1,F&B Eatery/Full-Service Restaurants,Car,Car
43527,20,Young Adult,0,Debt,2_person,nonfamily_single,1,F&B Eatery/Snack and Nonalcoholic Beverage Bars,Walking,Walking
1116,65,Elderly,32692,Moderate,2_person,married_couple,1,F&B Eatery/Full-Service Restaurants,Walking,Car
38405,52,Senior,0,Debt,5_person,married_couple,1,F&B Eatery/Full-Service Restaurants,Public_transport,Car
37853,45,Middle Age,18248,Low,3_person,family_single,3_plus,F&B Eatery/Snack and Nonalcoholic Beverage Bars,Public_transport,Car
30722,36,Adult,67679,High,4_person,married_couple,1,F&B Eatery/Limited-Service Restaurants,Walking,Car
1757,78,Elderly,34656,Moderate,2_person,married_couple,1,F&B Eatery/Drinking Places,Car,Car
44254,51,Senior,36365,Moderate,4_person,family_single,1,F&B Eatery/Full-Service Restaurants,Car,Car
64211,45,Middle Age,48621,Moderate,3_person,nonfamily_single,1,F&B Eatery/Full-Service Restaurants,Walking,Walking
43309,38,Adult,92830,Very High,1_person,living_alone,0,F&B Eatery/Limited-Service Restaurants,Walking,Walking
31433,83,Elderly,213874,Ultra High,2_person,married_couple,2,F&B Eatery/Snack and Nonalcoholic Beverage Bars,Car,Car
39121,71,Elderly,46870,Moderate,2_person,family_single,1,F&B Eatery/Snack and Nonalcoholic Beverage Bars,Car,Car
22973,27,Young Adult,12881,Low,2_person,married_couple,1,F&B Eatery/Full-Service Restaurants,Car,Public_transport
66545,19,Young Adult,10314,Low,1_person,living_alone,0,F&B Eatery/Drinking Places,Public_transport,Walking
44605,42,Middle Age,27909,Low,4_person,married_couple,0,F&B Eatery/Full-Service Restaurants,Car,Public_transport
56709,22,Young Adult,0,Debt,2_person,nonfamily_single,1,F&B Eatery/Full-Service Restaurants,Car,Walking
27076,77,Elderly,464565,Ultra High,6_person,married_couple,3_plus,F&B Eatery/Snack and Nonalcoholic Beverage Bars,Car,Car
63021,85,Elderly,6060,Low,5_person,married_couple,3_plus,F&B Eatery/Full-Service Restaurants,Car,Car
39188,65,Elderly,58588,Moderate,2_person,married_couple,2,F&B Eatery/Snack and Nonalcoholic Beverage Bars,Car,Car
21625,51,Senior,216171,Ultra High,4_person,married_couple,1,F&B Eatery/Snack and Nonalcoholic Beverage Bars,Public_transport,Car
36412,57,Senior,36153,Moderate,2_person,family_single,1,F&B Eatery/Drinking Places,Car,Car
19167,24,Young Adult,29412,Low,3_person,nonfamily_single,1,F&B Eatery/Drinking Places,Walking,Walking
47118,29,Young Adult,32414,Moderate,2_person,nonfamily_single,1,F&B Eatery/Drinking Places,Public_transport,Car
44769,44,Middle Age,43320,Moderate,2_person,married_couple,2,F&B Eatery/Drinking Places,Public_transport,Public_transport
64110,29,Young Adult,31638,Moderate,3_person,nonfamily_single,2,F&B Eatery/Snack and Nonalcoholic Beverage Bars,Walking,Car
27045,28,Young Adult,103034,Very High,3_person,family_single,2,F&B Eatery/Full-Service Restaurants,Public_transport,Public_transport
11185,94,Elderly,17935,Low,1_person,living_alone,0,F&B Eatery/Limited-Service Restaurants,Public_transport,Walking
34464,38,Adult,263651,Ultra High,6_person,married_couple,2,F&B Eatery/Full-Service Restaurants,Walking,Public_transport
54837,28,Young Adult,270117,Ultra High,2_person,married_couple,2,F&B Eatery/Drinking Places,Car,Car
35063,55,Senior,58992,Moderate,4_person,family_single,2,F&B Eatery/Snack and Nonalcoholic Beverage Bars,Car,Car
47562,30,Young Adult,11344,Low,4_person,married_couple,0,F&B Eatery/Full-Service Restaurants,Public_transport,Walking
47464,20,Young Adult,0,Debt,6_person,married_couple,2,F&B Eatery/Full-Service Restaurants,Public_transport,Car
5939,42,Middle Age,95536,Very High,2_person,married_couple,2,F&B Eatery/Full-Service Restaurants,Public_transport,Walking
56915,42,Middle Age,60608,High,5_person,married_couple,2,F&B Eatery/Full-Service Restaurants,Car,Car
59396,29,Young Adult,82655,High,1_person,living_alone,0,F&B Eatery/Snack and Nonalcoholic Beverage Bars,Public_transport,Walking
66472,35,Adult,288901,Ultra High,2_person,married_couple,2,F&B Eatery/Limited-Service Restaurants,Walking,Car
42736,27,Young Adult,69774,High,4_person,nonfamily_single,1,F&B Eatery/Full-Service Restaurants,Walking,Car
11033,62,Elderly,76771,High,1_person,living_alone,0,F&B Eatery/Snack and Nonalcoholic Beverage Bars,Public_transport,Public_transport
36081,21,Young Adult,0,Debt,2_person,family_single,0,F&B Eatery/Full-Service Restaurants,Walking,Walking
53933,48,Middle Age,20745,Low,3_person,family_single,0,F&B Eatery/Full-Service Restaurants,Walking,Walking
14824,58,Senior,36100,Moderate,2_person,married_couple,1,F&B Eatery/Full-Service Restaurants,Public_transport,Car
24734,30,Young Adult,0,Debt,4_person,married_couple,0,F&B Eatery/Full-Service Restaurants,Walking,Walking
64301,30,Young Adult,89641,High,2_person,nonfamily_single,1,F&B Eatery/Limited-Service Restaurants,Walking,Walking
42552,73,Elderly,8909,Low,4_person,married_couple,3_plus,F&B Eatery/Limited-Service Restaurants,Public_transport,Car
9915,54,Senior,97242,Very High,5_person,married_couple,3_plus,F&B Eatery/Limited-Service Restaurants,Car,Public_transport
23989,39,Adult,0,Debt,3_person,married_couple,1,F&B Eatery/Limited-Service Restaurants,Walking,Car
32983,25,Young Adult,71720,High,2_person,nonfamily_single,1,F&B Eatery/Full-Service Restaurants,Public_transport,Walking
60517,67,Elderly,205202,Ultra High,1_person,living_alone,1,F&B Eatery/Full-Service Restaurants,Car,Car
23091,26,Young Adult,55557,Moderate,4_person,nonfamily_single,1,F&B Eatery/Full-Service Restaurants,Walking,Car
32430,67,Elderly,103145,Very High,1_person,living_alone,1,F&B Eatery/Drinking Places,Car,Car
33840,32,Adult,91839,Very High,3_person,married_couple,1,F&B Eatery/Full-Service Restaurants,Walking,Car
8682,33,Adult,114859,Very High,4_person,married_couple,1,F&B Eatery/Snack and Nonalcoholic Beverage Bars,Car,Car
51146,20,Young Adult,51862,Moderate,3_person,family_single,1,F&B Eatery/Snack and Nonalcoholic Beverage Bars,Walking,Car
52635,36,Adult,83444,High,3_person,married_couple,1,F&B Eatery/Full-Service Restaurants,Walking,Car
7006,27,Young Adult,69774,High,2_person,nonfamily_single,2,F&B Eatery/Limited-Service Restaurants,Walking,Walking
54254,75,Elderly,3636,Low,1_person,living_alone,0,F&B Eatery/Snack and Nonalcoholic Beverage Bars,Walking,Walking
13379,20,Young Adult,0,Debt,2_person,nonfamily_single,0,F&B Eatery/Snack and Nonalcoholic Beverage Bars,Public_transport,Walking
60775,41,Middle Age,72995,High,1_person,living_alone,1,F&B Eatery/Full-Service Restaurants,Walking,Car
55751,22,Young Adult,21468,Low,2_person,nonfamily_single,1,F&B Eatery/Full-Service Restaurants,Walking,Walking
52916,86,Elderly,5152,Low,2_person,married_couple,0,F&B Eatery/Snack and Nonalcoholic Beverage Bars,Car,Public_transport
41420,38,Adult,31638,Moderate,4_person,married_couple,1,F&B Eatery/Snack and Nonalcoholic Beverage Bars,Public_transport,Public_transport
22794,28,Young Adult,103145,Very High,4_person,married_couple,2,F&B Eatery/Snack and Nonalcoholic Beverage Bars,Walking,Public_transport
32082,26,Young Adult,63276,High,2_person,nonfamily_single,1,F&B Eatery/Snack and Nonalcoholic Beverage Bars,Walking,Walking
64577,57,Senior,88912,High,1_person,living_alone,1,F&B Eatery/Limited-Service Restaurants,Walking,Car
31226,47,Middle Age,8753,Low,1_person,living_alone,1,F&B Eatery/Full-Service Restaurants,Public_transport,Car
46473,35,Adult,10505,Low,2_person,family_single,0,F&B Eatery/Snack and Nonalcoholic Beverage Bars,Walking,Public_transport
48152,34,Adult,64828,High,2_person,nonfamily_single,0,F&B Eatery/Special Food Services,Car,Walking
32793,23,Young Adult,25786,Low,2_person,nonfamily_single,1,F&B Eatery/Snack and Nonalcoholic Beverage Bars,Public_transport,Walking
11704,21,Young Adult,0,Debt,3_person,nonfamily_single,0,F&B Eatery/Snack and Nonalcoholic Beverage Bars,Walking,Walking
43369,29,Young Adult,92933,Very High,2_person,nonfamily_single,0,F&B Eatery/Full-Service Restaurants,Walking,Walking
60614,37,Adult,35355,Moderate,3_person,family_single,2,F&B Eatery/Full-Service Restaurants,Public_transport,Car
7659,25,Young Adult,0,Debt,3_person,nonfamily_single,1,F&B Eatery/Limited-Service Restaurants,Walking,Walking
46169,30,Young Adult,70710,High,2_person,family_single,2,F&B Eatery/Snack and Nonalcoholic Beverage Bars,Walking,Walking
38458,32,Adult,97242,Very High,2_person,married_couple,0,F&B Eatery/Full-Service Restaurants,Public_transport,Public_transport
42512,36,Adult,363652,Ultra High,2_person,married_couple,1,F&B Eatery/Snack and Nonalcoholic Beverage Bars,Walking,Car
16616,35,Adult,37570,Moderate,7_plus_person,married_couple,1,F&B Eatery/Full-Service Restaurants,Car,Public_transport
49429,74,Elderly,0,Debt,1_person,living_alone,0,F&B Eatery/Full-Service Restaurants,Public_transport,Walking
55835,53,Senior,639500,Ultra High,1_person,living_alone,1,F&B Eatery/Snack and Nonalcoholic Beverage Bars,Walking,Car
61215,27,Young Adult,371413,Ultra High,2_person,nonfamily_single,1,F&B Eatery/Full-Service Restaurants,Public_transport,Walking
60746,23,Young Adult,25310,Low,3_person,nonfamily_single,0,F&B Eatery/Full-Service Restaurants,Public_transport,Walking
12721,29,Young Adult,124254,Ultra High,4_person,nonfamily_single,3_plus,F&B Eatery/Drinking Places,Car,Public_transport
9171,41,Middle Age,959691,Ultra High,2_person,nonfamily_single,1,F&B Eatery/Drinking Places,Walking,Car
43615,26,Young Adult,49566,Moderate,2_person,nonfamily_single,2,F&B Eatery/Snack and Nonalcoholic Beverage Bars,Car,Car
26423,25,Young Adult,9179,Low,2_person,nonfamily_single,0,F&B Eatery/Full-Service Restaurants,Walking,Walking
11908,24,Young Adult,14440,Low,6_person,nonfamily_single,0,F&B Eatery/Full-Service Restaurants,Public_transport,Walking
33398,33,Adult,136369,Ultra High,1_person,living_alone,0,F&B Eatery/Snack and Nonalcoholic Beverage Bars,Public_transport,Walking
24968,19,Young Adult,0,Debt,2_person,family_single,0,F&B Eatery/Full-Service Restaurants,Walking,Walking
21607,26,Young Adult,78390,High,1_person,living_alone,3_plus,F&B Eatery/Snack and Nonalcoholic Beverage Bars,Car,Car
46681,69,Elderly,8889,Low,7_plus_person,nonfamily_single,0,F&B Eatery/Limited-Service Restaurants,Public_transport,Public_transport
41475,33,Adult,8587,Low,2_person,nonfamily_single,1,F&B Eatery/Full-Service Restaurants,Walking,Public_transport
58585,42,Middle Age,4723,Low,1_person,living_alone,1,F&B Eatery/Snack and Nonalcoholic Beverage Bars,Walking,Car
49067,50,Middle Age,97242,Very High,3_person,married_couple,1,F&B Eatery/Full-Service Restaurants,Walking,Car
39382,78,Elderly,42184,Moderate,2_person,married_couple,2,F&B Eatery/Full-Service Restaurants,Car,Car
38011,63,Elderly,14553,Low,1_person,living_alone,0,F&B Eatery/Full-Service Restaurants,Public_transport,Walking
33870,32,Adult,59039,Moderate,3_person,nonfamily_single,1,F&B Eatery/Snack and Nonalcoholic Beverage Bars,Walking,Car
52428,39,Adult,252,Low,4_person,family_single,1,F&B Eatery/Full-Service Restaurants,Car,Walking
31131,33,Adult,61186,High,2_person,nonfamily_single,2,F&B Eatery/Drinking Places,Car,Car
21729,48,Middle Age,0,Debt,2_person,married_couple,0,F&B Eatery/Snack and Nonalcoholic Beverage Bars,Car,Public_transport
27233,40,Adult,110839,Very High,1_person,living_alone,1,F&B Eatery/Snack and Nonalcoholic Beverage Bars,Car,Car
2204,44,Middle Age,0,Debt,5_person,married_couple,1,F&B Eatery/Snack and Nonalcoholic Beverage Bars,Car,Car
41448,60,Senior,29528,Low,2_person,married_couple,2,F&B Eatery/Drinking Places,Car,Car
28572,37,Adult,247546,Ultra High,4_person,married_couple,0,F&B Eatery/Full-Service Restaurants,Public_transport,Walking
24770,85,Elderly,12549,Low,2_person,married_couple,1,F&B Eatery/Full-Service Restaurants,Car,Car
45671,23,Young Adult,29528,Low,1_person,living_alone,1,F&B Eatery/Snack and Nonalcoholic Beverage Bars,Car,Walking
57987,26,Young Adult,2020,Low,1_person,living_alone,0,F&B Eatery/Full-Service Restaurants,Walking,Walking
62522,16,Teen,1288,Low,7_plus_person,married_couple,2,F&B Eatery/Full-Service Restaurants,Public_transport,Car
44245,27,Young Adult,44870,Moderate,6_person,married_couple,3_plus,F&B Eatery/Full-Service Restaurants,Public_transport,Walking
11308,61,Elderly,295508,Ultra High,2_person,married_couple,1,F&B Eatery/Limited-Service Restaurants,Public_transport,Car
13767,61,Elderly,9724,Low,4_person,married_couple,1,F&B Eatery/Snack and Nonalcoholic Beverage Bars,Walking,Car
28151,21,Young Adult,0,Debt,3_person,family_single,1,F&B Eatery/Snack and Nonalcoholic Beverage Bars,Public_transport,Walking
47832,75,Elderly,28983,Low,2_person,married_couple,1,F&B Eatery/Full-Service Restaurants,Car,Car
27606,82,Elderly,0,Debt,3_person,family_single,3_plus,F&B Eatery/Full-Service Restaurants,Public_transport,Car
45280,24,Young Adult,31920,Moderate,3_person,nonfamily_single,3_plus,F&B Eatery/Full-Service Restaurants,Public_transport,Car
23303,27,Young Adult,75141,High,1_person,living_alone,0,F&B Eatery/Limited-Service Restaurants,Walking,Walking
4426,21,Young Adult,0,Debt,7_plus_person,family_single,1,F&B Eatery/Full-Service Restaurants,Walking,Walking
51359,37,Adult,51572,Moderate,1_person,living_alone,1,F&B Eatery/Full-Service Restaurants,Public_transport,Car
20936,60,Senior,14142,Low,3_person,nonfamily_single,3_plus,F&B Eatery/Full-Service Restaurants,Walking,Car
53554,63,Elderly,42937,Moderate,2_person,married_couple,1,F&B Eatery/Drinking Places,Car,Car
56547,61,Elderly,25391,Low,1_person,living_alone,0,F&B Eatery/Full-Service Restaurants,Public_transport,Walking
52870,69,Elderly,331832,Ultra High,2_person,married_couple,1,F&B Eatery/Full-Service Restaurants,Walking,Car
50124,44,Middle Age,15397,Low,2_person,family_single,0,F&B Eatery/Full-Service Restaurants,Walking,Walking
20963,75,Elderly,14131,Low,2_person,married_couple,0,F&B Eatery/Full-Service Restaurants,Public_transport,Public_transport
55668,69,Elderly,25310,Low,2_person,married_couple,2,F&B Eatery/Limited-Service Restaurants,Car,Car
47658,33,Adult,105460,Very High,3_person,nonfamily_single,1,F&B Eatery/Full-Service Restaurants,Car,Car
33487,20,Young Adult,0,Debt,3_person,nonfamily_single,0,F&B Eatery/Limited-Service Restaurants,Walking,Walking
46607,82,Elderly,299599,Ultra High,1_person,living_alone,1,F&B Eatery/Full-Service Restaurants,Car,Car
6155,34,Adult,113449,Very High,3_person,married_couple,1,F&B Eatery/Full-Service Restaurants,Car,Car
20093,51,Senior,158190,Ultra High,3_person,married_couple,2,F&B Eatery/Drinking Places,Public_transport,Car
61240,55,Senior,0,Debt,3_person,married_couple,2,F&B Eatery/Snack and Nonalcoholic Beverage Bars,Car,Car
51955,21,Young Adult,0,Debt,5_person,nonfamily_single,2,F&B Eatery/Limited-Service Restaurants,Car,Car
51718,22,Young Adult,0,Debt,4_person,nonfamily_single,0,F&B Eatery/Limited-Service Restaurants,Public_transport,Walking
4025,57,Senior,0,Debt,2_person,family_single,1,F&B Eatery/Full-Service Restaurants,Car,Car
55350,24,Young Adult,18350,Low,5_person,family_single,1,F&B Eatery/Full-Service Restaurants,Walking,Car
40992,26,Young Adult,66989,High,1_person,living_alone,1,F&B Eatery/Full-Service Restaurants,Walking,Walking
29336,41,Middle Age,12444,Low,2_person,married_couple,3_plus,F&B Eatery/Full-Service Restaurants,Public_transport,Car
17908,36,Adult,69603,High,5_person,married_couple,1,F&B Eatery/Limited-Service Restaurants,Public_transport,Public_transport
30431,23,Young Adult,71170,High,3_person,nonfamily_single,1,F&B Eatery/Full-Service Restaurants,Public_transport,Walking
20447,31,Adult,39195,Moderate,1_person,living_alone,0,F&B Eatery/Limited-Service Restaurants,Walking,Walking
28038,30,Young Adult,60112,High,2_person,nonfamily_single,1,F&B Eatery/Drinking Places,Public_transport,Walking
15493,74,Elderly,501233,Ultra High,3_person,married_couple,0,F&B Eatery/Full-Service Restaurants,Public_transport,Public_transport
30116,48,Middle Age,64406,High,4_person,married_couple,3_plus,F&B Eatery/Full-Service Restaurants,Walking,Car
59041,49,Middle Age,11271,Low,2_person,married_couple,0,F&B Eatery/Snack and Nonalcoholic Beverage Bars,Walking,Public_transport
51944,45,Middle Age,15028,Low,4_person,married_couple,1,F&B Eatery/Snack and Nonalcoholic Beverage Bars,Public_transport,Car
48861,21,Young Adult,0,Debt,1_person,living_alone,0,F&B Eatery/Limited-Service Restaurants,Walking,Walking
51374,18,Teen,5555,Low,2_person,family_single,1,F&B Eatery/Snack and Nonalcoholic Beverage Bars,Walking,Walking
5818,68,Elderly,6060,Low,2_person,married_couple,1,F&B Eatery/Full-Service Restaurants,Car,Car
63145,18,Teen,0,Debt,3_person,family_single,0,F&B Eatery/Full-Service Restaurants,Public_transport,Walking
44724,21,Young Adult,0,Debt,3_person,family_single,0,F&B Eatery/Full-Service Restaurants,Walking,Walking
32245,67,Elderly,22146,Low,2_person,married_couple,2,F&B Eatery/Full-Service Restaurants,Public_transport,Car
3866,56,Senior,96973,Very High,4_person,family_single,1,F&B Eatery/Snack and Nonalcoholic Beverage Bars,Public_transport,Car
63850,47,Middle Age,8753,Low,1_person,living_alone,1,F&B Eatery/Limited-Service Restaurants,Walking,Car
2745,21,Young Adult,0,Debt,4_person,nonfamily_single,0,F&B Eatery/Snack and Nonalcoholic Beverage Bars,Car,Walking
11867,25,Young Adult,38782,Moderate,1_person,living_alone,0,F&B Eatery/Snack and Nonalcoholic Beverage Bars,Walking,Walking
43111,34,Adult,85875,High,2_person,nonfamily_single,1,F&B Eatery/Snack and Nonalcoholic Beverage Bars,Public_transport,Car
10704,34,Adult,18151,Low,3_person,family_single,1,F&B Eatery/Drinking Places,Car,Car
11950,39,Adult,84368,High,2_person,nonfamily_single,1,F&B Eatery/Snack and Nonalcoholic Beverage Bars,Car,Car
43791,21,Young Adult,6327,Low,6_person,nonfamily_single,0,F&B Eatery/Snack and Nonalcoholic Beverage Bars,Walking,Walking
19611,47,Middle Age,128575,Ultra High,1_person,living_alone,1,F&B Eatery/Snack and Nonalcoholic Beverage Bars,Public_transport,Car
36982,84,Elderly,5656,Low,2_person,married_couple,1,F&B Eatery/Full-Service Restaurants,Car,Car
20307,34,Adult,0,Debt,2_person,family_single,1,F&B Eatery/Full-Service Restaurants,Car,Public_transport
44864,35,Adult,70230,High,4_person,married_couple,1,F&B Eatery/Snack and Nonalcoholic Beverage Bars,Car,Car
26853,69,Elderly,101014,Very High,2_person,married_couple,1,F&B Eatery/Full-Service Restaurants,Walking,Car
15193,60,Senior,49378,Moderate,1_person,living_alone,0,F&B Eatery/Drinking Places,Public_transport,Public_transport
19643,27,Young Adult,30304,Moderate,2_person,family_single,1,F&B Eatery/Snack and Nonalcoholic Beverage Bars,Walking,Car
1401,72,Elderly,33276,Moderate,2_person,married_couple,1,F&B Eatery/Full-Service Restaurants,Public_transport,Car
58083,25,Young Adult,69774,High,2_person,nonfamily_single,0,F&B Eatery/Full-Service Restaurants,Public_transport,Walking
31128,28,Young Adult,80508,High,2_person,married_couple,2,F&B Eatery/Full-Service Restaurants,Car,Walking
61610,50,Middle Age,82516,High,2_person,married_couple,1,F&B Eatery/Limited-Service Restaurants,Car,Car
12828,54,Senior,21468,Low,2_person,married_couple,1,F&B Eatery/Full-Service Restaurants,Public_transport,Car
24087,23,Young Adult,0,Debt,7_plus_person,family_single,3_plus,F&B Eatery/Snack and Nonalcoholic Beverage Bars,Public_transport,Car
54131,66,Elderly,0,Debt,2_person,married_couple,1,F&B Eatery/Snack and Nonalcoholic Beverage Bars,Public_transport,Car
36021,38,Adult,0,Debt,7_plus_person,family_single,2,F&B Eatery/Snack and Nonalcoholic Beverage Bars,Car,Car
61195,27,Young Adult,28092,Low,2_person,nonfamily_single,0,F&B Eatery/Full-Service Restaurants,Public_transport,Walking
66131,28,Young Adult,0,Debt,3_person,nonfamily_single,0,F&B Eatery/Full-Service Restaurants,Car,Walking
51813,32,Adult,36911,Moderate,3_person,married_couple,1,F&B Eatery/Drinking Places,Walking,Car
34926,41,Middle Age,109127,Very High,3_person,married_couple,1,F&B Eatery/Full-Service Restaurants,Car,Car
41346,59,Senior,96014,Very High,1_person,living_alone,1,F&B Eatery/Drinking Places,Car,Car
24472,29,Young Adult,181019,Ultra High,2_person,nonfamily_single,2,F&B Eatery/Full-Service Restaurants,Walking,Car
17058,53,Senior,0,Debt,2_person,married_couple,2,F&B Eatery/Full-Service Restaurants,Car,Car
31881,53,Senior,128813,Ultra High,2_person,married_couple,2,F&B Eatery/Full-Service Restaurants,Car,Car
37261,28,Young Adult,49509,Moderate,2_person,nonfamily_single,2,F&B Eatery/Limited-Service Restaurants,Car,Car
39779,73,Elderly,0,Debt,3_person,family_single,0,F&B Eatery/Limited-Service Restaurants,Public_transport,Walking
64083,24,Young Adult,53672,Moderate,3_person,nonfamily_single,1,F&B Eatery/Snack and Nonalcoholic Beverage Bars,Public_transport,Car
42965,27,Young Adult,45348,Moderate,3_person,nonfamily_single,2,F&B Eatery/Snack and Nonalcoholic Beverage Bars,Car,Car
36609,69,Elderly,110105,Very High,2_person,married_couple,1,F&B Eatery/Snack and Nonalcoholic Beverage Bars,Car,Car
18199,26,Young Adult,53672,Moderate,3_person,nonfamily_single,1,F&B Eatery/Limited-Service Restaurants,Walking,Car
52325,66,Elderly,14142,Low,2_person,family_single,1,F&B Eatery/Limited-Service Restaurants,Walking,Car
20132,39,Adult,69774,High,1_person,living_alone,1,F&B Eatery/Full-Service Restaurants,Public_transport,Car
28172,64,Elderly,0,Debt,2_person,married_couple,1,F&B Eatery/Full-Service Restaurants,Car,Car
61997,37,Adult,10804,Low,6_person,family_single,1,F&B Eatery/Full-Service Restaurants,Car,Public_transport
44617,25,Young Adult,32414,Moderate,5_person,nonfamily_single,3_plus,F&B Eatery/Full-Service Restaurants,Car,Car
2100,26,Young Adult,91923,Very High,3_person,nonfamily_single,1,F&B Eatery/Snack and Nonalcoholic Beverage Bars,Public_transport,Car
66306,49,Middle Age,39710,Moderate,2_person,family_single,0,F&B Eatery/Full-Service Restaurants,Car,Walking
62507,79,Elderly,13073,Low,2_person,married_couple,2,F&B Eatery/Limited-Service Restaurants,Car,Car
55860,35,Adult,7426,Low,5_person,married_couple,1,F&B Eatery/Snack and Nonalcoholic Beverage Bars,Walking,Car
34441,26,Young Adult,31638,Moderate,2_person,married_couple,1,F&B Eatery/Full-Service Restaurants,Car,Car
10293,73,Elderly,69107,High,2_person,married_couple,1,F&B Eatery/Limited-Service Restaurants,Car,Car
4213,34,Adult,133263,Ultra High,1_person,living_alone,1,F&B Eatery/Full-Service Restaurants,Walking,Car
26672,22,Young Adult,0,Debt,5_person,nonfamily_single,2,F&B Eatery/Limited-Service Restaurants,Public_transport,Car
7480,71,Elderly,8225,Low,2_person,married_couple,0,F&B Eatery/Drinking Places,Walking,Public_transport
50700,31,Adult,0,Debt,2_person,nonfamily_single,1,F&B Eatery/Full-Service Restaurants,Public_transport,Public_transport
14562,70,Elderly,18982,Low,2_person,family_single,1,F&B Eatery/Limited-Service Restaurants,Car,Car
63833,26,Young Adult,40075,Moderate,4_person,nonfamily_single,0,F&B Eatery/Drinking Places,Public_transport,Walking
44283,34,Adult,55428,Moderate,1_person,living_alone,1,F&B Eatery/Special Food Services,Walking,Car
60948,28,Young Adult,60608,High,2_person,nonfamily_single,1,F&B Eatery/Limited-Service Restaurants,Walking,Walking
8547,55,Senior,5157,Low,2_person,married_couple,0,F&B Eatery/Full-Service Restaurants,Walking,Public_transport
54336,58,Senior,9901,Low,2_person,family_single,2,F&B Eatery/Limited-Service Restaurants,Car,Car
50613,31,Adult,129656,Ultra High,2_person,married_couple,1,F&B Eatery/Full-Service Restaurants,Car,Car
62261,28,Young Adult,46460,Moderate,1_person,living_alone,0,F&B Eatery/Full-Service Restaurants,Walking,Walking
47591,68,Elderly,49509,Moderate,3_person,married_couple,1,F&B Eatery/Full-Service Restaurants,Walking,Car
16923,45,Middle Age,10546,Low,4_person,family_single,3_plus,F&B Eatery/Full-Service Restaurants,Public_transport,Car
19604,50,Middle Age,51646,Moderate,1_person,living_alone,1,F&B Eatery/Limited-Service Restaurants,Car,Walking
58283,52,Senior,97566,Very High,2_person,nonfamily_single,0,F&B Eatery/Limited-Service Restaurants,Public_transport,Public_transport
49131,74,Elderly,61990,High,3_person,married_couple,1,F&B Eatery/Full-Service Restaurants,Public_transport,Car
55621,37,Adult,68549,High,1_person,living_alone,1,F&B Eatery/Full-Service Restaurants,Car,Car
62491,51,Senior,56892,Moderate,2_person,family_single,1,F&B Eatery/Limited-Service Restaurants,Car,Car
23554,29,Young Adult,120225,Ultra High,3_person,nonfamily_single,1,F&B Eatery/Full-Service Restaurants,Public_transport,Walking
47377,48,Middle Age,0,Debt,4_person,married_couple,2,F&B Eatery/Drinking Places,Car,Car
30499,23,Young Adult,14142,Low,3_person,family_single,1,F&B Eatery/Full-Service Restaurants,Walking,Walking
56582,21,Young Adult,143426,Ultra High,2_person,family_single,2,F&B Eatery/Limited-Service Restaurants,Public_transport,Public_transport
66962,40,Adult,240450,Ultra High,2_person,married_couple,0,F&B Eatery/Snack and Nonalcoholic Beverage Bars,Walking,Walking
18135,23,Young Adult,5050,Low,3_person,married_couple,1,F&B Eatery/Limited-Service Restaurants,Car,Public_transport
20360,33,Adult,75760,High,2_person,married_couple,1,F&B Eatery/Limited-Service Restaurants,Car,Car
57505,47,Middle Age,16207,Low,3_person,family_single,3_plus,F&B Eatery/Limited-Service Restaurants,Public_transport,Car
18156,22,Young Adult,43133,Moderate,3_person,nonfamily_single,0,F&B Eatery/Full-Service Restaurants,Public_transport,Walking
42156,47,Middle Age,40075,Moderate,3_person,family_single,3_plus,F&B Eatery/Full-Service Restaurants,Car,Car
42838,22,Young Adult,25499,Low,2_person,married_couple,1,F&B Eatery/Snack and Nonalcoholic Beverage Bars,Public_transport,Public_transport
10860,90,Elderly,170714,Ultra High,1_person,living_alone,1,F&B Eatery/Snack and Nonalcoholic Beverage Bars,Car,Car
27747,33,Adult,633360,Ultra High,4_person,married_couple,1,F&B Eatery/Full-Service Restaurants,Walking,Public_transport
51168,34,Adult,5273,Low,2_person,married_couple,1,F&B Eatery/Limited-Service Restaurants,Car,Walking
34773,36,Adult,59425,Moderate,2_person,married_couple,1,F&B Eatery/Full-Service Restaurants,Public_transport,Car
62391,32,Adult,9446,Low,1_person,living_alone,0,F&B Eatery/Snack and Nonalcoholic Beverage Bars,Walking,Walking
53045,29,Young Adult,52,Low,3_person,family_single,0,F&B Eatery/Limited-Service Restaurants,Walking,Walking
30154,47,Middle Age,21092,Low,5_person,family_single,2,F&B Eatery/Full-Service Restaurants,Car,Public_transport
52389,22,Young Adult,0,Debt,4_person,nonfamily_single,0,F&B Eatery/Full-Service Restaurants,Public_transport,Walking
20808,27,Young Adult,58003,Moderate,3_person,nonfamily_single,3_plus,F&B Eatery/Full-Service Restaurants,Public_transport,Car
29320,25,Young Adult,17980,Low,7_plus_person,family_single,3_plus,F&B Eatery/Full-Service Restaurants,Car,Car
15887,31,Adult,61887,High,2_person,married_couple,1,F&B Eatery/Limited-Service Restaurants,Walking,Car
15233,45,Middle Age,1818,Low,2_person,nonfamily_single,0,F&B Eatery/Snack and Nonalcoholic Beverage Bars,Public_transport,Walking
26654,62,Elderly,108047,Very High,2_person,married_couple,1,F&B Eatery/Full-Service Restaurants,Public_transport,Car
46179,73,Elderly,8889,Low,7_plus_person,nonfamily_single,0,F&B Eatery/Full-Service Restaurants,Public_transport,Public_transport
24972,65,Elderly,8889,Low,7_plus_person,nonfamily_single,0,F&B Eatery/Full-Service Restaurants,Public_transport,Public_transport
27364,26,Young Adult,0,Debt,4_person,family_single,0,F&B Eatery/Full-Service Restaurants,Walking,Walking
2257,56,Senior,21468,Low,5_person,family_single,0,F&B Eatery/Full-Service Restaurants,Car,Walking
13324,32,Adult,43436,Moderate,2_person,married_couple,1,F&B Eatery/Limited-Service Restaurants,Public_transport,Car
20456,40,Adult,56729,Moderate,4_person,married_couple,2,F&B Eatery/Full-Service Restaurants,Car,Public_transport
38342,20,Young Adult,12377,Low,2_person,nonfamily_single,0,F&B Eatery/Full-Service Restaurants,Walking,Walking
9083,26,Young Adult,48621,Moderate,3_person,nonfamily_single,3_plus,F&B Eatery/Snack and Nonalcoholic Beverage Bars,Car,Car
54120,64,Elderly,23940,Low,2_person,family_single,0,F&B Eatery/Limited-Service Restaurants,Walking,Walking
5355,57,Senior,291726,Ultra High,2_person,married_couple,1,F&B Eatery/Drinking Places,Car,Car
57570,29,Young Adult,21092,Low,2_person,married_couple,2,F&B Eatery/Snack and Nonalcoholic Beverage Bars,Public_transport,Public_transport
38861,27,Young Adult,50507,Moderate,2_person,married_couple,1,F&B Eatery/Drinking Places,Walking,Car
40703,57,Senior,0,Debt,2_person,family_single,2,F&B Eatery/Full-Service Restaurants,Car,Car
22161,51,Senior,821,Low,2_person,married_couple,0,F&B Eatery/Full-Service Restaurants,Walking,Public_transport
1519,54,Senior,137219,Ultra High,1_person,living_alone,1,F&B Eatery/Full-Service Restaurants,Walking,Car
52526,26,Young Adult,10090,Low,5_person,family_single,0,F&B Eatery/Drinking Places,Public_transport,Walking
1378,79,Elderly,76843,High,2_person,married_couple,1,F&B Eatery/Snack and Nonalcoholic Beverage Bars,Car,Car
22056,21,Young Adult,0,Debt,3_person,nonfamily_single,0,F&B Eatery/Snack and Nonalcoholic Beverage Bars,Walking,Walking
25599,65,Elderly,13920,Low,2_person,nonfamily_single,0,F&B Eatery/Full-Service Restaurants,Walking,Walking
18971,28,Young Adult,0,Debt,4_person,nonfamily_single,0,F&B Eatery/Limited-Service Restaurants,Public_transport,Walking
15206,24,Young Adult,0,Debt,4_person,nonfamily_single,0,F&B Eatery/Snack and Nonalcoholic Beverage Bars,Public_transport,Walking
54575,29,Young Adult,179472,Ultra High,2_person,nonfamily_single,2,F&B Eatery/Limited-Service Restaurants,Walking,Car
22005,22,Young Adult,47457,Moderate,3_person,nonfamily_single,0,F&B Eatery/Full-Service Restaurants,Public_transport,Walking
17508,26,Young Adult,0,Debt,3_person,nonfamily_single,1,F&B Eatery/Snack and Nonalcoholic Beverage Bars,Public_transport,Walking
45968,35,Adult,10505,Low,2_person,family_single,0,F&B Eatery/Limited-Service Restaurants,Walking,Public_transport
60201,18,Teen,4847,Low,6_person,family_single,3_plus,F&B Eatery/Limited-Service Restaurants,Walking,Car
1316,78,Elderly,1610,Low,4_person,married_couple,3_plus,F&B Eatery/Full-Service Restaurants,Car,Car
63115,21,Young Adult,4218,Low,2_person,nonfamily_single,0,F&B Eatery/Full-Service Restaurants,Walking,Walking
5842,36,Adult,10372,Low,7_plus_person,family_single,2,F&B Eatery/Full-Service Restaurants,Public_transport,Public_transport
39890,23,Young Adult,50507,Moderate,4_person,nonfamily_single,0,F&B Eatery/Limited-Service Restaurants,Walking,Walking
16211,29,Young Adult,90696,Very High,2_person,married_couple,1,F&B Eatery/Snack and Nonalcoholic Beverage Bars,Public_transport,Walking
12820,80,Elderly,8889,Low,7_plus_person,nonfamily_single,0,F&B Eatery/Snack and Nonalcoholic Beverage Bars,Public_transport,Public_transport
5832,60,Senior,78791,High,3_person,married_couple,2,F&B Eatery/Limited-Service Restaurants,Walking,Car
9821,26,Young Adult,10804,Low,3_person,married_couple,0,F&B Eatery/Full-Service Restaurants,Public_transport,Public_transport
54040,29,Young Adult,161017,Ultra High,1_person,living_alone,0,F&B Eatery/Full-Service Restaurants,Public_transport,Walking
45486,28,Young Adult,69076,High,2_person,nonfamily_single,1,F&B Eatery/Drinking Places,Car,Walking
28099,49,Middle Age,11807,Low,5_person,family_single,0,F&B Eatery/Drinking Places,Walking,Public_transport
55056,68,Elderly,2576,Low,2_person,married_couple,0,F&B Eatery/Full-Service Restaurants,Public_transport,Public_transport
33290,34,Adult,107344,Very High,4_person,nonfamily_single,3_plus,F&B Eatery/Full-Service Restaurants,Car,Car
24427,39,Adult,0,Debt,7_plus_person,married_couple,1,F&B Eatery/Full-Service Restaurants,Walking,Car
52759,70,Elderly,20629,Low,2_person,married_couple,1,F&B Eatery/Drinking Places,Car,Car
58272,36,Adult,51418,Moderate,7_plus_person,nonfamily_single,2,F&B Eatery/Full-Service Restaurants,Car,Walking
29796,23,Young Adult,18566,Low,1_person,living_alone,0,F&B Eatery/Full-Service Restaurants,Walking,Walking
15372,24,Young Adult,32414,Moderate,2_person,nonfamily_single,1,F&B Eatery/Limited-Service Restaurants,Car,Car
33002,47,Middle Age,27314,Low,4_person,married_couple,1,F&B Eatery/Full-Service Restaurants,Walking,Car
12180,50,Middle Age,0,Debt,2_person,family_single,2,F&B Eatery/Drinking Places,Car,Car
20180,22,Young Adult,21468,Low,3_person,nonfamily_single,1,F&B Eatery/Snack and Nonalcoholic Beverage Bars,Walking,Walking
28694,34,Adult,17175,Low,3_person,married_couple,0,F&B Eatery/Full-Service Restaurants,Walking,Public_transport
6318,30,Young Adult,31638,Moderate,4_person,nonfamily_single,1,F&B Eatery/Full-Service Restaurants,Public_transport,Car
62345,23,Young Adult,35355,Moderate,4_person,family_single,0,F&B Eatery/Full-Service Restaurants,Public_transport,Walking
23478,28,Young Adult,0,Debt,2_person,nonfamily_single,1,F&B Eatery/Full-Service Restaurants,Car,Walking
44760,26,Young Adult,50507,Moderate,1_person,living_alone,0,F&B Eatery/Full-Service Restaurants,Public_transport,Walking
26586,35,Adult,39195,Moderate,4_person,nonfamily_single,0,F&B Eatery/Limited-Service Restaurants,Walking,Public_transport
66052,73,Elderly,36100,Moderate,3_person,married_couple,3_plus,F&B Eatery/Full-Service Restaurants,Car,Car
62368,22,Young Adult,9091,Low,5_person,nonfamily_single,0,F&B Eatery/Full-Service Restaurants,Walking,Walking
34716,53,Senior,12641,Low,2_person,family_single,0,F&B Eatery/Full-Service Restaurants,Public_transport,Public_transport
39129,48,Middle Age,0,Debt,4_person,married_couple,1,F&B Eatery/Full-Service Restaurants,Car,Car
66838,61,Elderly,32203,Moderate,2_person,married_couple,2,F&B Eatery/Snack and Nonalcoholic Beverage Bars,Car,Car
32441,52,Senior,8664,Low,1_person,living_alone,0,F&B Eatery/Snack and Nonalcoholic Beverage Bars,Public_transport,Public_transport
66019,86,Elderly,18182,Low,2_person,nonfamily_single,1,F&B Eatery/Limited-Service Restaurants,Public_transport,Car
44452,45,Middle Age,1054,Low,2_person,married_couple,2,F&B Eatery/Drinking Places,Walking,Car
55243,25,Young Adult,51572,Moderate,2_person,nonfamily_single,1,F&B Eatery/Limited-Service Restaurants,Walking,Car
48695,51,Senior,9875,Low,1_person,living_alone,0,F&B Eatery/Full-Service Restaurants,Public_transport,Public_transport
60015,50,Middle Age,227571,Ultra High,2_person,married_couple,2,F&B Eatery/Snack and Nonalcoholic Beverage Bars,Public_transport,Car
66560,21,Young Adult,0,Debt,1_person,living_alone,0,F&B Eatery/Limited-Service Restaurants,Walking,Walking
2224,39,Adult,97694,Very High,1_person,living_alone,1,F&B Eatery/Limited-Service Restaurants,Car,Car
25682,20,Young Adult,0,Debt,3_person,nonfamily_single,0,F&B Eatery/Full-Service Restaurants,Walking,Walking
43148,54,Senior,54023,Moderate,2_person,married_couple,1,F&B Eatery/Full-Service Restaurants,Walking,Car
25394,54,Senior,60608,High,3_person,family_single,1,F&B Eatery/Full-Service Restaurants,Car,Car
48014,25,Young Adult,65908,High,2_person,family_single,0,F&B Eatery/Drinking Places,Public_transport,Walking
16209,29,Young Adult,32414,Moderate,2_person,nonfamily_single,1,F&B Eatery/Full-Service Restaurants,Car,Car
31331,25,Young Adult,0,Debt,2_person,nonfamily_single,1,F&B Eatery/Limited-Service Restaurants,Walking,Walking
5571,28,Young Adult,75760,High,1_person,living_alone,1,F&B Eatery/Snack and Nonalcoholic Beverage Bars,Car,Walking
37291,65,Elderly,37816,Moderate,3_person,family_single,2,F&B Eatery/Full-Service Restaurants,Public_transport,Car
5793,30,Young Adult,144403,Ultra High,2_person,married_couple,1,F&B Eatery/Limited-Service Restaurants,Car,Walking
63386,39,Adult,111115,Very High,7_plus_person,married_couple,1,F&B Eatery/Snack and Nonalcoholic Beverage Bars,Car,Public_transport
53384,26,Young Adult,28880,Low,4_person,nonfamily_single,0,F&B Eatery/Full-Service Restaurants,Public_transport,Walking
64859,56,Senior,9661,Low,5_person,married_couple,1,F&B Eatery/Full-Service Restaurants,Car,Car
5738,30,Young Adult,5402,Low,1_person,living_alone,0,F&B Eatery/Full-Service Restaurants,Public_transport,Walking
19008,27,Young Adult,64406,High,2_person,nonfamily_single,2,F&B Eatery/Drinking Places,Car,Walking
37496,49,Middle Age,596906,Ultra High,2_person,nonfamily_single,2,F&B Eatery/Full-Service Restaurants,Car,Car
40586,33,Adult,28474,Low,3_person,married_couple,2,F&B Eatery/Full-Service Restaurants,Car,Walking
41627,47,Middle Age,41258,Moderate,7_plus_person,family_single,2,F&B Eatery/Snack and Nonalcoholic Beverage Bars,Car,Car
5276,24,Young Adult,55894,Moderate,5_person,family_single,1,F&B Eatery/Full-Service Restaurants,Walking,Car
55103,70,Elderly,22568,Low,7_plus_person,married_couple,1,F&B Eatery/Limited-Service Restaurants,Public_transport,Car
58232,37,Adult,43218,Moderate,4_person,married_couple,2,F&B Eatery/Full-Service Restaurants,Car,Public_transport
15275,36,Adult,27909,Low,2_person,married_couple,0,F&B Eatery/Full-Service Restaurants,Public_transport,Public_transport
55620,21,Young Adult,0,Debt,2_person,nonfamily_single,0,F&B Eatery/Snack and Nonalcoholic Beverage Bars,Walking,Walking
35205,34,Adult,74067,High,6_person,family_single,0,F&B Eatery/Snack and Nonalcoholic Beverage Bars,Public_transport,Public_transport
22440,56,Senior,224856,Ultra High,1_person,living_alone,2,F&B Eatery/Limited-Service Restaurants,Car,Car
14087,19,Young Adult,0,Debt,2_person,nonfamily_single,1,F&B Eatery/Limited-Service Restaurants,Walking,Walking
58161,36,Adult,35481,Moderate,3_person,married_couple,1,F&B Eatery/Snack and Nonalcoholic Beverage Bars,Walking,Car
62551,40,Adult,9283,Low,4_person,family_single,1,F&B Eatery/Limited-Service Restaurants,Car,Walking
27990,47,Middle Age,26836,Low,3_person,married_couple,3_plus,F&B Eatery/Limited-Service Restaurants,Car,Car
22736,68,Elderly,204743,Ultra High,1_person,living_alone,1,F&B Eatery/Limited-Service Restaurants,Public_transport,Car
26917,31,Adult,136369,Ultra High,2_person,nonfamily_single,1,F&B Eatery/Snack and Nonalcoholic Beverage Bars,Car,Car
44757,25,Young Adult,77358,High,2_person,nonfamily_single,2,F&B Eatery/Full-Service Restaurants,Car,Walking
3167,69,Elderly,103351,Very High,2_person,married_couple,2,F&B Eatery/Full-Service Restaurants,Car,Car
50961,46,Middle Age,64406,High,5_person,married_couple,2,F&B Eatery/Snack and Nonalcoholic Beverage Bars,Car,Car
31897,54,Senior,37816,Moderate,5_person,married_couple,2,F&B Eatery/Snack and Nonalcoholic Beverage Bars,Car,Car
51036,17,Teen,0,Debt,4_person,married_couple,1,F&B Eatery/Snack and Nonalcoholic Beverage Bars,Car,Public_transport
23545,25,Young Adult,0,Debt,3_person,married_couple,0,F&B Eatery/Full-Service Restaurants,Public_transport,Walking
58608,26,Young Adult,48305,Moderate,1_person,living_alone,1,F&B Eatery/Full-Service Restaurants,Walking,Car
54238,70,Elderly,15819,Low,6_person,family_single,0,F&B Eatery/Full-Service Restaurants,Car,Public_transport
46520,87,Elderly,17928,Low,1_person,living_alone,0,F&B Eatery/Full-Service Restaurants,Car,Walking
24142,21,Young Adult,21609,Low,2_person,family_single,0,F&B Eatery/Full-Service Restaurants,Walking,Walking
48688,80,Elderly,7728,Low,2_person,married_couple,0,F&B Eatery/Full-Service Restaurants,Car,Public_transport
14027,25,Young Adult,9076,Low,1_person,living_alone,0,F&B Eatery/Snack and Nonalcoholic Beverage Bars,Walking,Walking
7016,24,Young Adult,0,Debt,1_person,living_alone,0,F&B Eatery/Full-Service Restaurants,Walking,Walking
46154,49,Middle Age,54547,Moderate,3_person,family_single,2,F&B Eatery/Snack and Nonalcoholic Beverage Bars,Car,Public_transport
48766,69,Elderly,83084,High,3_person,married_couple,1,F&B Eatery/Full-Service Restaurants,Car,Car
45409,26,Young Adult,27011,Low,6_person,family_single,3_plus,F&B Eatery/Snack and Nonalcoholic Beverage Bars,Car,Car
65045,56,Senior,25416,Low,4_person,married_couple,2,F&B Eatery/Snack and Nonalcoholic Beverage Bars,Public_transport,Public_transport
37713,50,Middle Age,17175,Low,4_person,family_single,1,F&B Eatery/Snack and Nonalcoholic Beverage Bars,Car,Car
15649,91,Elderly,311730,Ultra High,1_person,living_alone,0,F&B Eatery/Full-Service Restaurants,Public_transport,Public_transport
12237,37,Adult,79095,High,2_person,married_couple,0,F&B Eatery/Snack and Nonalcoholic Beverage Bars,Car,Public_transport
38814,49,Middle Age,84368,High,4_person,married_couple,2,F&B Eatery/Full-Service Restaurants,Car,Car
28278,34,Adult,0,Debt,4_person,married_couple,1,F&B Eatery/Full-Service Restaurants,Public_transport,Car
9227,52,Senior,0,Debt,5_person,married_couple,1,F&B Eatery/Drinking Places,Car,Car
5585,26,Young Adult,15471,Low,5_person,nonfamily_single,0,F&B Eatery/Full-Service Restaurants,Walking,Walking
56071,28,Young Adult,63950,High,2_person,nonfamily_single,1,F&B Eatery/Full-Service Restaurants,Public_transport,Walking
5590,78,Elderly,70847,High,5_person,family_single,3_plus,F&B Eatery/Full-Service Restaurants,Car,Car
56378,25,Young Adult,78791,High,2_person,nonfamily_single,1,F&B Eatery/Full-Service Restaurants,Walking,Walking
33996,50,Middle Age,227571,Ultra High,2_person,married_couple,2,F&B Eatery/Full-Service Restaurants,Car,Car
18691,51,Senior,49700,Moderate,2_person,family_single,0,F&B Eatery/Special Food Services,Walking,Public_transport
55998,23,Young Adult,19448,Low,4_person,nonfamily_single,0,F&B Eatery/Drinking Places,Public_transport,Walking
46109,33,Adult,89679,High,4_person,married_couple,1,F&B Eatery/Drinking Places,Car,Car
46101,23,Young Adult,0,Debt,2_person,nonfamily_single,1,F&B Eatery/Drinking Places,Public_transport,Walking
31566,28,Young Adult,0,Debt,3_person,nonfamily_single,1,F&B Eatery/Snack and Nonalcoholic Beverage Bars,Car,Walking
14743,23,Young Adult,23770,Low,2_person,nonfamily_single,0,F&B Eatery/Limited-Service Restaurants,Walking,Walking
8244,40,Adult,0,Debt,5_person,married_couple,2,F&B Eatery/Full-Service Restaurants,Car,Car
64914,25,Young Adult,106065,Very High,3_person,nonfamily_single,1,F&B Eatery/Full-Service Restaurants,Walking,Car
16237,37,Adult,69107,High,4_person,married_couple,1,F&B Eatery/Snack and Nonalcoholic Beverage Bars,Car,Car
39323,60,Senior,0,Debt,6_person,family_single,1,F&B Eatery/Snack and Nonalcoholic Beverage Bars,Car,Walking
66826,33,Adult,136139,Ultra High,2_person,married_couple,1,F&B Eatery/Snack and Nonalcoholic Beverage Bars,Car,Car
15373,50,Middle Age,32203,Moderate,5_person,family_single,2,F&B Eatery/Limited-Service Restaurants,Car,Car
12145,87,Elderly,10156,Low,2_person,nonfamily_single,2,F&B Eatery/Full-Service Restaurants,Car,Car
159,26,Young Adult,0,Debt,4_person,family_single,0,F&B Eatery/Full-Service Restaurants,Public_transport,Walking
25235,23,Young Adult,26508,Low,2_person,nonfamily_single,2,F&B Eatery/Full-Service Restaurants,Car,Walking
58931,19,Young Adult,32414,Moderate,3_person,family_single,1,F&B Eatery/Full-Service Restaurants,Car,Car
1589,57,Senior,28474,Low,4_person,married_couple,1,F&B Eatery/Snack and Nonalcoholic Beverage Bars,Car,Walking
54727,38,Adult,78874,High,3_person,married_couple,2,F&B Eatery/Full-Service Restaurants,Public_transport,Car
24035,32,Adult,89641,High,1_person,living_alone,1,F&B Eatery/Full-Service Restaurants,Car,Car
15369,26,Young Adult,54023,Moderate,4_person,married_couple,1,F&B Eatery/Full-Service Restaurants,Public_transport,Walking
56393,33,Adult,30685,Moderate,2_person,nonfamily_single,2,F&B Eatery/Full-Service Restaurants,Public_transport,Car
38333,30,Young Adult,27011,Low,3_person,nonfamily_single,1,F&B Eatery/Full-Service Restaurants,Car,Walking
23071,82,Elderly,64056,High,2_person,married_couple,1,F&B Eatery/Snack and Nonalcoholic Beverage Bars,Car,Car
7190,69,Elderly,12965,Low,2_person,married_couple,1,F&B Eatery/Full-Service Restaurants,Car,Car
16566,65,Elderly,1212,Low,2_person,married_couple,2,F&B Eatery/Snack and Nonalcoholic Beverage Bars,Car,Car
10576,63,Elderly,65659,High,4_person,family_single,3_plus,F&B Eatery/Full-Service Restaurants,Walking,Car
30750,25,Young Adult,0,Debt,4_person,nonfamily_single,0,F&B Eatery/Limited-Service Restaurants,Walking,Walking
47829,25,Young Adult,40405,Moderate,5_person,nonfamily_single,0,F&B Eatery/Full-Service Restaurants,Walking,Public_transport
58648,59,Senior,352773,Ultra High,4_person,married_couple,2,F&B Eatery/Snack and Nonalcoholic Beverage Bars,Walking,Car
23864,66,Elderly,28092,Low,2_person,married_couple,1,F&B Eatery/Full-Service Restaurants,Car,Car
61202,50,Middle Age,8889,Low,7_plus_person,nonfamily_single,0,F&B Eatery/Full-Service Restaurants,Public_transport,Public_transport
46132,78,Elderly,0,Debt,6_person,married_couple,2,F&B Eatery/Full-Service Restaurants,Car,Car
56722,60,Senior,0,Debt,2_person,married_couple,2,F&B Eatery/Full-Service Restaurants,Public_transport,Car
34324,66,Elderly,21819,Low,1_person,living_alone,0,F&B Eatery/Full-Service Restaurants,Public_transport,Walking
35596,49,Middle Age,75632,High,4_person,married_couple,2,F&B Eatery/Limited-Service Restaurants,Car,Car
33204,77,Elderly,52931,Moderate,2_person,married_couple,1,F&B Eatery/Limited-Service Restaurants,Walking,Car
22173,87,Elderly,86305,High,1_person,living_alone,1,F&B Eatery/Full-Service Restaurants,Car,Car
15592,32,Adult,26817,Low,2_person,nonfamily_single,2,F&B Eatery/Limited-Service Restaurants,Car,Public_transport
67051,39,Adult,56892,Moderate,2_person,family_single,1,F&B Eatery/Full-Service Restaurants,Public_transport,Car
28454,32,Adult,25253,Low,2_person,married_couple,1,F&B Eatery/Snack and Nonalcoholic Beverage Bars,Car,Walking
50740,75,Elderly,16503,Low,3_person,family_single,2,F&B Eatery/Drinking Places,Car,Car
23782,21,Young Adult,0,Debt,2_person,family_single,0,F&B Eatery/Full-Service Restaurants,Walking,Walking
35548,23,Young Adult,21468,Low,4_person,nonfamily_single,0,F&B Eatery/Limited-Service Restaurants,Public_transport,Walking
36469,43,Middle Age,353550,Ultra High,6_person,married_couple,2,F&B Eatery/Full-Service Restaurants,Car,Car
58394,24,Young Adult,20629,Low,3_person,nonfamily_single,0,F&B Eatery/Full-Service Restaurants,Walking,Walking
38454,30,Young Adult,144403,Ultra High,2_person,nonfamily_single,1,F&B Eatery/Full-Service Restaurants,Walking,Walking
53117,32,Adult,70710,High,3_person,nonfamily_single,2,F&B Eatery/Full-Service Restaurants,Car,Car
4727,26,Young Adult,1427,Low,4_person,family_single,1,F&B Eatery/Full-Service Restaurants,Car,Car
58317,31,Adult,48621,Moderate,3_person,married_couple,1,F&B Eatery/Snack and Nonalcoholic Beverage Bars,Public_transport,Car
17622,25,Young Adult,35979,Moderate,7_plus_person,family_single,3_plus,F&B Eatery/Limited-Service Restaurants,Public_transport,Car
2951,85,Elderly,46415,Moderate,2_person,married_couple,0,F&B Eatery/Limited-Service Restaurants,Public_transport,Public_transport
59686,31,Adult,79435,High,4_person,married_couple,2,F&B Eatery/Limited-Service Restaurants,Public_transport,Car
54561,36,Adult,15819,Low,3_person,family_single,0,F&B Eatery/Full-Service Restaurants,Public_transport,Public_transport
35323,80,Elderly,329105,Ultra High,7_plus_person,married_couple,1,F&B Eatery/Limited-Service Restaurants,Walking,Car
30622,39,Adult,12881,Low,6_person,married_couple,1,F&B Eatery/Snack and Nonalcoholic Beverage Bars,Car,Car
10350,94,Elderly,0,Debt,2_person,nonfamily_single,0,F&B Eatery/Snack and Nonalcoholic Beverage Bars,Public_transport,Walking
63671,19,Young Adult,0,Debt,1_person,living_alone,0,F&B Eatery/Snack and Nonalcoholic Beverage Bars,Walking,Walking
64071,20,Young Adult,0,Debt,3_person,nonfamily_single,0,F&B Eatery/Snack and Nonalcoholic Beverage Bars,Public_transport,Walking
50649,76,Elderly,38356,Moderate,2_person,family_single,1,F&B Eatery/Limited-Service Restaurants,Car,Car
45505,58,Senior,38464,Moderate,2_person,married_couple,2,F&B Eatery/Full-Service Restaurants,Car,Car
39233,27,Young Adult,35655,Moderate,2_person,married_couple,1,F&B Eatery/Limited-Service Restaurants,Public_transport,Car
40123,32,Adult,216158,Ultra High,1_person,living_alone,0,F&B Eatery/Drinking Places,Public_transport,Walking
15717,29,Young Adult,161017,Ultra High,1_person,living_alone,0,F&B Eatery/Drinking Places,Public_transport,Walking
40591,45,Middle Age,37816,Moderate,7_plus_person,married_couple,0,F&B Eatery/Limited-Service Restaurants,Walking,Public_transport
56699,50,Middle Age,18286,Low,3_person,family_single,1,F&B Eatery/Full-Service Restaurants,Public_transport,Car
24297,85,Elderly,0,Debt,4_person,family_single,2,F&B Eatery/Full-Service Restaurants,Car,Car
12449,73,Elderly,34169,Moderate,3_person,married_couple,1,F&B Eatery/Limited-Service Restaurants,Walking,Car
59766,29,Young Adult,162070,Ultra High,5_person,married_couple,0,F&B Eatery/Limited-Service Restaurants,Walking,Walking
66060,30,Young Adult,57761,Moderate,5_person,nonfamily_single,1,F&B Eatery/Full-Service Restaurants,Car,Car
15271,48,Middle Age,59598,Moderate,2_person,married_couple,2,F&B Eatery/Full-Service Restaurants,Car,Public_transport
5185,31,Adult,595338,Ultra High,1_person,living_alone,0,F&B Eatery/Full-Service Restaurants,Walking,Walking
22031,53,Senior,9901,Low,2_person,nonfamily_single,0,F&B Eatery/Snack and Nonalcoholic Beverage Bars,Walking,Public_transport
8549,16,Teen,0,Debt,3_person,married_couple,1,F&B Eatery/Full-Service Restaurants,Public_transport,Car
38010,43,Middle Age,206290,Ultra High,2_person,married_couple,2,F&B Eatery/Full-Service Restaurants,Walking,Car
18514,60,Senior,2146,Low,6_person,married_couple,0,F&B Eatery/Drinking Places,Public_transport,Public_transport
28220,25,Young Adult,33435,Moderate,4_person,nonfamily_single,1,F&B Eatery/Limited-Service Restaurants,Car,Car
2092,55,Senior,231045,Ultra High,1_person,living_alone,1,F&B Eatery/Full-Service Restaurants,Walking,Car
21793,34,Adult,35069,Moderate,4_person,married_couple,2,F&B Eatery/Full-Service Restaurants,Walking,Public_transport
10207,27,Young Adult,0,Debt,3_person,family_single,0,F&B Eatery/Snack and Nonalcoholic Beverage Bars,Walking,Walking
44716,67,Elderly,9283,Low,1_person,living_alone,0,F&B Eatery/Full-Service Restaurants,Walking,Walking
61388,63,Elderly,0,Debt,3_person,married_couple,3_plus,F&B Eatery/Full-Service Restaurants,Public_transport,Car
32955,25,Young Adult,0,Debt,2_person,nonfamily_single,1,F&B Eatery/Snack and Nonalcoholic Beverage Bars,Walking,Walking
41869,21,Young Adult,0,Debt,2_person,family_single,0,F&B Eatery/Full-Service Restaurants,Walking,Walking
24322,53,Senior,25786,Low,3_person,married_couple,2,F&B Eatery/Full-Service Restaurants,Walking,Car
52807,24,Young Adult,429,Low,6_person,married_couple,2,F&B Eatery/Full-Service Restaurants,Public_transport,Car
19810,31,Adult,70710,High,1_person,living_alone,0,F&B Eatery/Full-Service Restaurants,Public_transport,Walking
1098,26,Young Adult,42401,Moderate,7_plus_person,married_couple,3_plus,F&B Eatery/Snack and Nonalcoholic Beverage Bars,Walking,Car
1381,32,Adult,375,Low,5_person,family_single,1,F&B Eatery/Full-Service Restaurants,Walking,Car
65072,19,Young Adult,0,Debt,2_person,nonfamily_single,0,F&B Eatery/Snack and Nonalcoholic Beverage Bars,Walking,Walking
8605,19,Young Adult,0,Debt,3_person,nonfamily_single,0,F&B Eatery/Drinking Places,Public_transport,Walking
56579,46,Middle Age,233078,Ultra High,3_person,family_single,1,F&B Eatery/Drinking Places,Car,Car
48511,20,Young Adult,0,Debt,3_person,married_couple,1,F&B Eatery/Limited-Service Restaurants,Public_transport,Public_transport
54189,18,Teen,0,Debt,3_person,married_couple,2,F&B Eatery/Snack and Nonalcoholic Beverage Bars,Car,Car
21281,25,Young Adult,6327,Low,4_person,family_single,3_plus,F&B Eatery/Full-Service Restaurants,Public_transport,Walking
11528,39,Adult,15471,Low,7_plus_person,married_couple,2,F&B Eatery/Full-Service Restaurants,Walking,Car
28182,32,Adult,84368,High,2_person,nonfamily_single,2,F&B Eatery/Full-Service Restaurants,Walking,Car
52327,20,Young Adult,19448,Low,3_person,nonfamily_single,0,F&B Eatery/Snack and Nonalcoholic Beverage Bars,Walking,Walking
15038,57,Senior,8889,Low,7_plus_person,nonfamily_single,0,F&B Eatery/Full-Service Restaurants,Car,Public_transport
10433,75,Elderly,32414,Moderate,1_person,living_alone,1,F&B Eatery/Full-Service Restaurants,Walking,Car
29218,51,Senior,0,Debt,3_person,family_single,0,F&B Eatery/Snack and Nonalcoholic Beverage Bars,Walking,Walking
65426,39,Adult,32203,Moderate,6_person,married_couple,1,F&B Eatery/Limited-Service Restaurants,Public_transport,Public_transport
41216,26,Young Adult,55557,Moderate,2_person,nonfamily_single,2,F&B Eatery/Drinking Places,Car,Car
11390,30,Young Adult,198588,Ultra High,2_person,married_couple,0,F&B Eatery/Snack and Nonalcoholic Beverage Bars,Walking,Walking
41160,57,Senior,8889,Low,7_plus_person,nonfamily_single,0,F&B Eatery/Snack and Nonalcoholic Beverage Bars,Public_transport,Public_transport
7295,70,Elderly,12377,Low,1_person,living_alone,0,F&B Eatery/Snack and Nonalcoholic Beverage Bars,Walking,Walking
51387,19,Young Adult,0,Debt,2_person,nonfamily_single,0,F&B Eatery/Limited-Service Restaurants,Public_transport,Walking
8068,25,Young Adult,53784,Moderate,1_person,living_alone,0,F&B Eatery/Limited-Service Restaurants,Walking,Walking
12935,29,Young Adult,9283,Low,1_person,living_alone,1,F&B Eatery/Snack and Nonalcoholic Beverage Bars,Walking,Walking
42727,60,Senior,2991,Low,1_person,living_alone,0,F&B Eatery/Limited-Service Restaurants,Public_transport,Public_transport
20620,88,Elderly,84751,High,2_person,married_couple,1,F&B Eatery/Snack and Nonalcoholic Beverage Bars,Car,Car
54820,25,Young Adult,42678,Moderate,4_person,nonfamily_single,0,F&B Eatery/Full-Service Restaurants,Public_transport,Walking
60302,55,Senior,22542,Low,3_person,family_single,0,F&B Eatery/Full-Service Restaurants,Public_transport,Public_transport
64739,39,Adult,28799,Low,6_person,family_single,1,F&B Eatery/Limited-Service Restaurants,Public_transport,Public_transport
9764,24,Young Adult,9661,Low,4_person,nonfamily_single,1,F&B Eatery/Full-Service Restaurants,Car,Car
32792,27,Young Adult,24152,Low,2_person,family_single,2,F&B Eatery/Snack and Nonalcoholic Beverage Bars,Public_transport,Walking
3363,62,Elderly,0,Debt,3_person,family_single,1,F&B Eatery/Full-Service Restaurants,Car,Car
1088,29,Young Adult,309435,Ultra High,3_person,nonfamily_single,1,F&B Eatery/Full-Service Restaurants,Car,Walking
12866,65,Elderly,0,Debt,4_person,married_couple,2,F&B Eatery/Full-Service Restaurants,Public_transport,Car
10886,65,Elderly,60855,High,1_person,living_alone,1,F&B Eatery/Full-Service Restaurants,Walking,Car
57885,62,Elderly,8889,Low,7_plus_person,nonfamily_single,0,F&B Eatery/Full-Service Restaurants,Car,Public_transport
11590,27,Young Adult,39977,Moderate,2_person,nonfamily_single,1,F&B Eatery/Drinking Places,Car,Car
60903,24,Young Adult,75632,High,1_person,living_alone,0,F&B Eatery/Limited-Service Restaurants,Walking,Walking
67019,25,Young Adult,10314,Low,4_person,nonfamily_single,1,F&B Eatery/Full-Service Restaurants,Walking,Car
19225,22,Young Adult,0,Debt,5_person,nonfamily_single,1,F&B Eatery/Limited-Service Restaurants,Car,Car
10503,30,Young Adult,57264,Moderate,1_person,living_alone,1,F&B Eatery/Snack and Nonalcoholic Beverage Bars,Car,Car
56689,50,Middle Age,3030,Low,2_person,married_couple,1,F&B Eatery/Snack and Nonalcoholic Beverage Bars,Public_transport,Car
12306,67,Elderly,26836,Low,1_person,living_alone,1,F&B Eatery/Full-Service Restaurants,Car,Car
27810,25,Young Adult,46695,Moderate,2_person,nonfamily_single,1,F&B Eatery/Full-Service Restaurants,Car,Car
56622,58,Senior,10734,Low,1_person,living_alone,1,F&B Eatery/Full-Service Restaurants,Car,Car
57053,23,Young Adult,0,Debt,1_person,living_alone,1,F&B Eatery/Limited-Service Restaurants,Car,Walking
20536,69,Elderly,15253,Low,2_person,married_couple,1,F&B Eatery/Limited-Service Restaurants,Car,Car
58653,29,Young Adult,55557,Moderate,1_person,living_alone,0,F&B Eatery/Snack and Nonalcoholic Beverage Bars,Walking,Walking
49847,25,Young Adult,20629,Low,3_person,nonfamily_single,0,F&B Eatery/Snack and Nonalcoholic Beverage Bars,Public_transport,Walking
15906,46,Middle Age,30634,Moderate,4_person,married_couple,2,F&B Eatery/Full-Service Restaurants,Public_transport,Car
52887,62,Elderly,125808,Ultra High,2_person,nonfamily_single,2,F&B Eatery/Snack and Nonalcoholic Beverage Bars,Car,Car
11944,42,Middle Age,42937,Moderate,3_person,married_couple,1,F&B Eatery/Limited-Service Restaurants,Public_transport,Car
39105,37,Adult,52384,Moderate,2_person,nonfamily_single,1,F&B Eatery/Full-Service Restaurants,Car,Car
17611,67,Elderly,37384,Moderate,2_person,married_couple,2,F&B Eatery/Full-Service Restaurants,Public_transport,Car
51151,36,Adult,0,Debt,3_person,married_couple,1,F&B Eatery/Snack and Nonalcoholic Beverage Bars,Car,Car
276,73,Elderly,9283,Low,6_person,married_couple,2,F&B Eatery/Full-Service Restaurants,Car,Car
12413,75,Elderly,8664,Low,2_person,married_couple,1,F&B Eatery/Full-Service Restaurants,Car,Car
26943,63,Elderly,42426,Moderate,7_plus_person,family_single,1,F&B Eatery/Full-Service Restaurants,Car,Car
22313,66,Elderly,9983,Low,1_person,living_alone,0,F&B Eatery/Full-Service Restaurants,Public_transport,Walking
19337,52,Senior,10335,Low,2_person,family_single,0,F&B Eatery/Full-Service Restaurants,Car,Public_transport
52789,49,Middle Age,42184,Moderate,1_person,living_alone,0,F&B Eatery/Limited-Service Restaurants,Public_transport,Walking
36674,28,Young Adult,94914,Very High,2_person,married_couple,1,F&B Eatery/Drinking Places,Public_transport,Walking
21162,30,Young Adult,0,Debt,3_person,family_single,0,F&B Eatery/Full-Service Restaurants,Public_transport,Walking
5845,28,Young Adult,31638,Moderate,1_person,living_alone,0,F&B Eatery/Full-Service Restaurants,Walking,Walking
36188,61,Elderly,34037,Moderate,1_person,living_alone,0,F&B Eatery/Snack and Nonalcoholic Beverage Bars,Public_transport,Public_transport
53269,26,Young Adult,143702,Ultra High,1_person,living_alone,0,F&B Eatery/Full-Service Restaurants,Public_transport,Walking
27103,61,Elderly,19288,Low,1_person,living_alone,1,F&B Eatery/Full-Service Restaurants,Car,Car
33905,26,Young Adult,50507,Moderate,6_person,married_couple,1,F&B Eatery/Drinking Places,Car,Public_transport
51919,65,Elderly,94953,Very High,2_person,married_couple,1,F&B Eatery/Snack and Nonalcoholic Beverage Bars,Car,Car
24566,45,Middle Age,633512,Ultra High,1_person,living_alone,1,F&B Eatery/Full-Service Restaurants,Car,Car
26910,75,Elderly,13838,Low,2_person,married_couple,1,F&B Eatery/Snack and Nonalcoholic Beverage Bars,Walking,Car
50876,60,Senior,14069,Low,1_person,living_alone,1,F&B Eatery/Full-Service Restaurants,Car,Car
24045,35,Adult,75141,High,1_person,living_alone,0,F&B Eatery/Full-Service Restaurants,Public_transport,Walking
25518,31,Adult,7475,Low,2_person,nonfamily_single,2,F&B Eatery/Drinking Places,Car,Public_transport
46092,27,Young Adult,40405,Moderate,2_person,nonfamily_single,1,F&B Eatery/Full-Service Restaurants,Walking,Car
56132,25,Young Adult,87673,High,1_person,living_alone,0,F&B Eatery/Snack and Nonalcoholic Beverage Bars,Walking,Walking
2490,66,Elderly,4848,Low,2_person,married_couple,1,F&B Eatery/Drinking Places,Public_transport,Car
21826,32,Adult,90913,Very High,2_person,married_couple,1,F&B Eatery/Full-Service Restaurants,Walking,Car
48933,61,Elderly,53784,Moderate,4_person,married_couple,3_plus,F&B Eatery/Full-Service Restaurants,Walking,Car
40510,57,Senior,35763,Moderate,1_person,living_alone,1,F&B Eatery/Snack and Nonalcoholic Beverage Bars,Car,Car
14482,31,Adult,20629,Low,3_person,married_couple,0,F&B Eatery/Limited-Service Restaurants,Public_transport,Public_transport
45895,26,Young Adult,0,Debt,2_person,nonfamily_single,1,F&B Eatery/Snack and Nonalcoholic Beverage Bars,Car,Walking
36703,62,Elderly,52730,Moderate,2_person,family_single,0,F&B Eatery/Snack and Nonalcoholic Beverage Bars,Car,Public_transport
15072,79,Elderly,164729,Ultra High,2_person,married_couple,2,F&B Eatery/Full-Service Restaurants,Car,Car
62320,63,Elderly,46673,Moderate,2_person,married_couple,2,F&B Eatery/Full-Service Restaurants,Walking,Car
2384,55,Senior,34350,Moderate,2_person,married_couple,1,F&B Eatery/Full-Service Restaurants,Car,Car
8016,25,Young Adult,639,Low,5_person,family_single,1,F&B Eatery/Full-Service Restaurants,Walking,Car
39852,26,Young Adult,75760,High,2_person,nonfamily_single,2,F&B Eatery/Full-Service Restaurants,Walking,Walking
16499,61,Elderly,15152,Low,1_person,living_alone,0,F&B Eatery/Snack and Nonalcoholic Beverage Bars,Walking,Walking
34631,27,Young Adult,77358,High,2_person,nonfamily_single,1,F&B Eatery/Full-Service Restaurants,Public_transport,Walking
48456,33,Adult,72201,High,4_person,family_single,3_plus,F&B Eatery/Full-Service Restaurants,Public_transport,Car
59902,64,Elderly,8664,Low,1_person,living_alone,0,F&B Eatery/Full-Service Restaurants,Public_transport,Walking
19503,62,Elderly,10404,Low,1_person,living_alone,0,F&B Eatery/Limited-Service Restaurants,Walking,Walking
53410,69,Elderly,75760,High,7_plus_person,married_couple,3_plus,F&B Eatery/Limited-Service Restaurants,Car,Car
33132,73,Elderly,8889,Low,7_plus_person,nonfamily_single,0,F&B Eatery/Snack and Nonalcoholic Beverage Bars,Public_transport,Public_transport
41862,36,Adult,75141,High,2_person,nonfamily_single,0,F&B Eatery/Drinking Places,Walking,Walking
51971,24,Young Adult,19322,Low,5_person,nonfamily_single,1,F&B Eatery/Full-Service Restaurants,Walking,Car
28398,26,Young Adult,11807,Low,2_person,nonfamily_single,1,F&B Eatery/Full-Service Restaurants,Car,Walking
64687,41,Middle Age,117220,Very High,1_person,living_alone,0,F&B Eatery/Full-Service Restaurants,Walking,Public_transport
64427,58,Senior,6060,Low,3_person,married_couple,1,F&B Eatery/Limited-Service Restaurants,Public_transport,Car
18354,57,Senior,27011,Low,2_person,nonfamily_single,1,F&B Eatery/Full-Service Restaurants,Car,Car
21083,32,Adult,41258,Moderate,7_plus_person,married_couple,1,F&B Eatery/Snack and Nonalcoholic Beverage Bars,Public_transport,Public_transport
28753,74,Elderly,87673,High,2_person,family_single,1,F&B Eatery/Snack and Nonalcoholic Beverage Bars,Car,Car
3802,52,Senior,19510,Low,4_person,family_single,1,F&B Eatery/Full-Service Restaurants,Walking,Car
48077,60,Senior,66881,High,5_person,married_couple,3_plus,F&B Eatery/Full-Service Restaurants,Walking,Public_transport
55220,82,Elderly,5959,Low,3_person,married_couple,1,F&B Eatery/Snack and Nonalcoholic Beverage Bars,Car,Car
30386,35,Adult,59824,Moderate,1_person,living_alone,1,F&B Eatery/Snack and Nonalcoholic Beverage Bars,Walking,Car
36304,32,Adult,52730,Moderate,2_person,married_couple,0,F&B Eatery/Full-Service Restaurants,Walking,Public_transport
36593,50,Middle Age,45611,Moderate,2_person,family_single,1,F&B Eatery/Full-Service Restaurants,Walking,Car
39410,37,Adult,42184,Moderate,3_person,married_couple,1,F&B Eatery/Full-Service Restaurants,Public_transport,Car
2808,54,Senior,23770,Low,1_person,living_alone,2,F&B Eatery/Full-Service Restaurants,Walking,Car
12991,62,Elderly,176045,Ultra High,1_person,living_alone,0,F&B Eatery/Limited-Service Restaurants,Public_transport,Public_transport
62154,30,Young Adult,0,Debt,3_person,married_couple,1,F&B Eatery/Full-Service Restaurants,Walking,Public_transport
51098,60,Senior,58792,Moderate,4_person,married_couple,2,F&B Eatery/Snack and Nonalcoholic Beverage Bars,Public_transport,Car
20878,28,Young Adult,114002,Very High,2_person,nonfamily_single,1,F&B Eatery/Limited-Service Restaurants,Walking,Car
64702,65,Elderly,52519,Moderate,1_person,living_alone,1,F&B Eatery/Snack and Nonalcoholic Beverage Bars,Public_transport,Car
13527,70,Elderly,12121,Low,1_person,living_alone,0,F&B Eatery/Full-Service Restaurants,Public_transport,Walking
57277,25,Young Adult,21092,Low,4_person,married_couple,1,F&B Eatery/Full-Service Restaurants,Walking,Public_transport
28064,52,Senior,0,Debt,5_person,married_couple,1,F&B Eatery/Snack and Nonalcoholic Beverage Bars,Public_transport,Car
58954,43,Middle Age,11221,Low,2_person,family_single,1,F&B Eatery/Full-Service Restaurants,Car,Car
7269,39,Adult,203955,Ultra High,3_person,married_couple,1,F&B Eatery/Drinking Places,Car,Car
38115,18,Teen,0,Debt,5_person,family_single,0,F&B Eatery/Snack and Nonalcoholic Beverage Bars,Walking,Walking
40697,32,Adult,75760,High,2_person,married_couple,1,F&B Eatery/Snack and Nonalcoholic Beverage Bars,Car,Car
12982,46,Middle Age,92830,Very High,3_person,married_couple,3_plus,F&B Eatery/Full-Service Restaurants,Car,Walking
7166,21,Young Adult,0,Debt,2_person,nonfamily_single,0,F&B Eatery/Limited-Service Restaurants,Walking,Walking
12869,35,Adult,82516,High,3_person,nonfamily_single,2,F&B Eatery/Full-Service Restaurants,Car,Car
29535,33,Adult,39020,Moderate,3_person,married_couple,1,F&B Eatery/Full-Service Restaurants,Car,Car
56115,18,Teen,7276,Low,3_person,family_single,2,F&B Eatery/Full-Service Restaurants,Car,Walking
38635,43,Middle Age,116006,Very High,4_person,married_couple,2,F&B Eatery/Snack and Nonalcoholic Beverage Bars,Car,Car
60011,42,Middle Age,49509,Moderate,2_person,married_couple,2,F&B Eatery/Full-Service Restaurants,Car,Public_transport
37529,47,Middle Age,8753,Low,1_person,living_alone,1,F&B Eatery/Full-Service Restaurants,Public_transport,Car
59538,63,Elderly,79435,High,1_person,living_alone,1,F&B Eatery/Full-Service Restaurants,Public_transport,Car
882,61,Elderly,26817,Low,6_person,married_couple,2,F&B Eatery/Snack and Nonalcoholic Beverage Bars,Walking,Car
32272,31,Adult,87673,High,3_person,married_couple,0,F&B Eatery/Drinking Places,Walking,Public_transport
13893,41,Middle Age,108047,Very High,4_person,married_couple,2,F&B Eatery/Snack and Nonalcoholic Beverage Bars,Car,Car
48651,87,Elderly,19448,Low,2_person,family_single,2,F&B Eatery/Limited-Service Restaurants,Public_transport,Car
29689,44,Middle Age,39195,Moderate,3_person,family_single,2,F&B Eatery/Snack and Nonalcoholic Beverage Bars,Car,Public_transport
557,45,Middle Age,66669,High,2_person,family_single,1,F&B Eatery/Snack and Nonalcoholic Beverage Bars,Car,Car
1960,66,Elderly,14276,Low,2_person,married_couple,1,F&B Eatery/Snack and Nonalcoholic Beverage Bars,Car,Car
46099,27,Young Adult,0,Debt,4_person,nonfamily_single,1,F&B Eatery/Snack and Nonalcoholic Beverage Bars,Walking,Walking
1207,25,Young Adult,166063,Ultra High,2_person,nonfamily_single,0,F&B Eatery/Limited-Service Restaurants,Walking,Walking
25552,67,Elderly,28571,Low,2_person,married_couple,1,F&B Eatery/Full-Service Restaurants,Walking,Car
7684,69,Elderly,11485,Low,1_person,living_alone,0,F&B Eatery/Full-Service Restaurants,Public_transport,Walking
16859,65,Elderly,-4538,Debt,6_person,nonfamily_single,0,F&B Eatery/Snack and Nonalcoholic Beverage Bars,Walking,Public_transport
26086,80,Elderly,47035,Moderate,1_person,living_alone,1,F&B Eatery/Snack and Nonalcoholic Beverage Bars,Car,Car
55690,33,Adult,181392,Ultra High,1_person,living_alone,1,F&B Eatery/Limited-Service Restaurants,Walking,Car
44789,49,Middle Age,92830,Very High,1_person,living_alone,1,F&B Eatery/Full-Service Restaurants,Car,Car
28308,28,Young Adult,9179,Low,2_person,nonfamily_single,1,F&B Eatery/Full-Service Restaurants,Walking,Walking
10485,23,Young Adult,4408,Low,2_person,married_couple,1,F&B Eatery/Full-Service Restaurants,Public_transport,Public_transport
19595,23,Young Adult,25253,Low,4_person,nonfamily_single,1,F&B Eatery/Snack and Nonalcoholic Beverage Bars,Car,Car
3630,43,Middle Age,0,Debt,2_person,married_couple,2,F&B Eatery/Drinking Places,Car,Car
1708,47,Middle Age,15342,Low,3_person,married_couple,1,F&B Eatery/Full-Service Restaurants,Car,Car
26421,20,Young Adult,0,Debt,3_person,nonfamily_single,0,F&B Eatery/Snack and Nonalcoholic Beverage Bars,Walking,Walking
24842,79,Elderly,8331,Low,2_person,married_couple,1,F&B Eatery/Full-Service Restaurants,Car,Car
63329,64,Elderly,53672,Moderate,2_person,married_couple,1,F&B Eatery/Snack and Nonalcoholic Beverage Bars,Walking,Car
1140,51,Senior,12377,Low,4_person,family_single,1,F&B Eatery/Full-Service Restaurants,Car,Car
52314,34,Adult,5273,Low,2_person,married_couple,1,F&B Eatery/Limited-Service Restaurants,Public_transport,Walking
38975,26,Young Adult,78390,High,2_person,nonfamily_single,2,F&B Eatery/Limited-Service Restaurants,Walking,Walking
10238,43,Middle Age,64406,High,2_person,married_couple,1,F&B Eatery/Full-Service Restaurants,Walking,Car
52882,35,Adult,77358,High,1_person,living_alone,1,F&B Eatery/Full-Service Restaurants,Public_transport,Car
26485,20,Young Adult,15342,Low,4_person,nonfamily_single,0,F&B Eatery/Snack and Nonalcoholic Beverage Bars,Walking,Walking
43171,27,Young Adult,50507,Moderate,3_person,nonfamily_single,1,F&B Eatery/Full-Service Restaurants,Car,Car
35428,36,Adult,0,Debt,3_person,married_couple,1,F&B Eatery/Full-Service Restaurants,Walking,Car
25232,58,Senior,25786,Low,2_person,nonfamily_single,2,F&B Eatery/Full-Service Restaurants,Car,Car
14852,29,Young Adult,18982,Low,4_person,married_couple,2,F&B Eatery/Limited-Service Restaurants,Public_transport,Car
1307,33,Adult,24754,Low,4_person,married_couple,3_plus,F&B Eatery/Full-Service Restaurants,Public_transport,Car
18951,63,Elderly,0,Debt,3_person,married_couple,0,F&B Eatery/Full-Service Restaurants,Car,Public_transport
48980,33,Adult,75141,High,2_person,married_couple,0,F&B Eatery/Snack and Nonalcoholic Beverage Bars,Public_transport,Public_transport
58342,24,Young Adult,25762,Low,4_person,married_couple,2,F&B Eatery/Full-Service Restaurants,Walking,Car
12452,31,Adult,83235,High,2_person,married_couple,1,F&B Eatery/Full-Service Restaurants,Car,Car
19218,69,Elderly,21717,Low,1_person,living_alone,1,F&B Eatery/Full-Service Restaurants,Public_transport,Car
39673,30,Young Adult,61586,High,5_person,nonfamily_single,1,F&B Eatery/Full-Service Restaurants,Car,Car
44695,22,Young Adult,63276,High,2_person,nonfamily_single,0,F&B Eatery/Snack and Nonalcoholic Beverage Bars,Walking,Walking
46840,61,Elderly,86437,High,1_person,living_alone,1,F&B Eatery/Full-Service Restaurants,Walking,Car
9429,58,Senior,22691,Low,7_plus_person,married_couple,3_plus,F&B Eatery/Full-Service Restaurants,Public_transport,Car
34919,49,Middle Age,0,Debt,4_person,married_couple,1,F&B Eatery/Limited-Service Restaurants,Public_transport,Car
57169,85,Elderly,33006,Moderate,3_person,nonfamily_single,2,F&B Eatery/Snack and Nonalcoholic Beverage Bars,Car,Car
20219,63,Elderly,1414,Low,1_person,living_alone,0,F&B Eatery/Snack and Nonalcoholic Beverage Bars,Walking,Walking
19554,27,Young Adult,371413,Ultra High,2_person,nonfamily_single,1,F&B Eatery/Full-Service Restaurants,Public_transport,Walking
55568,49,Middle Age,34037,Moderate,3_person,married_couple,1,F&B Eatery/Full-Service Restaurants,Car,Car
39420,53,Senior,1031,Low,4_person,married_couple,3_plus,F&B Eatery/Full-Service Restaurants,Walking,Car
63922,55,Senior,10071,Low,2_person,nonfamily_single,0,F&B Eatery/Limited-Service Restaurants,Walking,Public_transport
13283,53,Senior,1237,Low,2_person,nonfamily_single,2,F&B Eatery/Full-Service Restaurants,Walking,Car
26762,85,Elderly,26621,Low,1_person,living_alone,1,F&B Eatery/Limited-Service Restaurants,Public_transport,Car
58478,22,Young Adult,47457,Moderate,3_person,nonfamily_single,0,F&B Eatery/Full-Service Restaurants,Public_transport,Walking
37772,51,Senior,272088,Ultra High,2_person,married_couple,1,F&B Eatery/Snack and Nonalcoholic Beverage Bars,Car,Car
55778,26,Young Adult,61887,High,2_person,nonfamily_single,2,F&B Eatery/Full-Service Restaurants,Walking,Walking
15996,38,Adult,47446,Moderate,4_person,married_couple,1,F&B Eatery/Snack and Nonalcoholic Beverage Bars,Public_transport,Public_transport
25879,38,Adult,392667,Ultra High,1_person,living_alone,1,F&B Eatery/Snack and Nonalcoholic Beverage Bars,Car,Car
30654,20,Young Adult,0,Debt,3_person,married_couple,1,F&B Eatery/Snack and Nonalcoholic Beverage Bars,Public_transport,Public_transport
34395,24,Young Adult,0,Debt,3_person,family_single,2,F&B Eatery/Full-Service Restaurants,Public_transport,Walking
19840,27,Young Adult,0,Debt,4_person,nonfamily_single,3_plus,F&B Eatery/Full-Service Restaurants,Walking,Walking
9714,36,Adult,330622,Ultra High,1_person,living_alone,1,F&B Eatery/Drinking Places,Car,Car
54083,37,Adult,129732,Ultra High,2_person,married_couple,1,F&B Eatery/Full-Service Restaurants,Car,Car
358,36,Adult,50890,Moderate,2_person,nonfamily_single,1,F&B Eatery/Snack and Nonalcoholic Beverage Bars,Walking,Car
138,40,Adult,165032,Ultra High,3_person,nonfamily_single,3_plus,F&B Eatery/Limited-Service Restaurants,Public_transport,Car
8491,68,Elderly,40405,Moderate,7_plus_person,family_single,1,F&B Eatery/Limited-Service Restaurants,Car,Car
26132,43,Middle Age,41154,Moderate,5_person,family_single,2,F&B Eatery/Full-Service Restaurants,Car,Car
62443,18,Teen,0,Debt,3_person,family_single,0,F&B Eatery/Limited-Service Restaurants,Public_transport,Walking
16766,70,Elderly,330317,Ultra High,7_plus_person,married_couple,1,F&B Eatery/Full-Service Restaurants,Walking,Car
43949,26,Young Adult,78390,High,1_person,living_alone,3_plus,F&B Eatery/Limited-Service Restaurants,Car,Car
340,42,Middle Age,10804,Low,6_person,family_single,1,F&B Eatery/Full-Service Restaurants,Walking,Walking
4857,42,Middle Age,201640,Ultra High,3_person,married_couple,2,F&B Eatery/Snack and Nonalcoholic Beverage Bars,Public_transport,Car
56882,21,Young Adult,0,Debt,3_person,nonfamily_single,0,F&B Eatery/Snack and Nonalcoholic Beverage Bars,Walking,Walking
60524,35,Adult,63639,High,3_person,married_couple,1,F&B Eatery/Drinking Places,Car,Car
50591,37,Adult,77288,High,1_person,living_alone,1,F&B Eatery/Full-Service Restaurants,Walking,Car
9569,38,Adult,210691,Ultra High,1_person,living_alone,0,F&B Eatery/Full-Service Restaurants,Walking,Walking
46633,56,Senior,13397,Low,2_person,family_single,1,F&B Eatery/Snack and Nonalcoholic Beverage Bars,Car,Car
50098,71,Elderly,28481,Low,1_person,living_alone,0,F&B Eatery/Full-Service Restaurants,Walking,Walking
10582,55,Senior,108047,Very High,2_person,family_single,0,F&B Eatery/Full-Service Restaurants,Walking,Public_transport
5498,28,Young Adult,32414,Moderate,3_person,nonfamily_single,0,F&B Eatery/Snack and Nonalcoholic Beverage Bars,Public_transport,Walking
21300,31,Adult,45383,Moderate,2_person,married_couple,0,F&B Eatery/Full-Service Restaurants,Public_transport,Public_transport
8556,47,Middle Age,18454,Low,4_person,family_single,1,F&B Eatery/Snack and Nonalcoholic Beverage Bars,Walking,Car
10913,29,Young Adult,4754,Low,3_person,married_couple,2,F&B Eatery/Full-Service Restaurants,Public_transport,Public_transport
1932,32,Adult,63639,High,2_person,nonfamily_single,2,F&B Eatery/Full-Service Restaurants,Walking,Car
2352,31,Adult,0,Debt,4_person,nonfamily_single,1,F&B Eatery/Full-Service Restaurants,Walking,Walking
15848,71,Elderly,15994,Low,2_person,family_single,1,F&B Eatery/Limited-Service Restaurants,Public_transport,Car
3236,26,Young Adult,30253,Moderate,3_person,nonfamily_single,1,F&B Eatery/Full-Service Restaurants,Walking,Car
27716,19,Young Adult,47231,Moderate,5_person,nonfamily_single,0,F&B Eatery/Snack and Nonalcoholic Beverage Bars,Public_transport,Public_transport
45123,37,Adult,80811,High,7_plus_person,family_single,3_plus,F&B Eatery/Full-Service Restaurants,Public_transport,Walking
42261,61,Elderly,53784,Moderate,4_person,married_couple,3_plus,F&B Eatery/Snack and Nonalcoholic Beverage Bars,Walking,Car
39919,54,Senior,0,Debt,4_person,married_couple,2,F&B Eatery/Snack and Nonalcoholic Beverage Bars,Car,Walking
36575,21,Young Adult,15126,Low,3_person,family_single,1,F&B Eatery/Limited-Service Restaurants,Car,Walking
59500,68,Elderly,24135,Low,2_person,family_single,2,F&B Eatery/Full-Service Restaurants,Car,Car
34704,74,Elderly,46695,Moderate,2_person,married_couple,1,F&B Eatery/Full-Service Restaurants,Car,Car
5619,35,Adult,75931,High,2_person,married_couple,0,F&B Eatery/Drinking Places,Walking,Public_transport
14973,63,Elderly,12641,Low,1_person,living_alone,1,F&B Eatery/Snack and Nonalcoholic Beverage Bars,Car,Car
63918,67,Elderly,11807,Low,2_person,nonfamily_single,2,F&B Eatery/Snack and Nonalcoholic Beverage Bars,Car,Car
20538,21,Young Adult,7887,Low,3_person,nonfamily_single,0,F&B Eatery/Limited-Service Restaurants,Public_transport,Walking
61516,21,Young Adult,42289,Moderate,5_person,married_couple,1,F&B Eatery/Limited-Service Restaurants,Public_transport,Public_transport
25372,61,Elderly,101082,Very High,1_person,living_alone,1,F&B Eatery/Drinking Places,Car,Car
18800,31,Adult,203443,Ultra High,1_person,living_alone,1,F&B Eatery/Limited-Service Restaurants,Car,Car
6344,24,Young Adult,7426,Low,4_person,married_couple,1,F&B Eatery/Snack and Nonalcoholic Beverage Bars,Public_transport,Public_transport
6139,28,Young Adult,30943,Moderate,2_person,married_couple,2,F&B Eatery/Limited-Service Restaurants,Public_transport,Car
785,25,Young Adult,31638,Moderate,1_person,living_alone,0,F&B Eatery/Drinking Places,Walking,Walking
30403,51,Senior,38387,Moderate,3_person,married_couple,1,F&B Eatery/Limited-Service Restaurants,Walking,Car
23173,36,Adult,18788,Low,6_person,family_single,1,F&B Eatery/Limited-Service Restaurants,Public_transport,Public_transport
27734,33,Adult,48486,Moderate,1_person,living_alone,1,F&B Eatery/Full-Service Restaurants,Car,Car
31778,24,Young Adult,0,Debt,3_person,nonfamily_single,0,F&B Eatery/Snack and Nonalcoholic Beverage Bars,Walking,Walking
8036,25,Young Adult,53672,Moderate,3_person,married_couple,1,F&B Eatery/Full-Service Restaurants,Public_transport,Car
8315,23,Young Adult,0,Debt,2_person,family_single,1,F&B Eatery/Snack and Nonalcoholic Beverage Bars,Walking,Walking
6313,30,Young Adult,103725,Very High,1_person,living_alone,0,F&B Eatery/Full-Service Restaurants,Walking,Walking
22052,23,Young Adult,58003,Moderate,4_person,nonfamily_single,1,F&B Eatery/Snack and Nonalcoholic Beverage Bars,Walking,Car
18556,40,Adult,41757,Moderate,3_person,family_single,2,F&B Eatery/Snack and Nonalcoholic Beverage Bars,Public_transport,Car
2169,32,Adult,22146,Low,2_person,nonfamily_single,1,F&B Eatery/Full-Service Restaurants,Car,Public_transport
55780,28,Young Adult,68075,High,2_person,married_couple,1,F&B Eatery/Full-Service Restaurants,Walking,Walking
53161,34,Adult,47457,Moderate,4_person,married_couple,2,F&B Eatery/Limited-Service Restaurants,Car,Public_transport
61981,29,Young Adult,111115,Very High,2_person,nonfamily_single,0,F&B Eatery/Snack and Nonalcoholic Beverage Bars,Public_transport,Walking
53492,37,Adult,101014,Very High,3_person,married_couple,1,F&B Eatery/Limited-Service Restaurants,Car,Car
50062,40,Adult,41757,Moderate,3_person,family_single,2,F&B Eatery/Limited-Service Restaurants,Car,Car
55420,57,Senior,44011,Moderate,1_person,living_alone,1,F&B Eatery/Full-Service Restaurants,Car,Car
14138,49,Middle Age,72201,High,2_person,married_couple,1,F&B Eatery/Snack and Nonalcoholic Beverage Bars,Public_transport,Car
18693,27,Young Adult,63276,High,2_person,nonfamily_single,0,F&B Eatery/Full-Service Restaurants,Car,Walking
26417,47,Middle Age,121217,Ultra High,7_plus_person,married_couple,1,F&B Eatery/Special Food Services,Walking,Walking
11826,25,Young Adult,66989,High,1_person,living_alone,1,F&B Eatery/Full-Service Restaurants,Walking,Walking
25833,77,Elderly,9897,Low,2_person,married_couple,0,F&B Eatery/Full-Service Restaurants,Public_transport,Public_transport
49114,58,Senior,238265,Ultra High,1_person,living_alone,2,F&B Eatery/Drinking Places,Car,Car
6591,27,Young Adult,90407,Very High,4_person,nonfamily_single,1,F&B Eatery/Limited-Service Restaurants,Walking,Public_transport
37226,71,Elderly,125118,Ultra High,3_person,married_couple,1,F&B Eatery/Full-Service Restaurants,Car,Car
47093,69,Elderly,44731,Moderate,2_person,married_couple,1,F&B Eatery/Limited-Service Restaurants,Car,Car
7597,43,Middle Age,603334,Ultra High,2_person,married_couple,3_plus,F&B Eatery/Drinking Places,Walking,Car
42138,72,Elderly,8468,Low,2_person,married_couple,1,F&B Eatery/Full-Service Restaurants,Car,Car
66006,32,Adult,56948,Moderate,4_person,nonfamily_single,2,F&B Eatery/Drinking Places,Car,Car
24323,49,Middle Age,36067,Moderate,2_person,married_couple,1,F&B Eatery/Full-Service Restaurants,Car,Car
4652,46,Middle Age,57451,Moderate,2_person,nonfamily_single,1,F&B Eatery/Limited-Service Restaurants,Walking,Walking
55370,25,Young Adult,69700,High,2_person,nonfamily_single,1,F&B Eatery/Limited-Service Restaurants,Car,Walking
28226,24,Young Adult,75632,High,1_person,living_alone,0,F&B Eatery/Drinking Places,Car,Walking
33210,65,Elderly,9339,Low,1_person,living_alone,1,F&B Eatery/Full-Service Restaurants,Car,Car
19799,36,Adult,73471,High,2_person,nonfamily_single,1,F&B Eatery/Full-Service Restaurants,Walking,Car
42359,53,Senior,0,Debt,5_person,family_single,1,F&B Eatery/Full-Service Restaurants,Car,Car
7069,62,Elderly,5367,Low,3_person,married_couple,1,F&B Eatery/Limited-Service Restaurants,Car,Car
39748,68,Elderly,62730,High,1_person,living_alone,1,F&B Eatery/Snack and Nonalcoholic Beverage Bars,Public_transport,Car
42417,64,Elderly,21609,Low,1_person,living_alone,1,F&B Eatery/Full-Service Restaurants,Car,Car
65135,63,Elderly,42426,Moderate,7_plus_person,family_single,1,F&B Eatery/Snack and Nonalcoholic Beverage Bars,Car,Car
5744,43,Middle Age,20732,Low,6_person,married_couple,2,F&B Eatery/Full-Service Restaurants,Car,Car
48515,18,Teen,0,Debt,5_person,family_single,1,F&B Eatery/Limited-Service Restaurants,Walking,Car
17438,27,Young Adult,21092,Low,2_person,married_couple,1,F&B Eatery/Full-Service Restaurants,Public_transport,Public_transport
29504,88,Elderly,257323,Ultra High,2_person,married_couple,0,F&B Eatery/Full-Service Restaurants,Car,Public_transport
48613,66,Elderly,35423,Moderate,2_person,married_couple,1,F&B Eatery/Full-Service Restaurants,Public_transport,Car
60619,33,Adult,18982,Low,3_person,family_single,1,F&B Eatery/Drinking Places,Car,Car
26039,49,Middle Age,217174,Ultra High,2_person,married_couple,1,F&B Eatery/Snack and Nonalcoholic Beverage Bars,Public_transport,Car
52851,55,Senior,25786,Low,6_person,married_couple,2,F&B Eatery/Full-Service Restaurants,Car,Car
11951,28,Young Adult,61586,High,4_person,nonfamily_single,0,F&B Eatery/Limited-Service Restaurants,Public_transport,Walking
929,33,Adult,34647,Moderate,1_person,living_alone,1,F&B Eatery/Limited-Service Restaurants,Car,Car
13703,34,Adult,38644,Moderate,3_person,married_couple,2,F&B Eatery/Limited-Service Restaurants,Walking,Car
22852,32,Adult,84368,High,6_person,married_couple,2,F&B Eatery/Limited-Service Restaurants,Car,Walking
8767,53,Senior,25786,Low,3_person,married_couple,2,F&B Eatery/Snack and Nonalcoholic Beverage Bars,Car,Car
50981,52,Senior,22689,Low,3_person,married_couple,2,F&B Eatery/Snack and Nonalcoholic Beverage Bars,Car,Car
11120,36,Adult,110881,Very High,3_person,married_couple,2,F&B Eatery/Full-Service Restaurants,Car,Car
62256,79,Elderly,9016,Low,1_person,living_alone,0,F&B Eatery/Full-Service Restaurants,Walking,Walking
47498,22,Young Adult,37570,Moderate,3_person,family_single,0,F&B Eatery/Limited-Service Restaurants,Public_transport,Walking
28797,48,Middle Age,95925,Very High,4_person,married_couple,2,F&B Eatery/Full-Service Restaurants,Walking,Car
11738,54,Senior,70230,High,3_person,married_couple,2,F&B Eatery/Full-Service Restaurants,Car,Car
46558,36,Adult,53635,Moderate,4_person,nonfamily_single,0,F&B Eatery/Full-Service Restaurants,Public_transport,Public_transport
44014,50,Middle Age,20835,Low,7_plus_person,married_couple,3_plus,F&B Eatery/Full-Service Restaurants,Walking,Car
54698,71,Elderly,2020,Low,2_person,married_couple,0,F&B Eatery/Limited-Service Restaurants,Walking,Public_transport
50594,44,Middle Age,97242,Very High,2_person,family_single,1,F&B Eatery/Snack and Nonalcoholic Beverage Bars,Walking,Car
2011,19,Young Adult,9293,Low,3_person,nonfamily_single,1,F&B Eatery/Limited-Service Restaurants,Car,Walking
17297,50,Middle Age,0,Debt,1_person,living_alone,1,F&B Eatery/Full-Service Restaurants,Car,Public_transport
40379,36,Adult,363652,Ultra High,2_person,married_couple,1,F&B Eatery/Full-Service Restaurants,Walking,Car
52425,23,Young Adult,0,Debt,5_person,married_couple,1,F&B Eatery/Snack and Nonalcoholic Beverage Bars,Public_transport,Public_transport
48796,24,Young Adult,107344,Very High,1_person,living_alone,1,F&B Eatery/Snack and Nonalcoholic Beverage Bars,Public_transport,Car
64849,65,Elderly,75760,High,3_person,married_couple,2,F&B Eatery/Snack and Nonalcoholic Beverage Bars,Car,Car
44179,56,Senior,31638,Moderate,1_person,living_alone,1,F&B Eatery/Drinking Places,Public_transport,Car
18990,61,Elderly,13821,Low,1_person,living_alone,0,F&B Eatery/Full-Service Restaurants,Walking,Walking
27840,65,Elderly,93337,Very High,5_person,family_single,2,F&B Eatery/Special Food Services,Car,Car
21312,25,Young Adult,53784,Moderate,1_person,living_alone,0,F&B Eatery/Full-Service Restaurants,Walking,Walking
26167,30,Young Adult,11885,Low,2_person,family_single,0,F&B Eatery/Snack and Nonalcoholic Beverage Bars,Walking,Walking
39332,23,Young Adult,0,Debt,3_person,family_single,1,F&B Eatery/Limited-Service Restaurants,Walking,Walking
66957,25,Young Adult,70230,High,3_person,nonfamily_single,2,F&B Eatery/Drinking Places,Car,Walking
16390,35,Adult,23201,Low,6_person,married_couple,1,F&B Eatery/Limited-Service Restaurants,Public_transport,Car
11172,25,Young Adult,82516,High,6_person,nonfamily_single,0,F&B Eatery/Limited-Service Restaurants,Public_transport,Walking
40603,52,Senior,353550,Ultra High,2_person,married_couple,1,F&B Eatery/Full-Service Restaurants,Car,Car
22967,55,Senior,71921,High,3_person,married_couple,3_plus,F&B Eatery/Snack and Nonalcoholic Beverage Bars,Car,Public_transport
36129,18,Teen,0,Debt,3_person,married_couple,1,F&B Eatery/Snack and Nonalcoholic Beverage Bars,Walking,Car
45734,39,Adult,343503,Ultra High,2_person,nonfamily_single,0,F&B Eatery/Snack and Nonalcoholic Beverage Bars,Public_transport,Walking
42903,44,Middle Age,0,Debt,3_person,married_couple,1,F&B Eatery/Limited-Service Restaurants,Car,Car
66793,32,Adult,162070,Ultra High,2_person,nonfamily_single,1,F&B Eatery/Snack and Nonalcoholic Beverage Bars,Public_transport,Car
62843,61,Elderly,15152,Low,1_person,living_alone,0,F&B Eatery/Snack and Nonalcoholic Beverage Bars,Public_transport,Walking
18019,30,Young Adult,37375,Moderate,2_person,nonfamily_single,1,F&B Eatery/Full-Service Restaurants,Walking,Car
1141,85,Elderly,286009,Ultra High,1_person,living_alone,0,F&B Eatery/Drinking Places,Car,Public_transport
49146,50,Middle Age,8889,Low,7_plus_person,nonfamily_single,0,F&B Eatery/Limited-Service Restaurants,Car,Public_transport
10233,37,Adult,162070,Ultra High,1_person,living_alone,1,F&B Eatery/Snack and Nonalcoholic Beverage Bars,Car,Car
47775,34,Adult,0,Debt,4_person,married_couple,1,F&B Eatery/Full-Service Restaurants,Walking,Car
64047,27,Young Adult,0,Debt,7_plus_person,married_couple,3_plus,F&B Eatery/Drinking Places,Walking,Car
15434,32,Adult,53672,Moderate,1_person,living_alone,0,F&B Eatery/Drinking Places,Public_transport,Walking
16743,34,Adult,0,Debt,4_person,family_single,2,F&B Eatery/Limited-Service Restaurants,Walking,Car
51222,56,Senior,90767,Very High,2_person,family_single,2,F&B Eatery/Snack and Nonalcoholic Beverage Bars,Car,Car
3134,44,Middle Age,33276,Moderate,5_person,family_single,3_plus,F&B Eatery/Limited-Service Restaurants,Car,Car
54312,54,Senior,206290,Ultra High,1_person,living_alone,1,F&B Eatery/Full-Service Restaurants,Car,Car
39758,23,Young Adult,56729,Moderate,4_person,nonfamily_single,3_plus,F&B Eatery/Snack and Nonalcoholic Beverage Bars,Car,Public_transport
52395,56,Senior,8561,Low,3_person,married_couple,2,F&B Eatery/Snack and Nonalcoholic Beverage Bars,Public_transport,Car
65779,31,Adult,73471,High,1_person,living_alone,0,F&B Eatery/Snack and Nonalcoholic Beverage Bars,Car,Walking
18626,22,Young Adult,32181,Moderate,5_person,family_single,1,F&B Eatery/Snack and Nonalcoholic Beverage Bars,Public_transport,Car
17858,25,Young Adult,54023,Moderate,4_person,nonfamily_single,3_plus,F&B Eatery/Limited-Service Restaurants,Walking,Public_transport
34591,86,Elderly,8889,Low,1_person,living_alone,0,F&B Eatery/Snack and Nonalcoholic Beverage Bars,Public_transport,Walking
42849,25,Young Adult,40405,Moderate,4_person,nonfamily_single,1,F&B Eatery/Full-Service Restaurants,Public_transport,Car
28011,34,Adult,259312,Ultra High,1_person,living_alone,1,F&B Eatery/Full-Service Restaurants,Public_transport,Car
36027,49,Middle Age,602707,Ultra High,2_person,married_couple,1,F&B Eatery/Full-Service Restaurants,Walking,Car
62493,26,Young Adult,95963,Very High,3_person,nonfamily_single,3_plus,F&B Eatery/Full-Service Restaurants,Walking,Car
61049,64,Elderly,15471,Low,1_person,living_alone,1,F&B Eatery/Special Food Services,Car,Car
10213,25,Young Adult,55557,Moderate,3_person,nonfamily_single,0,F&B Eatery/Snack and Nonalcoholic Beverage Bars,Public_transport,Walking
36788,81,Elderly,80205,High,1_person,living_alone,1,F&B Eatery/Snack and Nonalcoholic Beverage Bars,Car,Car
34888,19,Young Adult,0,Debt,3_person,nonfamily_single,0,F&B Eatery/Full-Service Restaurants,Public_transport,Walking
24950,28,Young Adult,0,Debt,3_person,nonfamily_single,1,F&B Eatery/Limited-Service Restaurants,Walking,Walking
36268,80,Elderly,30685,Moderate,2_person,nonfamily_single,2,F&B Eatery/Full-Service Restaurants,Car,Car
35426,28,Young Adult,59057,Moderate,4_person,nonfamily_single,2,F&B Eatery/Full-Service Restaurants,Walking,Public_transport
55715,77,Elderly,3506,Low,2_person,married_couple,0,F&B Eatery/Snack and Nonalcoholic Beverage Bars,Car,Public_transport
63121,17,Teen,2888,Low,4_person,married_couple,2,F&B Eatery/Limited-Service Restaurants,Public_transport,Walking
17514,29,Young Adult,89641,High,2_person,married_couple,1,F&B Eatery/Snack and Nonalcoholic Beverage Bars,Public_transport,Walking
13749,87,Elderly,86305,High,1_person,living_alone,1,F&B Eatery/Limited-Service Restaurants,Car,Car
10516,34,Adult,54839,Moderate,4_person,married_couple,3_plus,F&B Eatery/Full-Service Restaurants,Walking,Car
34587,40,Adult,12881,Low,3_person,family_single,1,F&B Eatery/Full-Service Restaurants,Car,Car
7461,26,Young Adult,21092,Low,3_person,nonfamily_single,1,F&B Eatery/Limited-Service Restaurants,Car,Walking
38392,68,Elderly,40405,Moderate,7_plus_person,family_single,1,F&B Eatery/Full-Service Restaurants,Car,Car
50583,44,Middle Age,134088,Ultra High,1_person,living_alone,1,F&B Eatery/Full-Service Restaurants,Public_transport,Car
7446,19,Young Adult,0,Debt,4_person,family_single,1,F&B Eatery/Full-Service Restaurants,Car,Walking
39832,50,Middle Age,10734,Low,5_person,family_single,1,F&B Eatery/Full-Service Restaurants,Walking,Car
53470,67,Elderly,23338,Low,1_person,living_alone,1,F&B Eatery/Full-Service Restaurants,Car,Car
9342,20,Young Adult,42937,Moderate,1_person,living_alone,1,F&B Eatery/Full-Service Restaurants,Car,Car
12336,32,Adult,94893,Very High,2_person,family_single,1,F&B Eatery/Full-Service Restaurants,Car,Car
37437,30,Young Adult,51572,Moderate,2_person,nonfamily_single,0,F&B Eatery/Snack and Nonalcoholic Beverage Bars,Public_transport,Walking
9428,25,Young Adult,40405,Moderate,2_person,nonfamily_single,2,F&B Eatery/Full-Service Restaurants,Public_transport,Car
38244,20,Young Adult,0,Debt,2_person,nonfamily_single,0,F&B Eatery/Limited-Service Restaurants,Walking,Walking
31705,25,Young Adult,1041,Low,7_plus_person,nonfamily_single,1,F&B Eatery/Drinking Places,Walking,Walking
1998,41,Middle Age,147481,Ultra High,3_person,married_couple,1,F&B Eatery/Full-Service Restaurants,Walking,Car
24364,19,Young Adult,0,Debt,2_person,nonfamily_single,0,F&B Eatery/Limited-Service Restaurants,Walking,Walking
48438,19,Young Adult,0,Debt,2_person,family_single,1,F&B Eatery/Full-Service Restaurants,Public_transport,Walking
34624,20,Young Adult,42937,Moderate,1_person,living_alone,1,F&B Eatery/Limited-Service Restaurants,Car,Car
2282,53,Senior,30056,Moderate,1_person,living_alone,1,F&B Eatery/Snack and Nonalcoholic Beverage Bars,Walking,Car
51618,23,Young Adult,48305,Moderate,4_person,nonfamily_single,1,F&B Eatery/Full-Service Restaurants,Public_transport,Car
28939,72,Elderly,39653,Moderate,1_person,living_alone,1,F&B Eatery/Full-Service Restaurants,Car,Car
28669,26,Young Adult,0,Debt,7_plus_person,family_single,1,F&B Eatery/Snack and Nonalcoholic Beverage Bars,Public_transport,Walking
53160,50,Middle Age,0,Debt,2_person,family_single,2,F&B Eatery/Full-Service Restaurants,Car,Car
13392,31,Adult,65659,High,2_person,nonfamily_single,0,F&B Eatery/Full-Service Restaurants,Walking,Walking
22785,33,Adult,139246,Ultra High,2_person,married_couple,2,F&B Eatery/Snack and Nonalcoholic Beverage Bars,Car,Car
6439,70,Elderly,168553,Ultra High,1_person,living_alone,1,F&B Eatery/Special Food Services,Walking,Car
27997,50,Middle Age,27113,Low,2_person,married_couple,1,F&B Eatery/Snack and Nonalcoholic Beverage Bars,Public_transport,Car
6031,30,Young Adult,31638,Moderate,2_person,family_single,1,F&B Eatery/Full-Service Restaurants,Car,Car
33154,21,Young Adult,0,Debt,3_person,nonfamily_single,0,F&B Eatery/Snack and Nonalcoholic Beverage Bars,Public_transport,Walking
30373,52,Senior,15242,Low,1_person,living_alone,1,F&B Eatery/Snack and Nonalcoholic Beverage Bars,Car,Car
34396,75,Elderly,332741,Ultra High,2_person,married_couple,1,F&B Eatery/Snack and Nonalcoholic Beverage Bars,Car,Car
11777,75,Elderly,0,Debt,2_person,married_couple,1,F&B Eatery/Full-Service Restaurants,Walking,Car
62068,63,Elderly,10727,Low,1_person,living_alone,1,F&B Eatery/Full-Service Restaurants,Car,Car
60058,29,Young Adult,110733,Very High,2_person,nonfamily_single,2,F&B Eatery/Drinking Places,Car,Car
59845,26,Young Adult,35423,Moderate,4_person,nonfamily_single,1,F&B Eatery/Full-Service Restaurants,Walking,Car
19539,21,Young Adult,4040,Low,4_person,nonfamily_single,1,F&B Eatery/Snack and Nonalcoholic Beverage Bars,Walking,Car
17154,59,Senior,81821,High,3_person,family_single,3_plus,F&B Eatery/Full-Service Restaurants,Car,Car
46619,74,Elderly,324256,Ultra High,2_person,married_couple,1,F&B Eatery/Full-Service Restaurants,Car,Car
40486,52,Senior,15242,Low,1_person,living_alone,1,F&B Eatery/Full-Service Restaurants,Public_transport,Car
40312,58,Senior,22691,Low,7_plus_person,married_couple,3_plus,F&B Eatery/Snack and Nonalcoholic Beverage Bars,Car,Car
64200,60,Senior,53152,Moderate,1_person,living_alone,1,F&B Eatery/Full-Service Restaurants,Walking,Car
11381,31,Adult,140677,Ultra High,1_person,living_alone,1,F&B Eatery/Snack and Nonalcoholic Beverage Bars,Public_transport,Car
4658,40,Adult,80811,High,4_person,married_couple,1,F&B Eatery/Full-Service Restaurants,Car,Car
12497,86,Elderly,7836,Low,2_person,married_couple,0,F&B Eatery/Full-Service Restaurants,Public_transport,Public_transport
9101,64,Elderly,0,Debt,2_person,married_couple,1,F&B Eatery/Limited-Service Restaurants,Car,Car
62729,45,Middle Age,11807,Low,2_person,family_single,1,F&B Eatery/Full-Service Restaurants,Walking,Car
59340,54,Senior,11345,Low,1_person,living_alone,0,F&B Eatery/Full-Service Restaurants,Walking,Public_transport
10058,36,Adult,5062,Low,3_person,family_single,0,F&B Eatery/Drinking Places,Public_transport,Public_transport
34610,23,Young Adult,0,Debt,2_person,nonfamily_single,1,F&B Eatery/Snack and Nonalcoholic Beverage Bars,Car,Walking
51649,22,Young Adult,32203,Moderate,3_person,nonfamily_single,1,F&B Eatery/Snack and Nonalcoholic Beverage Bars,Car,Car
49353,36,Adult,108302,Very High,2_person,nonfamily_single,1,F&B Eatery/Full-Service Restaurants,Car,Car
20584,62,Elderly,67275,High,2_person,married_couple,2,F&B Eatery/Drinking Places,Public_transport,Car
36636,42,Middle Age,52730,Moderate,4_person,family_single,3_plus,F&B Eatery/Full-Service Restaurants,Car,Car
37822,36,Adult,194047,Ultra High,1_person,living_alone,1,F&B Eatery/Snack and Nonalcoholic Beverage Bars,Car,Car
5889,28,Young Adult,52730,Moderate,2_person,nonfamily_single,1,F&B Eatery/Full-Service Restaurants,Walking,Car
61350,38,Adult,51572,Moderate,3_person,married_couple,1,F&B Eatery/Drinking Places,Public_transport,Car
14376,35,Adult,50541,Moderate,1_person,living_alone,0,F&B Eatery/Full-Service Restaurants,Walking,Walking
19086,51,Senior,0,Debt,4_person,married_couple,1,F&B Eatery/Full-Service Restaurants,Car,Car
24306,56,Senior,645688,Ultra High,2_person,married_couple,2,F&B Eatery/Full-Service Restaurants,Car,Car
44409,37,Adult,0,Debt,4_person,married_couple,0,F&B Eatery/Full-Service Restaurants,Public_transport,Public_transport
16715,59,Senior,25762,Low,2_person,married_couple,1,F&B Eatery/Full-Service Restaurants,Car,Car
36576,60,Senior,274439,Ultra High,1_person,living_alone,1,F&B Eatery/Full-Service Restaurants,Public_transport,Car
29808,23,Young Adult,67627,High,3_person,nonfamily_single,1,F&B Eatery/Snack and Nonalcoholic Beverage Bars,Public_transport,Walking
65673,66,Elderly,9292,Low,2_person,family_single,1,F&B Eatery/Snack and Nonalcoholic Beverage Bars,Car,Car
33703,18,Teen,527,Low,4_person,married_couple,2,F&B Eatery/Full-Service Restaurants,Public_transport,Walking
10651,18,Teen,0,Debt,5_person,family_single,0,F&B Eatery/Full-Service Restaurants,Public_transport,Walking
34542,46,Middle Age,418769,Ultra High,3_person,family_single,0,F&B Eatery/Snack and Nonalcoholic Beverage Bars,Walking,Walking
32402,29,Young Adult,108047,Very High,2_person,nonfamily_single,1,F&B Eatery/Limited-Service Restaurants,Walking,Car
63972,77,Elderly,3691,Low,4_person,family_single,1,F&B Eatery/Full-Service Restaurants,Car,Car
16977,62,Elderly,103145,Very High,2_person,married_couple,2,F&B Eatery/Full-Service Restaurants,Car,Car
24995,84,Elderly,29739,Low,1_person,living_alone,1,F&B Eatery/Full-Service Restaurants,Car,Car
60030,65,Elderly,14046,Low,1_person,living_alone,1,F&B Eatery/Snack and Nonalcoholic Beverage Bars,Car,Car
3744,60,Senior,8555,Low,2_person,married_couple,0,F&B Eatery/Drinking Places,Walking,Public_transport
17373,58,Senior,36100,Moderate,2_person,married_couple,1,F&B Eatery/Full-Service Restaurants,Car,Car
38211,38,Adult,0,Debt,7_plus_person,nonfamily_single,3_plus,F&B Eatery/Full-Service Restaurants,Public_transport,Public_transport
4033,28,Young Adult,17175,Low,3_person,married_couple,0,F&B Eatery/Snack and Nonalcoholic Beverage Bars,Walking,Public_transport
46737,28,Young Adult,68075,High,2_person,married_couple,1,F&B Eatery/Full-Service Restaurants,Public_transport,Walking
23377,32,Adult,104768,Very High,2_person,married_couple,1,F&B Eatery/Limited-Service Restaurants,Walking,Car
1875,41,Middle Age,181741,Ultra High,1_person,living_alone,0,F&B Eatery/Limited-Service Restaurants,Car,Walking
22190,46,Middle Age,61928,High,5_person,married_couple,2,F&B Eatery/Snack and Nonalcoholic Beverage Bars,Car,Car
3760,50,Middle Age,75141,High,4_person,married_couple,1,F&B Eatery/Full-Service Restaurants,Car,Car
726,38,Adult,75632,High,3_person,married_couple,1,F&B Eatery/Snack and Nonalcoholic Beverage Bars,Car,Car
55726,68,Elderly,46402,Moderate,3_person,family_single,1,F&B Eatery/Drinking Places,Car,Car
35820,35,Adult,49882,Moderate,5_person,family_single,1,F&B Eatery/Full-Service Restaurants,Public_transport,Car
52893,21,Young Adult,0,Debt,2_person,nonfamily_single,0,F&B Eatery/Limited-Service Restaurants,Walking,Walking
13654,66,Elderly,47540,Moderate,3_person,married_couple,1,F&B Eatery/Full-Service Restaurants,Car,Car
57517,44,Middle Age,175346,Ultra High,3_person,married_couple,1,F&B Eatery/Limited-Service Restaurants,Public_transport,Car
13146,29,Young Adult,74757,High,3_person,married_couple,1,F&B Eatery/Limited-Service Restaurants,Car,Walking
66216,43,Middle Age,206290,Ultra High,2_person,married_couple,2,F&B Eatery/Snack and Nonalcoholic Beverage Bars,Public_transport,Car
37383,52,Senior,10546,Low,5_person,family_single,1,F&B Eatery/Full-Service Restaurants,Public_transport,Car
15812,27,Young Adult,35655,Moderate,1_person,living_alone,1,F&B Eatery/Snack and Nonalcoholic Beverage Bars,Car,Car
3321,45,Middle Age,40405,Moderate,2_person,nonfamily_single,0,F&B Eatery/Full-Service Restaurants,Public_transport,Walking
65735,45,Middle Age,61887,High,2_person,married_couple,0,F&B Eatery/Full-Service Restaurants,Walking,Public_transport
55398,67,Elderly,26514,Low,6_person,married_couple,2,F&B Eatery/Full-Service Restaurants,Car,Car
64089,25,Young Adult,65659,High,3_person,nonfamily_single,0,F&B Eatery/Limited-Service Restaurants,Public_transport,Walking
60716,82,Elderly,10229,Low,1_person,living_alone,0,F&B Eatery/Drinking Places,Public_transport,Walking
22432,79,Elderly,195975,Ultra High,2_person,married_couple,2,F&B Eatery/Limited-Service Restaurants,Car,Car
3311,68,Elderly,16451,Low,3_person,family_single,2,F&B Eatery/Snack and Nonalcoholic Beverage Bars,Car,Car
65013,52,Senior,19510,Low,4_person,family_single,1,F&B Eatery/Full-Service Restaurants,Car,Car
44299,21,Young Adult,10314,Low,2_person,family_single,1,F&B Eatery/Snack and Nonalcoholic Beverage Bars,Public_transport,Walking
65201,55,Senior,5367,Low,3_person,nonfamily_single,1,F&B Eatery/Full-Service Restaurants,Car,Car
66819,73,Elderly,28956,Low,2_person,family_single,3_plus,F&B Eatery/Limited-Service Restaurants,Public_transport,Car
60348,33,Adult,42937,Moderate,3_person,married_couple,1,F&B Eatery/Limited-Service Restaurants,Public_transport,Car
12743,21,Young Adult,4747,Low,3_person,married_couple,1,F&B Eatery/Full-Service Restaurants,Walking,Public_transport
45639,80,Elderly,8251,Low,2_person,married_couple,1,F&B Eatery/Full-Service Restaurants,Walking,Car
44363,68,Elderly,24135,Low,2_person,family_single,2,F&B Eatery/Snack and Nonalcoholic Beverage Bars,Car,Car
8210,28,Young Adult,1080,Low,3_person,nonfamily_single,0,F&B Eatery/Full-Service Restaurants,Public_transport,Walking
61035,30,Young Adult,0,Debt,4_person,family_single,0,F&B Eatery/Limited-Service Restaurants,Car,Walking
44199,52,Senior,21609,Low,2_person,married_couple,2,F&B Eatery/Drinking Places,Car,Car
61440,24,Young Adult,59598,Moderate,2_person,nonfamily_single,1,F&B Eatery/Limited-Service Restaurants,Public_transport,Car
52780,26,Young Adult,26471,Low,1_person,living_alone,1,F&B Eatery/Limited-Service Restaurants,Public_transport,Walking
52781,64,Elderly,64120,High,2_person,married_couple,2,F&B Eatery/Full-Service Restaurants,Car,Car
59518,27,Young Adult,0,Debt,2_person,nonfamily_single,0,F&B Eatery/Snack and Nonalcoholic Beverage Bars,Public_transport,Walking
17740,25,Young Adult,105886,Very High,3_person,nonfamily_single,2,F&B Eatery/Full-Service Restaurants,Walking,Car
21386,68,Elderly,52730,Moderate,2_person,married_couple,1,F&B Eatery/Full-Service Restaurants,Car,Car
16018,69,Elderly,101014,Very High,2_person,married_couple,1,F&B Eatery/Drinking Places,Car,Car
34285,60,Senior,6188,Low,5_person,married_couple,1,F&B Eatery/Full-Service Restaurants,Walking,Car
15114,80,Elderly,60506,High,4_person,family_single,1,F&B Eatery/Limited-Service Restaurants,Walking,Car
22207,24,Young Adult,51572,Moderate,3_person,nonfamily_single,2,F&B Eatery/Snack and Nonalcoholic Beverage Bars,Public_transport,Car
4492,89,Elderly,29912,Low,1_person,living_alone,0,F&B Eatery/Full-Service Restaurants,Car,Walking
22054,57,Senior,23615,Low,1_person,living_alone,1,F&B Eatery/Limited-Service Restaurants,Public_transport,Car
3112,27,Young Adult,39977,Moderate,2_person,nonfamily_single,1,F&B Eatery/Snack and Nonalcoholic Beverage Bars,Walking,Car
49334,34,Adult,45084,Moderate,7_plus_person,married_couple,2,F&B Eatery/Limited-Service Restaurants,Public_transport,Walking
49062,33,Adult,633360,Ultra High,4_person,married_couple,1,F&B Eatery/Limited-Service Restaurants,Public_transport,Public_transport
44602,65,Elderly,9179,Low,1_person,living_alone,0,F&B Eatery/Snack and Nonalcoholic Beverage Bars,Walking,Walking
35634,58,Senior,0,Debt,2_person,married_couple,1,F&B Eatery/Limited-Service Restaurants,Car,Car
59156,42,Middle Age,171751,Ultra High,3_person,married_couple,0,F&B Eatery/Full-Service Restaurants,Walking,Walking
33623,19,Young Adult,0,Debt,2_person,nonfamily_single,0,F&B Eatery/Limited-Service Restaurants,Public_transport,Walking
65923,32,Adult,50093,Moderate,3_person,nonfamily_single,3_plus,F&B Eatery/Snack and Nonalcoholic Beverage Bars,Public_transport,Car
4912,32,Adult,34850,Moderate,3_person,married_couple,2,F&B Eatery/Full-Service Restaurants,Walking,Car
46628,63,Elderly,197514,Ultra High,2_person,married_couple,0,F&B Eatery/Snack and Nonalcoholic Beverage Bars,Walking,Public_transport
5463,28,Young Adult,69774,High,4_person,nonfamily_single,2,F&B Eatery/Snack and Nonalcoholic Beverage Bars,Car,Car
50952,36,Adult,210921,Ultra High,1_person,living_alone,0,F&B Eatery/Limited-Service Restaurants,Public_transport,Walking
22760,20,Young Adult,0,Debt,3_person,nonfamily_single,0,F&B Eatery/Limited-Service Restaurants,Walking,Walking
27005,20,Young Adult,5367,Low,2_person,nonfamily_single,0,F&B Eatery/Limited-Service Restaurants,Walking,Walking
5482,27,Young Adult,0,Debt,3_person,nonfamily_single,0,F&B Eatery/Full-Service Restaurants,Walking,Walking
31337,30,Young Adult,0,Debt,1_person,living_alone,1,F&B Eatery/Limited-Service Restaurants,Walking,Walking
12605,24,Young Adult,70230,High,2_person,nonfamily_single,1,F&B Eatery/Full-Service Restaurants,Walking,Walking
65840,65,Elderly,59469,Moderate,2_person,nonfamily_single,1,F&B Eatery/Full-Service Restaurants,Car,Car
51120,27,Young Adult,44352,Moderate,3_person,family_single,1,F&B Eatery/Limited-Service Restaurants,Public_transport,Car
3828,33,Adult,101014,Very High,4_person,married_couple,2,F&B Eatery/Snack and Nonalcoholic Beverage Bars,Public_transport,Car
16724,33,Adult,129716,Ultra High,2_person,family_single,1,F&B Eatery/Snack and Nonalcoholic Beverage Bars,Walking,Car
30502,33,Adult,6854,Low,3_person,married_couple,3_plus,F&B Eatery/Limited-Service Restaurants,Public_transport,Car
37465,22,Young Adult,40075,Moderate,5_person,family_single,1,F&B Eatery/Full-Service Restaurants,Car,Car
47968,31,Adult,11807,Low,2_person,married_couple,2,F&B Eatery/Full-Service Restaurants,Walking,Walking
37755,37,Adult,73822,High,4_person,married_couple,2,F&B Eatery/Full-Service Restaurants,Public_transport,Car
29075,71,Elderly,43660,Moderate,1_person,living_alone,1,F&B Eatery/Snack and Nonalcoholic Beverage Bars,Car,Car
37418,71,Elderly,18586,Low,3_person,married_couple,1,F&B Eatery/Full-Service Restaurants,Car,Car
17543,25,Young Adult,22691,Low,2_person,married_couple,1,F&B Eatery/Full-Service Restaurants,Car,Public_transport
58557,22,Young Adult,0,Debt,4_person,nonfamily_single,0,F&B Eatery/Snack and Nonalcoholic Beverage Bars,Walking,Walking
67316,26,Young Adult,46158,Moderate,5_person,married_couple,2,F&B Eatery/Limited-Service Restaurants,Walking,Car
17709,38,Adult,52730,Moderate,3_person,married_couple,1,F&B Eatery/Drinking Places,Public_transport,Car
43056,55,Senior,108302,Very High,2_person,family_single,1,F&B Eatery/Limited-Service Restaurants,Car,Car
54245,22,Young Adult,12655,Low,2_person,family_single,1,F&B Eatery/Full-Service Restaurants,Walking,Walking
21180,18,Teen,2020,Low,7_plus_person,family_single,3_plus,F&B Eatery/Snack and Nonalcoholic Beverage Bars,Public_transport,Car
6796,37,Adult,63639,High,3_person,married_couple,1,F&B Eatery/Full-Service Restaurants,Car,Car
5808,40,Adult,45379,Moderate,3_person,nonfamily_single,1,F&B Eatery/Snack and Nonalcoholic Beverage Bars,Car,Car
30519,39,Adult,30943,Moderate,4_person,married_couple,2,F&B Eatery/Full-Service Restaurants,Walking,Public_transport
63315,25,Young Adult,77358,High,2_person,nonfamily_single,2,F&B Eatery/Snack and Nonalcoholic Beverage Bars,Car,Walking
67233,48,Middle Age,8436,Low,3_person,family_single,1,F&B Eatery/Full-Service Restaurants,Car,Car
17839,44,Middle Age,112368,Very High,1_person,living_alone,0,F&B Eatery/Snack and Nonalcoholic Beverage Bars,Walking,Public_transport
5410,28,Young Adult,19988,Low,3_person,married_couple,1,F&B Eatery/Snack and Nonalcoholic Beverage Bars,Public_transport,Public_transport
8333,53,Senior,6266,Low,2_person,family_single,1,F&B Eatery/Full-Service Restaurants,Public_transport,Car
30119,79,Elderly,8265,Low,2_person,married_couple,1,F&B Eatery/Full-Service Restaurants,Car,Car
29538,31,Adult,151623,Ultra High,2_person,married_couple,1,F&B Eatery/Full-Service Restaurants,Car,Car
2800,29,Young Adult,57967,Moderate,2_person,nonfamily_single,1,F&B Eatery/Full-Service Restaurants,Walking,Car
42604,26,Young Adult,0,Debt,1_person,living_alone,0,F&B Eatery/Limited-Service Restaurants,Public_transport,Walking
10332,26,Young Adult,69107,High,2_person,nonfamily_single,1,F&B Eatery/Full-Service Restaurants,Car,Walking
45496,66,Elderly,44623,Moderate,3_person,married_couple,1,F&B Eatery/Full-Service Restaurants,Car,Car
24000,38,Adult,41258,Moderate,3_person,married_couple,1,F&B Eatery/Full-Service Restaurants,Walking,Car
29033,26,Young Adult,0,Debt,4_person,family_single,0,F&B Eatery/Full-Service Restaurants,Public_transport,Walking
19835,70,Elderly,8081,Low,3_person,married_couple,1,F&B Eatery/Full-Service Restaurants,Car,Car
46546,29,Young Adult,72201,High,2_person,nonfamily_single,2,F&B Eatery/Full-Service Restaurants,Walking,Walking
40583,35,Adult,8643,Low,6_person,married_couple,0,F&B Eatery/Full-Service Restaurants,Public_transport,Public_transport
4378,18,Teen,0,Debt,3_person,married_couple,1,F&B Eatery/Limited-Service Restaurants,Walking,Car
41689,59,Senior,12881,Low,4_person,family_single,2,F&B Eatery/Snack and Nonalcoholic Beverage Bars,Car,Car
28933,48,Middle Age,101082,Very High,6_person,married_couple,2,F&B Eatery/Full-Service Restaurants,Public_transport,Car
21259,84,Elderly,300370,Ultra High,2_person,married_couple,1,F&B Eatery/Full-Service Restaurants,Car,Car
6716,21,Young Adult,4321,Low,2_person,nonfamily_single,0,F&B Eatery/Full-Service Restaurants,Public_transport,Walking
26512,39,Adult,15028,Low,2_person,nonfamily_single,0,F&B Eatery/Drinking Places,Public_transport,Walking
28369,33,Adult,162070,Ultra High,4_person,married_couple,1,F&B Eatery/Drinking Places,Car,Public_transport
52888,60,Senior,122967,Ultra High,2_person,family_single,1,F&B Eatery/Full-Service Restaurants,Walking,Car
2261,48,Middle Age,86437,High,2_person,married_couple,2,F&B Eatery/Snack and Nonalcoholic Beverage Bars,Car,Car
40197,62,Elderly,10546,Low,4_person,married_couple,1,F&B Eatery/Full-Service Restaurants,Car,Car
20389,23,Young Adult,0,Debt,2_person,nonfamily_single,0,F&B Eatery/Full-Service Restaurants,Walking,Walking
42070,37,Adult,42615,Moderate,6_person,family_single,1,F&B Eatery/Full-Service Restaurants,Public_transport,Car
32327,22,Young Adult,0,Debt,2_person,nonfamily_single,0,F&B Eatery/Full-Service Restaurants,Walking,Walking
42752,19,Young Adult,0,Debt,4_person,nonfamily_single,0,F&B Eatery/Full-Service Restaurants,Walking,Walking
62824,53,Senior,72556,High,3_person,married_couple,1,F&B Eatery/Snack and Nonalcoholic Beverage Bars,Walking,Car
11190,28,Young Adult,121012,Ultra High,2_person,family_single,2,F&B Eatery/Full-Service Restaurants,Public_transport,Public_transport
51546,35,Adult,21092,Low,2_person,family_single,1,F&B Eatery/Drinking Places,Public_transport,Car
17569,64,Elderly,10651,Low,2_person,married_couple,0,F&B Eatery/Full-Service Restaurants,Walking,Public_transport
34775,30,Young Adult,34344,Moderate,7_plus_person,nonfamily_single,3_plus,F&B Eatery/Snack and Nonalcoholic Beverage Bars,Walking,Car
193,61,Elderly,77793,High,3_person,family_single,1,F&B Eatery/Full-Service Restaurants,Car,Car
46571,31,Adult,41258,Moderate,2_person,nonfamily_single,0,F&B Eatery/Snack and Nonalcoholic Beverage Bars,Walking,Walking
67067,28,Young Adult,15819,Low,4_person,nonfamily_single,1,F&B Eatery/Full-Service Restaurants,Walking,Car
8770,62,Elderly,6363,Low,1_person,living_alone,0,F&B Eatery/Full-Service Restaurants,Walking,Walking
49068,23,Young Adult,36870,Moderate,3_person,nonfamily_single,2,F&B Eatery/Limited-Service Restaurants,Public_transport,Car
30795,71,Elderly,6188,Low,5_person,family_single,0,F&B Eatery/Limited-Service Restaurants,Public_transport,Public_transport
21909,47,Middle Age,61938,High,1_person,living_alone,1,F&B Eatery/Snack and Nonalcoholic Beverage Bars,Walking,Car
33539,47,Middle Age,0,Debt,2_person,married_couple,1,F&B Eatery/Full-Service Restaurants,Car,Car
31259,52,Senior,106065,Very High,2_person,married_couple,1,F&B Eatery/Full-Service Restaurants,Car,Car
43355,74,Elderly,48478,Moderate,2_person,married_couple,1,F&B Eatery/Full-Service Restaurants,Public_transport,Car
17862,22,Young Adult,51572,Moderate,2_person,nonfamily_single,0,F&B Eatery/Drinking Places,Public_transport,Walking
18230,27,Young Adult,0,Debt,3_person,nonfamily_single,0,F&B Eatery/Full-Service Restaurants,Public_transport,Walking
28803,94,Elderly,123605,Ultra High,4_person,family_single,3_plus,F&B Eatery/Drinking Places,Car,Car
12466,80,Elderly,8889,Low,7_plus_person,nonfamily_single,0,F&B Eatery/Full-Service Restaurants,Walking,Public_transport
52892,36,Adult,633360,Ultra High,3_person,married_couple,1,F&B Eatery/Snack and Nonalcoholic Beverage Bars,Walking,Car
61944,31,Adult,131298,Ultra High,1_person,living_alone,1,F&B Eatery/Full-Service Restaurants,Car,Car
30483,62,Elderly,168736,Ultra High,1_person,living_alone,0,F&B Eatery/Full-Service Restaurants,Car,Public_transport
65457,50,Middle Age,596906,Ultra High,1_person,living_alone,1,F&B Eatery/Limited-Service Restaurants,Car,Car
24370,57,Senior,8889,Low,7_plus_person,nonfamily_single,0,F&B Eatery/Snack and Nonalcoholic Beverage Bars,Public_transport,Public_transport
14868,42,Middle Age,302531,Ultra High,3_person,married_couple,2,F&B Eatery/Full-Service Restaurants,Public_transport,Car
14567,28,Young Adult,5186,Low,3_person,family_single,0,F&B Eatery/Snack and Nonalcoholic Beverage Bars,Walking,Walking
16789,19,Young Adult,121,Low,3_person,married_couple,1,F&B Eatery/Limited-Service Restaurants,Public_transport,Public_transport
23132,64,Elderly,73853,High,1_person,living_alone,1,F&B Eatery/Full-Service Restaurants,Car,Car
62259,87,Elderly,19448,Low,2_person,family_single,2,F&B Eatery/Limited-Service Restaurants,Car,Car
26649,24,Young Adult,43238,Moderate,7_plus_person,married_couple,1,F&B Eatery/Full-Service Restaurants,Walking,Car
67096,29,Young Adult,55557,Moderate,1_person,living_alone,0,F&B Eatery/Full-Service Restaurants,Walking,Walking
42856,41,Middle Age,72995,High,1_person,living_alone,1,F&B Eatery/Limited-Service Restaurants,Car,Car
49678,42,Middle Age,48981,Moderate,2_person,nonfamily_single,1,F&B Eatery/Limited-Service Restaurants,Walking,Walking
64046,38,Adult,179283,Ultra High,4_person,married_couple,1,F&B Eatery/Full-Service Restaurants,Public_transport,Public_transport
6317,37,Adult,35355,Moderate,3_person,family_single,2,F&B Eatery/Full-Service Restaurants,Public_transport,Car
44619,23,Young Adult,56184,Moderate,2_person,nonfamily_single,1,F&B Eatery/Full-Service Restaurants,Walking,Car
6581,25,Young Adult,36911,Moderate,7_plus_person,family_single,0,F&B Eatery/Limited-Service Restaurants,Public_transport,Walking
26955,63,Elderly,1414,Low,1_person,living_alone,0,F&B Eatery/Full-Service Restaurants,Car,Walking
34215,33,Adult,47457,Moderate,3_person,married_couple,1,F&B Eatery/Snack and Nonalcoholic Beverage Bars,Car,Car
32174,76,Elderly,199215,Ultra High,2_person,married_couple,3_plus,F&B Eatery/Snack and Nonalcoholic Beverage Bars,Car,Car
33110,60,Senior,1515,Low,7_plus_person,nonfamily_single,0,F&B Eatery/Snack and Nonalcoholic Beverage Bars,Car,Public_transport
23852,58,Senior,23637,Low,4_person,family_single,1,F&B Eatery/Snack and Nonalcoholic Beverage Bars,Walking,Car
46087,35,Adult,121195,Ultra High,2_person,nonfamily_single,1,F&B Eatery/Full-Service Restaurants,Car,Car
44096,63,Elderly,61887,High,3_person,married_couple,1,F&B Eatery/Drinking Places,Car,Car
59871,43,Middle Age,55894,Moderate,3_person,married_couple,1,F&B Eatery/Full-Service Restaurants,Public_transport,Car
49879,64,Elderly,68069,High,2_person,family_single,2,F&B Eatery/Full-Service Restaurants,Car,Car
20961,68,Elderly,8251,Low,2_person,married_couple,0,F&B Eatery/Full-Service Restaurants,Public_transport,Public_transport
9168,58,Senior,0,Debt,2_person,married_couple,1,F&B Eatery/Drinking Places,Walking,Car
25634,40,Adult,63276,High,2_person,nonfamily_single,1,F&B Eatery/Full-Service Restaurants,Car,Car
46403,56,Senior,0,Debt,2_person,married_couple,3_plus,F&B Eatery/Special Food Services,Car,Car
30600,29,Young Adult,101977,Very High,2_person,married_couple,1,F&B Eatery/Full-Service Restaurants,Walking,Walking
19900,35,Adult,94914,Very High,2_person,nonfamily_single,1,F&B Eatery/Limited-Service Restaurants,Walking,Car
7368,25,Young Adult,85862,High,2_person,nonfamily_single,1,F&B Eatery/Snack and Nonalcoholic Beverage Bars,Car,Walking
2044,68,Elderly,10480,Low,2_person,married_couple,2,F&B Eatery/Full-Service Restaurants,Public_transport,Car
7156,27,Young Adult,89641,High,2_person,married_couple,1,F&B Eatery/Full-Service Restaurants,Public_transport,Walking
16288,47,Middle Age,28231,Low,2_person,married_couple,2,F&B Eatery/Drinking Places,Walking,Car
7851,25,Young Adult,33435,Moderate,4_person,nonfamily_single,1,F&B Eatery/Full-Service Restaurants,Car,Car
42946,44,Middle Age,85610,High,4_person,married_couple,2,F&B Eatery/Full-Service Restaurants,Public_transport,Car
44900,56,Senior,12881,Low,1_person,living_alone,1,F&B Eatery/Full-Service Restaurants,Public_transport,Car
58643,27,Young Adult,0,Debt,4_person,nonfamily_single,1,F&B Eatery/Full-Service Restaurants,Car,Walking
13615,36,Adult,84852,High,1_person,living_alone,2,F&B Eatery/Snack and Nonalcoholic Beverage Bars,Public_transport,Car
50500,72,Elderly,22146,Low,3_person,family_single,1,F&B Eatery/Limited-Service Restaurants,Public_transport,Car
49812,43,Middle Age,18485,Low,7_plus_person,married_couple,1,F&B Eatery/Drinking Places,Public_transport,Car
30462,74,Elderly,6440,Low,2_person,married_couple,2,F&B Eatery/Full-Service Restaurants,Car,Car
1492,65,Elderly,261921,Ultra High,1_person,living_alone,2,F&B Eatery/Snack and Nonalcoholic Beverage Bars,Walking,Car
58929,51,Senior,3889,Low,6_person,married_couple,1,F&B Eatery/Drinking Places,Car,Public_transport
65834,27,Young Adult,48621,Moderate,3_person,married_couple,2,F&B Eatery/Full-Service Restaurants,Car,Car
778,34,Adult,27909,Low,4_person,married_couple,1,F&B Eatery/Limited-Service Restaurants,Car,Public_transport
54306,25,Young Adult,69700,High,4_person,nonfamily_single,0,F&B Eatery/Drinking Places,Walking,Walking
59659,24,Young Adult,56184,Moderate,3_person,nonfamily_single,1,F&B Eatery/Limited-Service Restaurants,Walking,Car
9885,45,Middle Age,197211,Ultra High,2_person,family_single,1,F&B Eatery/Full-Service Restaurants,Public_transport,Car
51631,61,Elderly,0,Debt,2_person,married_couple,1,F&B Eatery/Limited-Service Restaurants,Car,Car
31600,31,Adult,45379,Moderate,2_person,married_couple,1,F&B Eatery/Full-Service Restaurants,Public_transport,Car
9277,31,Adult,154,Low,2_person,family_single,0,F&B Eatery/Full-Service Restaurants,Public_transport,Public_transport
35292,25,Young Adult,64981,High,3_person,nonfamily_single,2,F&B Eatery/Snack and Nonalcoholic Beverage Bars,Car,Walking
23567,60,Senior,0,Debt,3_person,married_couple,3_plus,F&B Eatery/Limited-Service Restaurants,Car,Car
21174,57,Senior,12881,Low,1_person,living_alone,0,F&B Eatery/Snack and Nonalcoholic Beverage Bars,Walking,Public_transport
5374,74,Elderly,12542,Low,1_person,living_alone,0,F&B Eatery/Full-Service Restaurants,Walking,Walking
52350,58,Senior,9596,Low,2_person,family_single,0,F&B Eatery/Limited-Service Restaurants,Walking,Public_transport
63095,32,Adult,186876,Ultra High,2_person,nonfamily_single,1,F&B Eatery/Full-Service Restaurants,Public_transport,Car
61352,26,Young Adult,32414,Moderate,1_person,living_alone,0,F&B Eatery/Full-Service Restaurants,Public_transport,Walking
54869,39,Adult,74264,High,5_person,married_couple,2,F&B Eatery/Full-Service Restaurants,Car,Car
24173,63,Elderly,1354604,Ultra High,1_person,living_alone,1,F&B Eatery/Full-Service Restaurants,Walking,Car
40572,35,Adult,0,Debt,2_person,married_couple,1,F&B Eatery/Full-Service Restaurants,Car,Car
16232,27,Young Adult,90913,Very High,2_person,nonfamily_single,0,F&B Eatery/Limited-Service Restaurants,Walking,Walking
14849,25,Young Adult,81035,High,2_person,nonfamily_single,1,F&B Eatery/Full-Service Restaurants,Car,Walking
63239,31,Adult,8747,Low,1_person,living_alone,0,F&B Eatery/Full-Service Restaurants,Walking,Walking
50139,20,Young Adult,1476,Low,3_person,nonfamily_single,0,F&B Eatery/Drinking Places,Walking,Walking
8259,25,Young Adult,639,Low,5_person,family_single,1,F&B Eatery/Full-Service Restaurants,Walking,Car
32762,24,Young Adult,0,Debt,3_person,nonfamily_single,0,F&B Eatery/Snack and Nonalcoholic Beverage Bars,Walking,Walking
5827,77,Elderly,22124,Low,2_person,family_single,2,F&B Eatery/Full-Service Restaurants,Car,Car
32808,24,Young Adult,75632,High,1_person,living_alone,0,F&B Eatery/Snack and Nonalcoholic Beverage Bars,Public_transport,Walking
59613,29,Young Adult,63276,High,2_person,nonfamily_single,2,F&B Eatery/Full-Service Restaurants,Car,Walking
26957,27,Young Adult,42184,Moderate,3_person,family_single,1,F&B Eatery/Snack and Nonalcoholic Beverage Bars,Car,Car
32698,32,Adult,30304,Moderate,4_person,nonfamily_single,1,F&B Eatery/Limited-Service Restaurants,Public_transport,Public_transport
11240,61,Elderly,0,Debt,2_person,married_couple,1,F&B Eatery/Full-Service Restaurants,Walking,Car
50914,63,Elderly,0,Debt,3_person,married_couple,3_plus,F&B Eatery/Full-Service Restaurants,Car,Car
29492,29,Young Adult,7426,Low,2_person,nonfamily_single,0,F&B Eatery/Limited-Service Restaurants,Walking,Walking
62666,69,Elderly,38493,Moderate,2_person,married_couple,1,F&B Eatery/Full-Service Restaurants,Car,Car
46733,52,Senior,101014,Very High,4_person,married_couple,2,F&B Eatery/Snack and Nonalcoholic Beverage Bars,Walking,Car
47192,64,Elderly,90913,Very High,1_person,living_alone,1,F&B Eatery/Snack and Nonalcoholic Beverage Bars,Walking,Car
64307,20,Young Adult,3241,Low,7_plus_person,married_couple,2,F&B Eatery/Full-Service Restaurants,Public_transport,Car
11639,84,Elderly,12020,Low,1_person,living_alone,1,F&B Eatery/Full-Service Restaurants,Car,Car
6816,33,Adult,79435,High,3_person,married_couple,1,F&B Eatery/Drinking Places,Walking,Car
59711,41,Middle Age,8251,Low,3_person,family_single,1,F&B Eatery/Snack and Nonalcoholic Beverage Bars,Public_transport,Car
64808,30,Young Adult,68549,High,3_person,married_couple,1,F&B Eatery/Limited-Service Restaurants,Car,Walking
49437,18,Teen,0,Debt,2_person,family_single,0,F&B Eatery/Full-Service Restaurants,Public_transport,Walking
43472,27,Young Adult,37570,Moderate,5_person,nonfamily_single,0,F&B Eatery/Full-Service Restaurants,Walking,Public_transport
31655,33,Adult,15288,Low,2_person,married_couple,1,F&B Eatery/Snack and Nonalcoholic Beverage Bars,Public_transport,Walking
51875,57,Senior,88599,High,3_person,family_single,2,F&B Eatery/Full-Service Restaurants,Walking,Car
14140,32,Adult,136369,Ultra High,2_person,married_couple,1,F&B Eatery/Drinking Places,Walking,Car
34228,56,Senior,24754,Low,4_person,married_couple,3_plus,F&B Eatery/Drinking Places,Car,Car
50085,58,Senior,7299,Low,1_person,living_alone,1,F&B Eatery/Full-Service Restaurants,Car,Car
58487,38,Adult,59039,Moderate,1_person,living_alone,1,F&B Eatery/Snack and Nonalcoholic Beverage Bars,Walking,Car
4493,33,Adult,38163,Moderate,2_person,family_single,1,F&B Eatery/Full-Service Restaurants,Car,Car
56307,55,Senior,0,Debt,3_person,family_single,1,F&B Eatery/Limited-Service Restaurants,Car,Car
64798,30,Young Adult,32627,Moderate,3_person,family_single,2,F&B Eatery/Full-Service Restaurants,Walking,Car
13074,38,Adult,597434,Ultra High,5_person,married_couple,2,F&B Eatery/Limited-Service Restaurants,Car,Walking
50683,29,Young Adult,172875,Ultra High,2_person,nonfamily_single,1,F&B Eatery/Full-Service Restaurants,Car,Walking
29304,30,Young Adult,4950,Low,1_person,living_alone,0,F&B Eatery/Limited-Service Restaurants,Public_transport,Walking
13686,58,Senior,0,Debt,1_person,living_alone,0,F&B Eatery/Full-Service Restaurants,Car,Walking
13947,23,Young Adult,0,Debt,5_person,family_single,2,F&B Eatery/Snack and Nonalcoholic Beverage Bars,Public_transport,Car
11002,27,Young Adult,193220,Ultra High,2_person,nonfamily_single,0,F&B Eatery/Full-Service Restaurants,Walking,Walking
48200,31,Adult,134088,Ultra High,2_person,married_couple,1,F&B Eatery/Drinking Places,Walking,Car
7230,34,Adult,38644,Moderate,2_person,married_couple,1,F&B Eatery/Drinking Places,Walking,Car
28365,27,Young Adult,0,Debt,7_plus_person,married_couple,3_plus,F&B Eatery/Full-Service Restaurants,Public_transport,Car
48454,29,Young Adult,55557,Moderate,2_person,nonfamily_single,1,F&B Eatery/Full-Service Restaurants,Public_transport,Car
10412,29,Young Adult,36911,Moderate,2_person,nonfamily_single,1,F&B Eatery/Full-Service Restaurants,Public_transport,Car
5075,56,Senior,19899,Low,1_person,living_alone,1,F&B Eatery/Limited-Service Restaurants,Car,Car
59675,39,Adult,205289,Ultra High,1_person,living_alone,2,F&B Eatery/Full-Service Restaurants,Car,Car
24264,47,Middle Age,199070,Ultra High,3_person,married_couple,2,F&B Eatery/Snack and Nonalcoholic Beverage Bars,Walking,Car
21778,31,Adult,31638,Moderate,1_person,living_alone,0,F&B Eatery/Snack and Nonalcoholic Beverage Bars,Public_transport,Walking
42409,54,Senior,19448,Low,7_plus_person,married_couple,2,F&B Eatery/Snack and Nonalcoholic Beverage Bars,Car,Car
19330,29,Young Adult,48305,Moderate,3_person,nonfamily_single,3_plus,F&B Eatery/Full-Service Restaurants,Car,Car
15282,46,Middle Age,418769,Ultra High,3_person,family_single,0,F&B Eatery/Snack and Nonalcoholic Beverage Bars,Walking,Walking
56941,49,Middle Age,102024,Very High,2_person,married_couple,1,F&B Eatery/Full-Service Restaurants,Public_transport,Car
66775,27,Young Adult,107344,Very High,2_person,married_couple,2,F&B Eatery/Full-Service Restaurants,Walking,Walking
4088,25,Young Adult,0,Debt,3_person,nonfamily_single,0,F&B Eatery/Full-Service Restaurants,Public_transport,Walking
18351,51,Senior,0,Debt,5_person,family_single,1,F&B Eatery/Snack and Nonalcoholic Beverage Bars,Car,Car
53909,31,Adult,15819,Low,3_person,married_couple,1,F&B Eatery/Limited-Service Restaurants,Car,Walking
34518,25,Young Adult,71311,High,1_person,living_alone,0,F&B Eatery/Snack and Nonalcoholic Beverage Bars,Walking,Walking
47717,66,Elderly,14262,Low,3_person,married_couple,1,F&B Eatery/Full-Service Restaurants,Walking,Car
4249,30,Young Adult,59039,Moderate,2_person,nonfamily_single,0,F&B Eatery/Full-Service Restaurants,Walking,Walking
61709,30,Young Adult,26836,Low,3_person,family_single,1,F&B Eatery/Special Food Services,Walking,Walking
23383,40,Adult,0,Debt,4_person,married_couple,0,F&B Eatery/Snack and Nonalcoholic Beverage Bars,Public_transport,Public_transport
49575,23,Young Adult,9021,Low,4_person,nonfamily_single,1,F&B Eatery/Full-Service Restaurants,Walking,Car
8472,27,Young Adult,102644,Very High,2_person,married_couple,1,F&B Eatery/Full-Service Restaurants,Car,Walking
42864,19,Young Adult,0,Debt,2_person,nonfamily_single,0,F&B Eatery/Limited-Service Restaurants,Walking,Walking
8787,33,Adult,126,Low,5_person,married_couple,1,F&B Eatery/Full-Service Restaurants,Walking,Car
22010,31,Adult,16101,Low,4_person,family_single,0,F&B Eatery/Full-Service Restaurants,Walking,Walking
12109,23,Young Adult,30943,Moderate,4_person,nonfamily_single,3_plus,F&B Eatery/Snack and Nonalcoholic Beverage Bars,Walking,Public_transport
6142,23,Young Adult,0,Debt,2_person,nonfamily_single,0,F&B Eatery/Full-Service Restaurants,Walking,Walking
38429,22,Young Adult,536,Low,5_person,nonfamily_single,2,F&B Eatery/Full-Service Restaurants,Walking,Car
46738,25,Young Adult,71720,High,2_person,nonfamily_single,1,F&B Eatery/Snack and Nonalcoholic Beverage Bars,Car,Walking
60962,34,Adult,7220,Low,3_person,married_couple,1,F&B Eatery/Full-Service Restaurants,Public_transport,Walking
15037,43,Middle Age,48305,Moderate,7_plus_person,married_couple,1,F&B Eatery/Full-Service Restaurants,Walking,Public_transport
9031,53,Senior,0,Debt,4_person,married_couple,2,F&B Eatery/Full-Service Restaurants,Public_transport,Walking
20980,19,Young Adult,5402,Low,3_person,married_couple,3_plus,F&B Eatery/Full-Service Restaurants,Walking,Public_transport
2659,27,Young Adult,65385,High,2_person,nonfamily_single,2,F&B Eatery/Full-Service Restaurants,Car,Walking
141,57,Senior,64541,High,1_person,living_alone,1,F&B Eatery/Full-Service Restaurants,Public_transport,Car
2597,28,Young Adult,133196,Ultra High,2_person,married_couple,1,F&B Eatery/Full-Service Restaurants,Walking,Walking
6701,23,Young Adult,54023,Moderate,2_person,nonfamily_single,1,F&B Eatery/Limited-Service Restaurants,Public_transport,Car
15223,31,Adult,94914,Very High,5_person,married_couple,1,F&B Eatery/Full-Service Restaurants,Car,Walking
17761,65,Elderly,58588,Moderate,2_person,married_couple,2,F&B Eatery/Full-Service Restaurants,Car,Car
52826,23,Young Adult,35423,Moderate,4_person,nonfamily_single,0,F&B Eatery/Drinking Places,Public_transport,Walking
58810,65,Elderly,113557,Very High,3_person,married_couple,1,F&B Eatery/Snack and Nonalcoholic Beverage Bars,Walking,Car
2454,63,Elderly,42426,Moderate,7_plus_person,family_single,1,F&B Eatery/Full-Service Restaurants,Walking,Car
22746,31,Adult,68075,High,2_person,nonfamily_single,1,F&B Eatery/Full-Service Restaurants,Car,Car
7418,29,Young Adult,21609,Low,5_person,family_single,0,F&B Eatery/Snack and Nonalcoholic Beverage Bars,Public_transport,Walking
21125,25,Young Adult,51572,Moderate,2_person,nonfamily_single,1,F&B Eatery/Limited-Service Restaurants,Walking,Car
61152,94,Elderly,64406,High,2_person,nonfamily_single,1,F&B Eatery/Limited-Service Restaurants,Car,Car
50290,64,Elderly,72730,High,1_person,living_alone,1,F&B Eatery/Full-Service Restaurants,Car,Car
10449,58,Senior,54023,Moderate,3_person,married_couple,2,F&B Eatery/Full-Service Restaurants,Walking,Car
56526,26,Young Adult,38896,Moderate,3_person,married_couple,1,F&B Eatery/Drinking Places,Walking,Car
29516,20,Young Adult,0,Debt,3_person,nonfamily_single,0,F&B Eatery/Full-Service Restaurants,Walking,Walking
50939,27,Young Adult,47562,Moderate,3_person,nonfamily_single,3_plus,F&B Eatery/Full-Service Restaurants,Walking,Car
44898,26,Young Adult,10101,Low,2_person,nonfamily_single,1,F&B Eatery/Full-Service Restaurants,Car,Walking
65533,23,Young Adult,35960,Moderate,4_person,nonfamily_single,3_plus,F&B Eatery/Full-Service Restaurants,Walking,Public_transport
53798,68,Elderly,1898,Low,5_person,married_couple,2,F&B Eatery/Full-Service Restaurants,Public_transport,Car
23952,37,Adult,80811,High,7_plus_person,family_single,3_plus,F&B Eatery/Full-Service Restaurants,Public_transport,Walking
16843,31,Adult,41258,Moderate,2_person,nonfamily_single,0,F&B Eatery/Full-Service Restaurants,Public_transport,Walking
55267,51,Senior,38387,Moderate,3_person,married_couple,1,F&B Eatery/Full-Service Restaurants,Car,Car
48781,27,Young Adult,0,Debt,4_person,married_couple,1,F&B Eatery/Snack and Nonalcoholic Beverage Bars,Public_transport,Car
8179,22,Young Adult,30607,Moderate,7_plus_person,nonfamily_single,2,F&B Eatery/Limited-Service Restaurants,Car,Car
44333,22,Young Adult,40405,Moderate,5_person,nonfamily_single,0,F&B Eatery/Limited-Service Restaurants,Walking,Public_transport
50100,20,Young Adult,0,Debt,4_person,nonfamily_single,1,F&B Eatery/Snack and Nonalcoholic Beverage Bars,Car,Walking
28276,43,Middle Age,12655,Low,4_person,married_couple,1,F&B Eatery/Full-Service Restaurants,Car,Car
9528,83,Elderly,3163,Low,7_plus_person,family_single,3_plus,F&B Eatery/Limited-Service Restaurants,Public_transport,Car
6370,66,Elderly,25247,Low,2_person,married_couple,1,F&B Eatery/Snack and Nonalcoholic Beverage Bars,Public_transport,Car
37396,66,Elderly,84802,High,2_person,married_couple,2,F&B Eatery/Full-Service Restaurants,Car,Car
56510,61,Elderly,36100,Moderate,3_person,married_couple,3_plus,F&B Eatery/Snack and Nonalcoholic Beverage Bars,Public_transport,Car
47246,32,Adult,56729,Moderate,1_person,living_alone,1,F&B Eatery/Full-Service Restaurants,Public_transport,Car
55077,26,Young Adult,158190,Ultra High,4_person,nonfamily_single,2,F&B Eatery/Limited-Service Restaurants,Public_transport,Public_transport
63278,64,Elderly,107889,Very High,1_person,living_alone,0,F&B Eatery/Full-Service Restaurants,Walking,Walking
22424,32,Adult,121279,Ultra High,2_person,married_couple,1,F&B Eatery/Full-Service Restaurants,Public_transport,Car
33209,43,Middle Age,40075,Moderate,6_person,married_couple,1,F&B Eatery/Full-Service Restaurants,Public_transport,Public_transport
55811,34,Adult,375439,Ultra High,2_person,married_couple,1,F&B Eatery/Full-Service Restaurants,Walking,Car
9794,29,Young Adult,74067,High,3_person,nonfamily_single,3_plus,F&B Eatery/Full-Service Restaurants,Car,Car
59582,57,Senior,90913,Very High,1_person,living_alone,1,F&B Eatery/Full-Service Restaurants,Public_transport,Car
25215,81,Elderly,18982,Low,2_person,married_couple,1,F&B Eatery/Limited-Service Restaurants,Car,Car
41814,60,Senior,454565,Ultra High,7_plus_person,married_couple,1,F&B Eatery/Full-Service Restaurants,Walking,Car
36598,91,Elderly,23095,Low,1_person,living_alone,1,F&B Eatery/Full-Service Restaurants,Car,Car
66833,23,Young Adult,19322,Low,4_person,married_couple,3_plus,F&B Eatery/Snack and Nonalcoholic Beverage Bars,Car,Car
55296,55,Senior,96702,Very High,4_person,married_couple,1,F&B Eatery/Full-Service Restaurants,Car,Car
28795,56,Senior,979,Low,1_person,living_alone,1,F&B Eatery/Snack and Nonalcoholic Beverage Bars,Public_transport,Car
38547,48,Middle Age,96610,Very High,4_person,family_single,3_plus,F&B Eatery/Full-Service Restaurants,Walking,Car
39112,67,Elderly,41762,Moderate,2_person,married_couple,1,F&B Eatery/Snack and Nonalcoholic Beverage Bars,Car,Car
10693,28,Young Adult,0,Debt,3_person,married_couple,0,F&B Eatery/Snack and Nonalcoholic Beverage Bars,Walking,Walking
1958,30,Young Adult,65385,High,3_person,married_couple,1,F&B Eatery/Drinking Places,Car,Walking
58414,63,Elderly,270117,Ultra High,3_person,married_couple,2,F&B Eatery/Full-Service Restaurants,Public_transport,Car
155,29,Young Adult,11118,Low,3_person,family_single,2,F&B Eatery/Full-Service Restaurants,Car,Walking
10487,70,Elderly,16667,Low,4_person,married_couple,3_plus,F&B Eatery/Snack and Nonalcoholic Beverage Bars,Car,Car
9127,61,Elderly,8889,Low,7_plus_person,nonfamily_single,0,F&B Eatery/Snack and Nonalcoholic Beverage Bars,Public_transport,Public_transport
37346,38,Adult,49509,Moderate,7_plus_person,married_couple,3_plus,F&B Eatery/Full-Service Restaurants,Car,Car
1089,76,Elderly,83336,High,2_person,married_couple,1,F&B Eatery/Drinking Places,Car,Car
22433,40,Adult,80811,High,4_person,married_couple,1,F&B Eatery/Snack and Nonalcoholic Beverage Bars,Car,Car
63759,18,Teen,0,Debt,6_person,married_couple,3_plus,F&B Eatery/Snack and Nonalcoholic Beverage Bars,Public_transport,Car
27516,40,Adult,126268,Ultra High,3_person,married_couple,2,F&B Eatery/Full-Service Restaurants,Walking,Car
66620,34,Adult,158190,Ultra High,4_person,married_couple,2,F&B Eatery/Full-Service Restaurants,Car,Public_transport
12576,56,Senior,177119,Ultra High,3_person,married_couple,1,F&B Eatery/Full-Service Restaurants,Car,Car
9122,44,Middle Age,83729,High,2_person,family_single,1,F&B Eatery/Snack and Nonalcoholic Beverage Bars,Car,Car
32602,30,Young Adult,0,Debt,3_person,nonfamily_single,0,F&B Eatery/Limited-Service Restaurants,Walking,Walking
40718,39,Adult,0,Debt,2_person,married_couple,1,F&B Eatery/Full-Service Restaurants,Car,Car
11101,68,Elderly,24135,Low,2_person,family_single,2,F&B Eatery/Snack and Nonalcoholic Beverage Bars,Car,Car
18058,24,Young Adult,0,Debt,7_plus_person,family_single,0,F&B Eatery/Limited-Service Restaurants,Car,Walking
55915,51,Senior,16090,Low,4_person,nonfamily_single,2,F&B Eatery/Snack and Nonalcoholic Beverage Bars,Car,Car
6980,49,Middle Age,0,Debt,4_person,married_couple,2,F&B Eatery/Full-Service Restaurants,Walking,Car
6416,64,Elderly,37880,Moderate,3_person,married_couple,1,F&B Eatery/Drinking Places,Public_transport,Car
16021,29,Young Adult,0,Debt,1_person,living_alone,0,F&B Eatery/Snack and Nonalcoholic Beverage Bars,Walking,Walking
41855,61,Elderly,13310,Low,2_person,family_single,1,F&B Eatery/Snack and Nonalcoholic Beverage Bars,Walking,Car
11439,30,Young Adult,69107,High,2_person,married_couple,0,F&B Eatery/Full-Service Restaurants,Walking,Public_transport
18710,31,Adult,36497,Moderate,3_person,nonfamily_single,3_plus,F&B Eatery/Full-Service Restaurants,Walking,Car
39864,32,Adult,53133,Moderate,6_person,married_couple,1,F&B Eatery/Full-Service Restaurants,Public_transport,Public_transport
33866,30,Young Adult,97791,Very High,4_person,nonfamily_single,3_plus,F&B Eatery/Drinking Places,Walking,Car
5433,43,Middle Age,60608,High,1_person,living_alone,0,F&B Eatery/Full-Service Restaurants,Walking,Public_transport
66033,28,Young Adult,59039,Moderate,2_person,married_couple,0,F&B Eatery/Full-Service Restaurants,Walking,Walking
13230,21,Young Adult,5367,Low,2_person,nonfamily_single,0,F&B Eatery/Snack and Nonalcoholic Beverage Bars,Walking,Walking
6450,31,Adult,91839,Very High,2_person,married_couple,2,F&B Eatery/Full-Service Restaurants,Walking,Car
45096,65,Elderly,84802,High,1_person,living_alone,0,F&B Eatery/Limited-Service Restaurants,Walking,Public_transport
43553,39,Adult,110468,Very High,3_person,nonfamily_single,3_plus,F&B Eatery/Limited-Service Restaurants,Car,Car
18099,31,Adult,134181,Ultra High,2_person,nonfamily_single,1,F&B Eatery/Limited-Service Restaurants,Car,Car
59042,31,Adult,67494,High,2_person,nonfamily_single,1,F&B Eatery/Limited-Service Restaurants,Public_transport,Car
25556,23,Young Adult,1073,Low,1_person,living_alone,1,F&B Eatery/Full-Service Restaurants,Walking,Walking
30112,81,Elderly,0,Debt,2_person,family_single,0,F&B Eatery/Limited-Service Restaurants,Car,Walking
24765,57,Senior,0,Debt,2_person,family_single,2,F&B Eatery/Full-Service Restaurants,Walking,Car
25817,70,Elderly,1620,Low,3_person,family_single,1,F&B Eatery/Full-Service Restaurants,Car,Car
20215,68,Elderly,28055,Low,5_person,family_single,2,F&B Eatery/Snack and Nonalcoholic Beverage Bars,Car,Car
55451,78,Elderly,42184,Moderate,2_person,married_couple,2,F&B Eatery/Full-Service Restaurants,Car,Car
36116,34,Adult,18151,Low,3_person,family_single,1,F&B Eatery/Limited-Service Restaurants,Car,Car
4079,25,Young Adult,5353,Low,2_person,family_single,0,F&B Eatery/Full-Service Restaurants,Walking,Walking
41945,85,Elderly,254990,Ultra High,2_person,nonfamily_single,1,F&B Eatery/Full-Service Restaurants,Car,Car
59165,45,Middle Age,166384,Ultra High,3_person,married_couple,1,F&B Eatery/Full-Service Restaurants,Public_transport,Car
66785,64,Elderly,0,Debt,3_person,family_single,2,F&B Eatery/Limited-Service Restaurants,Public_transport,Car
587,36,Adult,89096,High,2_person,nonfamily_single,1,F&B Eatery/Snack and Nonalcoholic Beverage Bars,Public_transport,Car
9346,21,Young Adult,3457,Low,4_person,nonfamily_single,2,F&B Eatery/Limited-Service Restaurants,Car,Car
46037,61,Elderly,716192,Ultra High,2_person,married_couple,1,F&B Eatery/Snack and Nonalcoholic Beverage Bars,Car,Car
46305,22,Young Adult,8587,Low,2_person,nonfamily_single,0,F&B Eatery/Limited-Service Restaurants,Walking,Walking
65225,51,Senior,61887,High,4_person,married_couple,1,F&B Eatery/Limited-Service Restaurants,Car,Car
43732,52,Senior,47457,Moderate,1_person,living_alone,1,F&B Eatery/Snack and Nonalcoholic Beverage Bars,Car,Car
66947,18,Teen,3241,Low,3_person,family_single,1,F&B Eatery/Full-Service Restaurants,Walking,Walking
26475,33,Adult,20202,Low,4_person,married_couple,0,F&B Eatery/Special Food Services,Walking,Public_transport
46443,24,Young Adult,0,Debt,3_person,nonfamily_single,0,F&B Eatery/Limited-Service Restaurants,Walking,Walking
52142,27,Young Adult,0,Debt,1_person,living_alone,1,F&B Eatery/Limited-Service Restaurants,Public_transport,Walking
21953,38,Adult,129467,Ultra High,2_person,family_single,1,F&B Eatery/Snack and Nonalcoholic Beverage Bars,Public_transport,Car
30090,26,Young Adult,5402,Low,6_person,family_single,3_plus,F&B Eatery/Snack and Nonalcoholic Beverage Bars,Car,Car
56696,23,Young Adult,50452,Moderate,2_person,family_single,2,F&B Eatery/Full-Service Restaurants,Public_transport,Car
16299,31,Adult,49951,Moderate,4_person,family_single,0,F&B Eatery/Full-Service Restaurants,Walking,Public_transport
30930,44,Middle Age,87673,High,2_person,married_couple,0,F&B Eatery/Limited-Service Restaurants,Walking,Public_transport
645,63,Elderly,42426,Moderate,7_plus_person,family_single,1,F&B Eatery/Snack and Nonalcoholic Beverage Bars,Walking,Car
30129,94,Elderly,23024,Low,1_person,living_alone,0,F&B Eatery/Full-Service Restaurants,Car,Walking
44517,40,Adult,5367,Low,1_person,living_alone,0,F&B Eatery/Snack and Nonalcoholic Beverage Bars,Walking,Walking
9587,27,Young Adult,80508,High,1_person,living_alone,1,F&B Eatery/Full-Service Restaurants,Car,Walking
49416,51,Senior,133263,Ultra High,4_person,married_couple,2,F&B Eatery/Limited-Service Restaurants,Walking,Car
32220,35,Adult,36911,Moderate,4_person,married_couple,2,F&B Eatery/Full-Service Restaurants,Public_transport,Public_transport
11739,30,Young Adult,31975,Moderate,3_person,married_couple,0,F&B Eatery/Limited-Service Restaurants,Walking,Walking
15036,60,Senior,83729,High,3_person,married_couple,3_plus,F&B Eatery/Snack and Nonalcoholic Beverage Bars,Car,Public_transport
32994,31,Adult,100904,Very High,2_person,married_couple,1,F&B Eatery/Drinking Places,Car,Car
23172,59,Senior,40742,Moderate,4_person,married_couple,1,F&B Eatery/Full-Service Restaurants,Walking,Public_transport
60413,28,Young Adult,48305,Moderate,1_person,living_alone,1,F&B Eatery/Snack and Nonalcoholic Beverage Bars,Public_transport,Car
24217,25,Young Adult,65908,High,2_person,family_single,0,F&B Eatery/Full-Service Restaurants,Walking,Walking
62369,53,Senior,52,Low,4_person,family_single,2,F&B Eatery/Drinking Places,Car,Car
26515,76,Elderly,38429,Moderate,1_person,living_alone,1,F&B Eatery/Limited-Service Restaurants,Car,Car
36632,21,Young Adult,6440,Low,5_person,nonfamily_single,0,F&B Eatery/Snack and Nonalcoholic Beverage Bars,Walking,Walking
26819,88,Elderly,51263,Moderate,2_person,married_couple,0,F&B Eatery/Full-Service Restaurants,Walking,Public_transport
43360,63,Elderly,0,Debt,4_person,family_single,1,F&B Eatery/Limited-Service Restaurants,Car,Car
55426,60,Senior,2847,Low,1_person,living_alone,0,F&B Eatery/Limited-Service Restaurants,Public_transport,Public_transport
9752,77,Elderly,35860,Moderate,1_person,living_alone,1,F&B Eatery/Full-Service Restaurants,Car,Car
8004,31,Adult,62260,High,3_person,nonfamily_single,1,F&B Eatery/Full-Service Restaurants,Car,Car
16154,30,Young Adult,61887,High,2_person,married_couple,1,F&B Eatery/Snack and Nonalcoholic Beverage Bars,Public_transport,Walking
20095,19,Young Adult,0,Debt,3_person,nonfamily_single,0,F&B Eatery/Snack and Nonalcoholic Beverage Bars,Walking,Walking
8438,24,Young Adult,36819,Moderate,1_person,living_alone,0,F&B Eatery/Full-Service Restaurants,Public_transport,Walking
26170,26,Young Adult,31638,Moderate,4_person,nonfamily_single,2,F&B Eatery/Snack and Nonalcoholic Beverage Bars,Car,Public_transport
63198,28,Young Adult,24796,Low,6_person,married_couple,0,F&B Eatery/Limited-Service Restaurants,Public_transport,Public_transport
1529,27,Young Adult,42184,Moderate,3_person,nonfamily_single,1,F&B Eatery/Limited-Service Restaurants,Public_transport,Car
1125,25,Young Adult,0,Debt,1_person,living_alone,0,F&B Eatery/Limited-Service Restaurants,Walking,Walking
33691,24,Young Adult,0,Debt,3_person,family_single,1,F&B Eatery/Snack and Nonalcoholic Beverage Bars,Car,Walking
1283,20,Young Adult,0,Debt,5_person,family_single,1,F&B Eatery/Limited-Service Restaurants,Public_transport,Car
56481,30,Young Adult,60608,High,3_person,married_couple,1,F&B Eatery/Snack and Nonalcoholic Beverage Bars,Car,Walking
53516,21,Young Adult,3434,Low,5_person,nonfamily_single,0,F&B Eatery/Full-Service Restaurants,Walking,Walking
49821,24,Young Adult,70131,High,4_person,nonfamily_single,2,F&B Eatery/Snack and Nonalcoholic Beverage Bars,Public_transport,Car
52756,24,Young Adult,61887,High,2_person,family_single,2,F&B Eatery/Full-Service Restaurants,Public_transport,Walking
54260,27,Young Adult,92830,Very High,3_person,nonfamily_single,2,F&B Eatery/Full-Service Restaurants,Walking,Car
42870,38,Adult,84246,High,4_person,married_couple,2,F&B Eatery/Limited-Service Restaurants,Car,Car
31852,29,Young Adult,69774,High,2_person,nonfamily_single,3_plus,F&B Eatery/Snack and Nonalcoholic Beverage Bars,Car,Car
66489,42,Middle Age,103994,Very High,2_person,married_couple,1,F&B Eatery/Full-Service Restaurants,Walking,Car
54400,54,Senior,11284,Low,2_person,family_single,1,F&B Eatery/Limited-Service Restaurants,Car,Car
39951,20,Young Adult,0,Debt,5_person,married_couple,1,F&B Eatery/Limited-Service Restaurants,Car,Public_transport
44918,28,Young Adult,70847,High,2_person,nonfamily_single,0,F&B Eatery/Full-Service Restaurants,Walking,Walking
15149,26,Young Adult,0,Debt,4_person,married_couple,1,F&B Eatery/Full-Service Restaurants,Car,Car
63370,67,Elderly,109095,Very High,2_person,married_couple,0,F&B Eatery/Full-Service Restaurants,Car,Public_transport
62987,29,Young Adult,0,Debt,3_person,nonfamily_single,2,F&B Eatery/Full-Service Restaurants,Car,Walking
60040,28,Young Adult,26920,Low,5_person,married_couple,1,F&B Eatery/Drinking Places,Public_transport,Public_transport
2591,27,Young Adult,54023,Moderate,7_plus_person,married_couple,1,F&B Eatery/Limited-Service Restaurants,Walking,Car
5906,48,Middle Age,39395,Moderate,3_person,family_single,1,F&B Eatery/Snack and Nonalcoholic Beverage Bars,Public_transport,Car
59125,19,Young Adult,3094,Low,2_person,married_couple,1,F&B Eatery/Full-Service Restaurants,Car,Public_transport
55661,25,Young Adult,82516,High,4_person,nonfamily_single,2,F&B Eatery/Snack and Nonalcoholic Beverage Bars,Public_transport,Car
11205,52,Senior,10546,Low,5_person,family_single,1,F&B Eatery/Limited-Service Restaurants,Car,Car
39901,57,Senior,45084,Moderate,3_person,married_couple,2,F&B Eatery/Full-Service Restaurants,Walking,Car
2307,45,Middle Age,0,Debt,3_person,married_couple,1,F&B Eatery/Full-Service Restaurants,Car,Car
25188,49,Middle Age,8990,Low,7_plus_person,married_couple,1,F&B Eatery/Full-Service Restaurants,Walking,Car
20074,56,Senior,5367,Low,1_person,living_alone,1,F&B Eatery/Full-Service Restaurants,Walking,Car
17071,73,Elderly,141925,Ultra High,2_person,married_couple,3_plus,F&B Eatery/Full-Service Restaurants,Walking,Car
46971,28,Young Adult,133196,Ultra High,2_person,married_couple,1,F&B Eatery/Limited-Service Restaurants,Walking,Walking
64415,53,Senior,139380,Ultra High,4_person,married_couple,2,F&B Eatery/Full-Service Restaurants,Walking,Car
33380,46,Middle Age,30634,Moderate,4_person,married_couple,2,F&B Eatery/Snack and Nonalcoholic Beverage Bars,Car,Car
23551,20,Young Adult,0,Debt,4_person,nonfamily_single,0,F&B Eatery/Limited-Service Restaurants,Walking,Walking
54262,68,Elderly,0,Debt,5_person,family_single,1,F&B Eatery/Snack and Nonalcoholic Beverage Bars,Public_transport,Car
19584,26,Young Adult,31638,Moderate,4_person,nonfamily_single,2,F&B Eatery/Full-Service Restaurants,Car,Public_transport
59611,40,Adult,206290,Ultra High,4_person,married_couple,2,F&B Eatery/Full-Service Restaurants,Car,Public_transport
43936,46,Middle Age,154576,Ultra High,2_person,nonfamily_single,1,F&B Eatery/Full-Service Restaurants,Car,Car
6629,31,Adult,33747,Moderate,2_person,married_couple,1,F&B Eatery/Full-Service Restaurants,Public_transport,Car
4135,30,Young Adult,0,Debt,1_person,living_alone,0,F&B Eatery/Limited-Service Restaurants,Public_transport,Walking
1898,47,Middle Age,136167,Ultra High,2_person,nonfamily_single,2,F&B Eatery/Full-Service Restaurants,Car,Car
13937,58,Senior,0,Debt,3_person,married_couple,1,F&B Eatery/Full-Service Restaurants,Public_transport,Car
282,23,Young Adult,0,Debt,3_person,nonfamily_single,1,F&B Eatery/Limited-Service Restaurants,Public_transport,Walking
258,34,Adult,113449,Very High,3_person,married_couple,1,F&B Eatery/Limited-Service Restaurants,Walking,Car
11116,37,Adult,76430,High,4_person,family_single,0,F&B Eatery/Full-Service Restaurants,Walking,Public_transport
6530,31,Adult,33006,Moderate,2_person,married_couple,1,F&B Eatery/Snack and Nonalcoholic Beverage Bars,Public_transport,Car
37711,26,Young Adult,128813,Ultra High,1_person,living_alone,0,F&B Eatery/Full-Service Restaurants,Public_transport,Walking
19206,52,Senior,15242,Low,1_person,living_alone,1,F&B Eatery/Full-Service Restaurants,Car,Car
14721,34,Adult,92830,Very High,5_person,nonfamily_single,2,F&B Eatery/Limited-Service Restaurants,Walking,Car
11531,27,Young Adult,54023,Moderate,2_person,married_couple,0,F&B Eatery/Full-Service Restaurants,Public_transport,Walking
19909,30,Young Adult,49269,Moderate,2_person,nonfamily_single,2,F&B Eatery/Limited-Service Restaurants,Car,Car
29139,82,Elderly,966910,Ultra High,2_person,married_couple,1,F&B Eatery/Drinking Places,Car,Car
6971,22,Young Adult,0,Debt,4_person,family_single,1,F&B Eatery/Limited-Service Restaurants,Car,Walking
47657,24,Young Adult,23986,Low,3_person,family_single,0,F&B Eatery/Full-Service Restaurants,Walking,Walking
13521,37,Adult,92316,Very High,7_plus_person,married_couple,3_plus,F&B Eatery/Full-Service Restaurants,Car,Public_transport
37991,21,Young Adult,0,Debt,4_person,nonfamily_single,0,F&B Eatery/Snack and Nonalcoholic Beverage Bars,Walking,Walking
2285,76,Elderly,29820,Low,1_person,living_alone,1,F&B Eatery/Full-Service Restaurants,Car,Car
22447,26,Young Adult,93390,Very High,2_person,nonfamily_single,0,F&B Eatery/Limited-Service Restaurants,Public_transport,Walking
40846,83,Elderly,7779,Low,3_person,married_couple,1,F&B Eatery/Full-Service Restaurants,Public_transport,Car
21038,50,Middle Age,0,Debt,2_person,family_single,1,F&B Eatery/Limited-Service Restaurants,Public_transport,Car
21384,60,Senior,32414,Moderate,1_person,living_alone,1,F&B Eatery/Full-Service Restaurants,Walking,Car
6710,77,Elderly,64672,High,2_person,married_couple,0,F&B Eatery/Drinking Places,Walking,Public_transport
66762,28,Young Adult,216094,Ultra High,2_person,married_couple,1,F&B Eatery/Snack and Nonalcoholic Beverage Bars,Walking,Walking
57828,30,Young Adult,64406,High,2_person,nonfamily_single,1,F&B Eatery/Limited-Service Restaurants,Walking,Walking
10403,25,Young Adult,0,Debt,2_person,nonfamily_single,0,F&B Eatery/Full-Service Restaurants,Public_transport,Walking
21800,23,Young Adult,53672,Moderate,4_person,married_couple,3_plus,F&B Eatery/Snack and Nonalcoholic Beverage Bars,Car,Car
33243,78,Elderly,71921,High,1_person,living_alone,1,F&B Eatery/Full-Service Restaurants,Public_transport,Car
51707,30,Young Adult,89902,High,4_person,nonfamily_single,1,F&B Eatery/Snack and Nonalcoholic Beverage Bars,Car,Car
57239,38,Adult,13418,Low,6_person,family_single,1,F&B Eatery/Full-Service Restaurants,Public_transport,Public_transport
49159,63,Elderly,96973,Very High,1_person,living_alone,1,F&B Eatery/Limited-Service Restaurants,Walking,Car
61001,29,Young Adult,20629,Low,4_person,nonfamily_single,2,F&B Eatery/Limited-Service Restaurants,Public_transport,Car
6411,28,Young Adult,60608,High,2_person,nonfamily_single,1,F&B Eatery/Limited-Service Restaurants,Public_transport,Walking
2551,30,Young Adult,60608,High,2_person,nonfamily_single,1,F&B Eatery/Drinking Places,Car,Walking
29450,27,Young Adult,96973,Very High,4_person,nonfamily_single,1,F&B Eatery/Limited-Service Restaurants,Public_transport,Public_transport
61746,21,Young Adult,20629,Low,5_person,nonfamily_single,0,F&B Eatery/Snack and Nonalcoholic Beverage Bars,Walking,Walking
6852,78,Elderly,47880,Moderate,2_person,married_couple,0,F&B Eatery/Snack and Nonalcoholic Beverage Bars,Public_transport,Public_transport
32658,25,Young Adult,46158,Moderate,3_person,nonfamily_single,3_plus,F&B Eatery/Full-Service Restaurants,Walking,Car
38314,58,Senior,161017,Ultra High,1_person,living_alone,1,F&B Eatery/Limited-Service Restaurants,Car,Car
13489,23,Young Adult,26621,Low,6_person,nonfamily_single,0,F&B Eatery/Snack and Nonalcoholic Beverage Bars,Walking,Walking
51578,22,Young Adult,5050,Low,1_person,living_alone,0,F&B Eatery/Drinking Places,Public_transport,Walking
23128,29,Young Adult,95536,Very High,2_person,married_couple,1,F&B Eatery/Full-Service Restaurants,Car,Walking
26390,20,Young Adult,10804,Low,7_plus_person,married_couple,1,F&B Eatery/Drinking Places,Car,Public_transport
48563,32,Adult,134181,Ultra High,1_person,living_alone,1,F&B Eatery/Full-Service Restaurants,Public_transport,Car
64166,29,Young Adult,68549,High,1_person,living_alone,0,F&B Eatery/Full-Service Restaurants,Walking,Walking
21253,28,Young Adult,43011,Moderate,2_person,married_couple,1,F&B Eatery/Full-Service Restaurants,Car,Car
18658,31,Adult,252536,Ultra High,2_person,nonfamily_single,1,F&B Eatery/Snack and Nonalcoholic Beverage Bars,Walking,Car
41971,33,Adult,72201,High,2_person,nonfamily_single,0,F&B Eatery/Full-Service Restaurants,Walking,Walking
50729,49,Middle Age,105566,Very High,1_person,living_alone,1,F&B Eatery/Limited-Service Restaurants,Car,Car
23648,70,Elderly,198687,Ultra High,1_person,living_alone,1,F&B Eatery/Snack and Nonalcoholic Beverage Bars,Car,Car
25643,33,Adult,105886,Very High,2_person,married_couple,1,F&B Eatery/Special Food Services,Walking,Car
42951,56,Senior,0,Debt,2_person,married_couple,2,F&B Eatery/Snack and Nonalcoholic Beverage Bars,Walking,Car
20354,33,Adult,16207,Low,5_person,married_couple,3_plus,F&B Eatery/Snack and Nonalcoholic Beverage Bars,Car,Car
13565,31,Adult,308894,Ultra High,2_person,nonfamily_single,1,F&B Eatery/Limited-Service Restaurants,Car,Car
22263,27,Young Adult,121217,Ultra High,2_person,family_single,2,F&B Eatery/Limited-Service Restaurants,Public_transport,Public_transport
16280,71,Elderly,14546,Low,3_person,married_couple,1,F&B Eatery/Full-Service Restaurants,Public_transport,Car
34881,24,Young Adult,73822,High,2_person,nonfamily_single,1,F&B Eatery/Full-Service Restaurants,Public_transport,Walking
29118,25,Young Adult,47446,Moderate,5_person,nonfamily_single,0,F&B Eatery/Limited-Service Restaurants,Public_transport,Public_transport
54128,69,Elderly,293952,Ultra High,2_person,nonfamily_single,2,F&B Eatery/Snack and Nonalcoholic Beverage Bars,Car,Car
39961,86,Elderly,71720,High,2_person,family_single,1,F&B Eatery/Full-Service Restaurants,Car,Car
53019,19,Young Adult,12121,Low,2_person,family_single,0,F&B Eatery/Full-Service Restaurants,Public_transport,Walking
18489,68,Elderly,65152,High,2_person,married_couple,1,F&B Eatery/Full-Service Restaurants,Car,Car
6823,21,Young Adult,0,Debt,3_person,family_single,0,F&B Eatery/Limited-Service Restaurants,Public_transport,Walking
27624,67,Elderly,289172,Ultra High,2_person,married_couple,1,F&B Eatery/Snack and Nonalcoholic Beverage Bars,Walking,Car
56700,21,Young Adult,16101,Low,4_person,nonfamily_single,0,F&B Eatery/Drinking Places,Public_transport,Walking
49050,28,Young Adult,91243,Very High,2_person,married_couple,1,F&B Eatery/Full-Service Restaurants,Walking,Walking
781,21,Young Adult,0,Debt,4_person,nonfamily_single,1,F&B Eatery/Snack and Nonalcoholic Beverage Bars,Walking,Walking
14939,40,Adult,63276,High,2_person,married_couple,0,F&B Eatery/Full-Service Restaurants,Public_transport,Public_transport
60019,25,Young Adult,65908,High,2_person,family_single,0,F&B Eatery/Limited-Service Restaurants,Walking,Walking
18133,31,Adult,52730,Moderate,4_person,married_couple,1,F&B Eatery/Snack and Nonalcoholic Beverage Bars,Car,Public_transport
30798,44,Middle Age,0,Debt,6_person,married_couple,1,F&B Eatery/Limited-Service Restaurants,Car,Public_transport
30932,19,Young Adult,0,Debt,4_person,married_couple,0,F&B Eatery/Limited-Service Restaurants,Walking,Walking
10983,46,Middle Age,20528,Low,7_plus_person,family_single,2,F&B Eatery/Full-Service Restaurants,Public_transport,Car
6519,70,Elderly,36925,Moderate,2_person,nonfamily_single,1,F&B Eatery/Full-Service Restaurants,Walking,Car
5774,32,Adult,214689,Ultra High,1_person,living_alone,1,F&B Eatery/Full-Service Restaurants,Walking,Car
30933,42,Middle Age,45456,Moderate,1_person,living_alone,1,F&B Eatery/Limited-Service Restaurants,Public_transport,Walking
13171,30,Young Adult,32203,Moderate,7_plus_person,family_single,3_plus,F&B Eatery/Snack and Nonalcoholic Beverage Bars,Car,Car
30573,58,Senior,52730,Moderate,3_person,married_couple,0,F&B Eatery/Snack and Nonalcoholic Beverage Bars,Walking,Public_transport
9283,35,Adult,35115,Moderate,2_person,married_couple,0,F&B Eatery/Limited-Service Restaurants,Walking,Public_transport
63870,56,Senior,206702,Ultra High,4_person,married_couple,1,F&B Eatery/Full-Service Restaurants,Walking,Car
9369,38,Adult,92830,Very High,1_person,living_alone,0,F&B Eatery/Full-Service Restaurants,Walking,Walking
12819,24,Young Adult,15152,Low,2_person,nonfamily_single,0,F&B Eatery/Limited-Service Restaurants,Walking,Walking
18708,53,Senior,105460,Very High,1_person,living_alone,1,F&B Eatery/Full-Service Restaurants,Car,Car
63878,39,Adult,111115,Very High,7_plus_person,married_couple,1,F&B Eatery/Snack and Nonalcoholic Beverage Bars,Walking,Public_transport
43039,55,Senior,18982,Low,3_person,married_couple,1,F&B Eatery/Limited-Service Restaurants,Walking,Car
37823,60,Senior,140621,Ultra High,1_person,living_alone,1,F&B Eatery/Snack and Nonalcoholic Beverage Bars,Walking,Car
10800,57,Senior,8889,Low,7_plus_person,nonfamily_single,0,F&B Eatery/Full-Service Restaurants,Walking,Public_transport
34622,26,Young Adult,96610,Very High,3_person,nonfamily_single,2,F&B Eatery/Full-Service Restaurants,Public_transport,Car
59634,26,Young Adult,77358,High,7_plus_person,married_couple,3_plus,F&B Eatery/Full-Service Restaurants,Public_transport,Walking
1727,45,Middle Age,500937,Ultra High,4_person,married_couple,1,F&B Eatery/Full-Service Restaurants,Walking,Car
16994,58,Senior,0,Debt,4_person,married_couple,2,F&B Eatery/Limited-Service Restaurants,Car,Walking
48777,66,Elderly,14142,Low,2_person,family_single,1,F&B Eatery/Limited-Service Restaurants,Car,Car
4666,60,Senior,7071,Low,3_person,married_couple,1,F&B Eatery/Drinking Places,Walking,Car
30651,31,Adult,5589,Low,1_person,living_alone,0,F&B Eatery/Snack and Nonalcoholic Beverage Bars,Public_transport,Walking
54565,29,Young Adult,52,Low,3_person,family_single,0,F&B Eatery/Snack and Nonalcoholic Beverage Bars,Walking,Walking
24487,42,Middle Age,42937,Moderate,3_person,family_single,1,F&B Eatery/Full-Service Restaurants,Car,Car
57326,70,Elderly,42186,Moderate,1_person,living_alone,1,F&B Eatery/Limited-Service Restaurants,Car,Car
8535,52,Senior,31333,Moderate,6_person,family_single,3_plus,F&B Eatery/Full-Service Restaurants,Car,Car
62027,44,Middle Age,57966,Moderate,3_person,nonfamily_single,1,F&B Eatery/Full-Service Restaurants,Car,Walking
27733,30,Young Adult,12965,Low,4_person,married_couple,1,F&B Eatery/Snack and Nonalcoholic Beverage Bars,Public_transport,Public_transport
3750,74,Elderly,43449,Moderate,2_person,family_single,1,F&B Eatery/Full-Service Restaurants,Car,Car
12924,87,Elderly,68075,High,2_person,married_couple,0,F&B Eatery/Limited-Service Restaurants,Car,Public_transport
12722,60,Senior,10727,Low,1_person,living_alone,0,F&B Eatery/Limited-Service Restaurants,Public_transport,Public_transport
30575,22,Young Adult,1753,Low,2_person,nonfamily_single,0,F&B Eatery/Limited-Service Restaurants,Walking,Walking
11407,43,Middle Age,60608,High,1_person,living_alone,0,F&B Eatery/Limited-Service Restaurants,Public_transport,Public_transport
97,59,Senior,25762,Low,2_person,married_couple,1,F&B Eatery/Limited-Service Restaurants,Public_transport,Car
56137,57,Senior,12377,Low,3_person,family_single,0,F&B Eatery/Snack and Nonalcoholic Beverage Bars,Public_transport,Public_transport
3137,21,Young Adult,0,Debt,2_person,nonfamily_single,0,F&B Eatery/Snack and Nonalcoholic Beverage Bars,Walking,Walking
46136,38,Adult,36735,Moderate,2_person,family_single,0,F&B Eatery/Snack and Nonalcoholic Beverage Bars,Public_transport,Walking
64623,28,Young Adult,237233,Ultra High,1_person,living_alone,1,F&B Eatery/Full-Service Restaurants,Public_transport,Walking
14357,27,Young Adult,81035,High,2_person,nonfamily_single,1,F&B Eatery/Full-Service Restaurants,Public_transport,Walking
17921,25,Young Adult,16207,Low,5_person,nonfamily_single,1,F&B Eatery/Limited-Service Restaurants,Car,Car
60932,37,Adult,20629,Low,1_person,living_alone,1,F&B Eatery/Full-Service Restaurants,Public_transport,Public_transport
13140,27,Young Adult,69774,High,3_person,nonfamily_single,0,F&B Eatery/Full-Service Restaurants,Walking,Walking
47945,16,Teen,0,Debt,6_person,family_single,1,F&B Eatery/Limited-Service Restaurants,Public_transport,Public_transport
3648,19,Young Adult,7406,Low,5_person,married_couple,2,F&B Eatery/Snack and Nonalcoholic Beverage Bars,Walking,Public_transport
43617,28,Young Adult,10314,Low,4_person,nonfamily_single,1,F&B Eatery/Limited-Service Restaurants,Public_transport,Car
12485,67,Elderly,41762,Moderate,2_person,married_couple,1,F&B Eatery/Drinking Places,Car,Car
50669,30,Young Adult,0,Debt,3_person,married_couple,1,F&B Eatery/Limited-Service Restaurants,Car,Public_transport
62405,31,Adult,116166,Very High,2_person,nonfamily_single,1,F&B Eatery/Drinking Places,Car,Car
1633,69,Elderly,35745,Moderate,2_person,family_single,1,F&B Eatery/Limited-Service Restaurants,Car,Car
21008,70,Elderly,59690,Moderate,2_person,married_couple,1,F&B Eatery/Limited-Service Restaurants,Public_transport,Car
45232,64,Elderly,96610,Very High,2_person,married_couple,0,F&B Eatery/Limited-Service Restaurants,Public_transport,Public_transport
44629,27,Young Adult,32692,Moderate,2_person,family_single,0,F&B Eatery/Snack and Nonalcoholic Beverage Bars,Walking,Walking
55718,20,Young Adult,0,Debt,4_person,nonfamily_single,0,F&B Eatery/Full-Service Restaurants,Walking,Walking
46760,32,Adult,0,Debt,1_person,living_alone,1,F&B Eatery/Full-Service Restaurants,Public_transport,Public_transport
18474,30,Young Adult,84276,High,2_person,married_couple,1,F&B Eatery/Limited-Service Restaurants,Public_transport,Walking
23481,59,Senior,26365,Low,2_person,married_couple,1,F&B Eatery/Full-Service Restaurants,Car,Car
6171,32,Adult,78040,High,1_person,living_alone,1,F&B Eatery/Full-Service Restaurants,Walking,Car
7521,74,Elderly,25580,Low,2_person,married_couple,1,F&B Eatery/Full-Service Restaurants,Car,Car
33340,59,Senior,24850,Low,4_person,family_single,0,F&B Eatery/Drinking Places,Walking,Walking
32316,27,Young Adult,1031,Low,2_person,family_single,1,F&B Eatery/Full-Service Restaurants,Car,Walking
9879,44,Middle Age,200375,Ultra High,1_person,living_alone,0,F&B Eatery/Full-Service Restaurants,Walking,Walking
62032,34,Adult,259312,Ultra High,1_person,living_alone,1,F&B Eatery/Snack and Nonalcoholic Beverage Bars,Public_transport,Car
66546,72,Elderly,27227,Low,3_person,family_single,0,F&B Eatery/Snack and Nonalcoholic Beverage Bars,Public_transport,Walking
19446,23,Young Adult,0,Debt,1_person,living_alone,1,F&B Eatery/Limited-Service Restaurants,Walking,Walking
33365,60,Senior,73822,High,6_person,married_couple,2,F&B Eatery/Snack and Nonalcoholic Beverage Bars,Public_transport,Car
63814,29,Young Adult,32414,Moderate,2_person,nonfamily_single,1,F&B Eatery/Full-Service Restaurants,Car,Car
15352,30,Young Adult,62221,High,1_person,living_alone,0,F&B Eatery/Full-Service Restaurants,Walking,Walking
23017,54,Senior,33494,Moderate,5_person,married_couple,3_plus,F&B Eatery/Limited-Service Restaurants,Public_transport,Car
66862,57,Senior,48305,Moderate,2_person,family_single,2,F&B Eatery/Full-Service Restaurants,Public_transport,Car
24259,73,Elderly,54023,Moderate,4_person,married_couple,3_plus,F&B Eatery/Full-Service Restaurants,Walking,Car
65550,27,Young Adult,43320,Moderate,5_person,nonfamily_single,2,F&B Eatery/Limited-Service Restaurants,Public_transport,Car
7345,56,Senior,48305,Moderate,2_person,married_couple,2,F&B Eatery/Limited-Service Restaurants,Car,Car
6304,26,Young Adult,61586,High,3_person,nonfamily_single,1,F&B Eatery/Full-Service Restaurants,Walking,Walking
65532,75,Elderly,9724,Low,2_person,married_couple,2,F&B Eatery/Limited-Service Restaurants,Car,Car
6588,65,Elderly,17711,Low,4_person,married_couple,0,F&B Eatery/Full-Service Restaurants,Public_transport,Public_transport
16376,45,Middle Age,75760,High,1_person,living_alone,0,F&B Eatery/Limited-Service Restaurants,Public_transport,Public_transport
42891,29,Young Adult,10734,Low,3_person,family_single,2,F&B Eatery/Full-Service Restaurants,Public_transport,Walking
29055,23,Young Adult,0,Debt,3_person,nonfamily_single,0,F&B Eatery/Snack and Nonalcoholic Beverage Bars,Public_transport,Walking
66800,58,Senior,10264,Low,1_person,living_alone,0,F&B Eatery/Full-Service Restaurants,Car,Public_transport
22360,21,Young Adult,27011,Low,3_person,family_single,1,F&B Eatery/Limited-Service Restaurants,Car,Walking
57714,41,Middle Age,20202,Low,5_person,married_couple,0,F&B Eatery/Full-Service Restaurants,Car,Public_transport
18322,67,Elderly,14478,Low,1_person,living_alone,1,F&B Eatery/Snack and Nonalcoholic Beverage Bars,Car,Car
26928,40,Adult,51572,Moderate,4_person,nonfamily_single,0,F&B Eatery/Limited-Service Restaurants,Walking,Public_transport
31703,38,Adult,37816,Moderate,2_person,family_single,1,F&B Eatery/Snack and Nonalcoholic Beverage Bars,Car,Car
57252,70,Elderly,237286,Ultra High,1_person,living_alone,1,F&B Eatery/Snack and Nonalcoholic Beverage Bars,Car,Car
34521,30,Young Adult,62221,High,1_person,living_alone,0,F&B Eatery/Drinking Places,Walking,Walking
52822,27,Young Adult,0,Debt,4_person,nonfamily_single,0,F&B Eatery/Limited-Service Restaurants,Walking,Walking
64642,60,Senior,122967,Ultra High,2_person,family_single,1,F&B Eatery/Snack and Nonalcoholic Beverage Bars,Car,Car
28228,20,Young Adult,2062,Low,4_person,family_single,1,F&B Eatery/Full-Service Restaurants,Walking,Car
62545,46,Middle Age,37274,Moderate,1_person,living_alone,1,F&B Eatery/Full-Service Restaurants,Car,Walking
65539,33,Adult,42138,Moderate,2_person,married_couple,2,F&B Eatery/Full-Service Restaurants,Car,Car
18745,58,Senior,32203,Moderate,5_person,married_couple,3_plus,F&B Eatery/Full-Service Restaurants,Car,Car
20644,23,Young Adult,36100,Moderate,3_person,nonfamily_single,1,F&B Eatery/Full-Service Restaurants,Car,Car
5432,50,Middle Age,73822,High,2_person,married_couple,1,F&B Eatery/Full-Service Restaurants,Walking,Car
22669,59,Senior,116166,Very High,3_person,married_couple,3_plus,F&B Eatery/Limited-Service Restaurants,Walking,Car
45951,28,Young Adult,90913,Very High,4_person,nonfamily_single,2,F&B Eatery/Drinking Places,Walking,Car
65218,37,Adult,150819,Ultra High,3_person,married_couple,2,F&B Eatery/Limited-Service Restaurants,Public_transport,Car
2539,41,Middle Age,211726,Ultra High,2_person,married_couple,0,F&B Eatery/Limited-Service Restaurants,Public_transport,Walking
11929,76,Elderly,38356,Moderate,2_person,family_single,1,F&B Eatery/Full-Service Restaurants,Car,Car
50601,23,Young Adult,4408,Low,2_person,married_couple,1,F&B Eatery/Snack and Nonalcoholic Beverage Bars,Public_transport,Public_transport
66056,31,Adult,70847,High,1_person,living_alone,0,F&B Eatery/Full-Service Restaurants,Walking,Walking
41903,59,Senior,0,Debt,1_person,living_alone,0,F&B Eatery/Snack and Nonalcoholic Beverage Bars,Public_transport,Walking
11918,27,Young Adult,29293,Low,2_person,family_single,1,F&B Eatery/Limited-Service Restaurants,Car,Walking
54743,25,Young Adult,32203,Moderate,3_person,married_couple,1,F&B Eatery/Limited-Service Restaurants,Public_transport,Car
1171,21,Young Adult,0,Debt,2_person,nonfamily_single,1,F&B Eatery/Snack and Nonalcoholic Beverage Bars,Walking,Walking
48330,19,Young Adult,0,Debt,2_person,family_single,1,F&B Eatery/Snack and Nonalcoholic Beverage Bars,Public_transport,Walking
7927,36,Adult,66553,High,2_person,married_couple,1,F&B Eatery/Drinking Places,Car,Car
49823,20,Young Adult,0,Debt,2_person,nonfamily_single,0,F&B Eatery/Full-Service Restaurants,Public_transport,Walking
14289,40,Adult,94914,Very High,4_person,married_couple,2,F&B Eatery/Snack and Nonalcoholic Beverage Bars,Public_transport,Car
58766,26,Young Adult,33494,Moderate,3_person,nonfamily_single,0,F&B Eatery/Full-Service Restaurants,Walking,Walking
31358,50,Middle Age,24754,Low,1_person,living_alone,0,F&B Eatery/Full-Service Restaurants,Public_transport,Walking
60485,29,Young Adult,6188,Low,1_person,living_alone,0,F&B Eatery/Full-Service Restaurants,Walking,Walking
32262,62,Elderly,10404,Low,1_person,living_alone,0,F&B Eatery/Full-Service Restaurants,Walking,Walking
65663,42,Middle Age,13131,Low,3_person,family_single,2,F&B Eatery/Full-Service Restaurants,Public_transport,Car
36768,58,Senior,75141,High,3_person,married_couple,2,F&B Eatery/Snack and Nonalcoholic Beverage Bars,Walking,Car
17073,62,Elderly,643462,Ultra High,2_person,married_couple,1,F&B Eatery/Snack and Nonalcoholic Beverage Bars,Car,Car
47299,55,Senior,108302,Very High,2_person,nonfamily_single,2,F&B Eatery/Full-Service Restaurants,Public_transport,Car
15892,85,Elderly,22146,Low,1_person,living_alone,0,F&B Eatery/Full-Service Restaurants,Public_transport,Walking
38328,30,Young Adult,16207,Low,4_person,married_couple,0,F&B Eatery/Full-Service Restaurants,Public_transport,Walking
50026,59,Senior,21468,Low,1_person,living_alone,1,F&B Eatery/Full-Service Restaurants,Walking,Car
18681,30,Young Adult,38163,Moderate,2_person,married_couple,0,F&B Eatery/Limited-Service Restaurants,Public_transport,Walking
40785,57,Senior,124654,Ultra High,5_person,married_couple,3_plus,F&B Eatery/Limited-Service Restaurants,Car,Public_transport
2643,47,Middle Age,41258,Moderate,7_plus_person,family_single,2,F&B Eatery/Snack and Nonalcoholic Beverage Bars,Car,Car
30314,26,Young Adult,62260,High,3_person,nonfamily_single,3_plus,F&B Eatery/Full-Service Restaurants,Walking,Car
59063,82,Elderly,0,Debt,2_person,married_couple,0,F&B Eatery/Snack and Nonalcoholic Beverage Bars,Public_transport,Public_transport
5347,62,Elderly,119803,Very High,2_person,married_couple,1,F&B Eatery/Limited-Service Restaurants,Car,Car
30508,23,Young Adult,0,Debt,7_plus_person,family_single,1,F&B Eatery/Snack and Nonalcoholic Beverage Bars,Walking,Walking
41800,61,Elderly,53784,Moderate,4_person,married_couple,3_plus,F&B Eatery/Full-Service Restaurants,Walking,Car
54827,21,Young Adult,0,Debt,3_person,nonfamily_single,1,F&B Eatery/Snack and Nonalcoholic Beverage Bars,Walking,Walking
49733,55,Senior,32490,Moderate,3_person,married_couple,0,F&B Eatery/Limited-Service Restaurants,Public_transport,Public_transport
32972,51,Senior,90913,Very High,1_person,living_alone,1,F&B Eatery/Full-Service Restaurants,Car,Car
7896,24,Young Adult,72730,High,1_person,living_alone,0,F&B Eatery/Full-Service Restaurants,Public_transport,Walking
9833,20,Young Adult,8858,Low,1_person,living_alone,1,F&B Eatery/Limited-Service Restaurants,Car,Walking
34782,56,Senior,8561,Low,3_person,married_couple,2,F&B Eatery/Full-Service Restaurants,Public_transport,Car
60597,73,Elderly,9283,Low,6_person,married_couple,2,F&B Eatery/Full-Service Restaurants,Walking,Car
28047,60,Senior,21092,Low,2_person,married_couple,1,F&B Eatery/Snack and Nonalcoholic Beverage Bars,Car,Car
32591,31,Adult,47457,Moderate,2_person,nonfamily_single,2,F&B Eatery/Full-Service Restaurants,Car,Car
50057,55,Senior,0,Debt,3_person,married_couple,2,F&B Eatery/Full-Service Restaurants,Car,Car
17015,55,Senior,0,Debt,3_person,family_single,1,F&B Eatery/Full-Service Restaurants,Car,Car
8461,23,Young Adult,73822,High,3_person,nonfamily_single,2,F&B Eatery/Snack and Nonalcoholic Beverage Bars,Car,Walking
19675,25,Young Adult,217910,Ultra High,3_person,nonfamily_single,1,F&B Eatery/Drinking Places,Walking,Walking
34742,26,Young Adult,43218,Moderate,3_person,nonfamily_single,3_plus,F&B Eatery/Full-Service Restaurants,Car,Car
162,43,Middle Age,18485,Low,7_plus_person,married_couple,1,F&B Eatery/Full-Service Restaurants,Car,Car
37766,28,Young Adult,72201,High,5_person,nonfamily_single,1,F&B Eatery/Snack and Nonalcoholic Beverage Bars,Public_transport,Car
65754,20,Young Adult,0,Debt,3_person,nonfamily_single,0,F&B Eatery/Limited-Service Restaurants,Walking,Walking
9557,31,Adult,73471,High,2_person,married_couple,2,F&B Eatery/Full-Service Restaurants,Public_transport,Car
27037,66,Elderly,13920,Low,2_person,family_single,1,F&B Eatery/Limited-Service Restaurants,Public_transport,Car
37481,74,Elderly,25580,Low,2_person,married_couple,1,F&B Eatery/Snack and Nonalcoholic Beverage Bars,Public_transport,Car
9067,78,Elderly,19394,Low,1_person,living_alone,1,F&B Eatery/Drinking Places,Public_transport,Car
1431,27,Young Adult,23770,Low,4_person,family_single,1,F&B Eatery/Snack and Nonalcoholic Beverage Bars,Public_transport,Car
15261,44,Middle Age,10623,Low,4_person,married_couple,2,F&B Eatery/Drinking Places,Car,Public_transport
23252,33,Adult,101115,Very High,2_person,married_couple,1,F&B Eatery/Limited-Service Restaurants,Walking,Car
45603,25,Young Adult,84368,High,4_person,nonfamily_single,2,F&B Eatery/Limited-Service Restaurants,Car,Car
62424,46,Middle Age,268924,Ultra High,4_person,married_couple,1,F&B Eatery/Snack and Nonalcoholic Beverage Bars,Walking,Car
13975,60,Senior,7273,Low,3_person,family_single,0,F&B Eatery/Full-Service Restaurants,Public_transport,Public_transport
1619,39,Adult,17328,Low,2_person,nonfamily_single,1,F&B Eatery/Full-Service Restaurants,Car,Public_transport
7710,36,Adult,95963,Very High,2_person,married_couple,1,F&B Eatery/Drinking Places,Walking,Car
7736,29,Young Adult,85507,High,2_person,nonfamily_single,1,F&B Eatery/Snack and Nonalcoholic Beverage Bars,Public_transport,Walking
37051,29,Young Adult,48621,Moderate,2_person,married_couple,0,F&B Eatery/Full-Service Restaurants,Walking,Walking
7531,30,Young Adult,30943,Moderate,3_person,nonfamily_single,0,F&B Eatery/Full-Service Restaurants,Public_transport,Walking
46907,61,Elderly,20564,Low,3_person,nonfamily_single,1,F&B Eatery/Snack and Nonalcoholic Beverage Bars,Walking,Car
17069,26,Young Adult,62260,High,3_person,nonfamily_single,3_plus,F&B Eatery/Full-Service Restaurants,Car,Car
13493,37,Adult,154717,Ultra High,1_person,living_alone,1,F&B Eatery/Full-Service Restaurants,Walking,Car
60200,58,Senior,10264,Low,1_person,living_alone,0,F&B Eatery/Full-Service Restaurants,Public_transport,Public_transport
42821,64,Elderly,10651,Low,2_person,married_couple,0,F&B Eatery/Full-Service Restaurants,Car,Public_transport
43619,26,Young Adult,31638,Moderate,2_person,nonfamily_single,2,F&B Eatery/Full-Service Restaurants,Walking,Car
3384,32,Adult,58003,Moderate,3_person,married_couple,2,F&B Eatery/Limited-Service Restaurants,Car,Car
2839,19,Young Adult,6050,Low,2_person,family_single,1,F&B Eatery/Full-Service Restaurants,Walking,Walking
29312,82,Elderly,17172,Low,2_person,married_couple,1,F&B Eatery/Full-Service Restaurants,Car,Car
65637,34,Adult,63333,High,2_person,married_couple,1,F&B Eatery/Limited-Service Restaurants,Public_transport,Car
5105,40,Adult,10546,Low,3_person,family_single,1,F&B Eatery/Limited-Service Restaurants,Public_transport,Car
56614,60,Senior,33031,Moderate,2_person,family_single,1,F&B Eatery/Snack and Nonalcoholic Beverage Bars,Car,Car
15078,72,Elderly,0,Debt,4_person,nonfamily_single,1,F&B Eatery/Full-Service Restaurants,Car,Car
29309,40,Adult,101977,Very High,2_person,nonfamily_single,1,F&B Eatery/Snack and Nonalcoholic Beverage Bars,Public_transport,Car
19715,47,Middle Age,92830,Very High,2_person,nonfamily_single,1,F&B Eatery/Full-Service Restaurants,Walking,Car
26201,37,Adult,1060652,Ultra High,2_person,married_couple,2,F&B Eatery/Limited-Service Restaurants,Public_transport,Car
48709,56,Senior,19899,Low,1_person,living_alone,1,F&B Eatery/Full-Service Restaurants,Walking,Car
43363,27,Young Adult,58003,Moderate,2_person,married_couple,2,F&B Eatery/Snack and Nonalcoholic Beverage Bars,Public_transport,Car
55556,24,Young Adult,12022,Low,3_person,family_single,0,F&B Eatery/Full-Service Restaurants,Public_transport,Walking
25279,55,Senior,21468,Low,2_person,family_single,0,F&B Eatery/Snack and Nonalcoholic Beverage Bars,Public_transport,Public_transport
48201,32,Adult,80453,High,3_person,married_couple,3_plus,F&B Eatery/Full-Service Restaurants,Car,Car
64404,60,Senior,80508,High,3_person,married_couple,3_plus,F&B Eatery/Full-Service Restaurants,Car,Public_transport
2096,19,Young Adult,0,Debt,5_person,married_couple,1,F&B Eatery/Limited-Service Restaurants,Car,Public_transport
42963,39,Adult,291598,Ultra High,2_person,nonfamily_single,2,F&B Eatery/Full-Service Restaurants,Car,Car
22436,44,Middle Age,26817,Low,3_person,married_couple,2,F&B Eatery/Snack and Nonalcoholic Beverage Bars,Car,Car
7999,19,Young Adult,0,Debt,3_person,nonfamily_single,0,F&B Eatery/Snack and Nonalcoholic Beverage Bars,Walking,Walking
62812,25,Young Adult,36497,Moderate,3_person,nonfamily_single,2,F&B Eatery/Full-Service Restaurants,Walking,Car
29252,75,Elderly,14448,Low,2_person,family_single,0,F&B Eatery/Drinking Places,Public_transport,Walking
16370,59,Senior,42184,Moderate,2_person,nonfamily_single,1,F&B Eatery/Limited-Service Restaurants,Walking,Car
5017,26,Young Adult,84368,High,3_person,nonfamily_single,3_plus,F&B Eatery/Full-Service Restaurants,Walking,Car
64813,32,Adult,112712,Very High,2_person,nonfamily_single,1,F&B Eatery/Snack and Nonalcoholic Beverage Bars,Public_transport,Car
25122,23,Young Adult,41258,Moderate,4_person,married_couple,3_plus,F&B Eatery/Full-Service Restaurants,Car,Car
17833,21,Young Adult,0,Debt,4_person,married_couple,3_plus,F&B Eatery/Limited-Service Restaurants,Public_transport,Car
61330,72,Elderly,0,Debt,4_person,family_single,2,F&B Eatery/Drinking Places,Car,Car
23284,23,Young Adult,4937,Low,6_person,family_single,1,F&B Eatery/Snack and Nonalcoholic Beverage Bars,Public_transport,Public_transport
18994,32,Adult,99132,Very High,1_person,living_alone,0,F&B Eatery/Snack and Nonalcoholic Beverage Bars,Walking,Walking
18284,22,Young Adult,43218,Moderate,3_person,family_single,0,F&B Eatery/Snack and Nonalcoholic Beverage Bars,Walking,Walking
24570,30,Young Adult,58792,Moderate,2_person,married_couple,2,F&B Eatery/Drinking Places,Walking,Car
53072,21,Young Adult,0,Debt,5_person,married_couple,1,F&B Eatery/Limited-Service Restaurants,Car,Public_transport
35525,64,Elderly,90913,Very High,2_person,married_couple,1,F&B Eatery/Snack and Nonalcoholic Beverage Bars,Car,Car
63468,43,Middle Age,44226,Moderate,3_person,family_single,2,F&B Eatery/Full-Service Restaurants,Car,Public_transport
32373,52,Senior,51572,Moderate,1_person,living_alone,0,F&B Eatery/Snack and Nonalcoholic Beverage Bars,Walking,Public_transport
6397,33,Adult,0,Debt,5_person,married_couple,1,F&B Eatery/Full-Service Restaurants,Car,Car
42845,61,Elderly,216094,Ultra High,1_person,living_alone,2,F&B Eatery/Full-Service Restaurants,Car,Car
28272,34,Adult,121217,Ultra High,2_person,married_couple,2,F&B Eatery/Full-Service Restaurants,Walking,Car
46698,75,Elderly,7323,Low,1_person,living_alone,0,F&B Eatery/Snack and Nonalcoholic Beverage Bars,Walking,Walking
54220,29,Young Adult,20528,Low,2_person,family_single,2,F&B Eatery/Drinking Places,Walking,Walking
46850,61,Elderly,42224,Moderate,4_person,married_couple,1,F&B Eatery/Snack and Nonalcoholic Beverage Bars,Walking,Car
34865,28,Young Adult,0,Debt,1_person,living_alone,1,F&B Eatery/Limited-Service Restaurants,Walking,Walking
8329,25,Young Adult,44299,Moderate,2_person,nonfamily_single,1,F&B Eatery/Limited-Service Restaurants,Walking,Car
30268,43,Middle Age,55557,Moderate,1_person,living_alone,1,F&B Eatery/Limited-Service Restaurants,Public_transport,Walking
57843,58,Senior,44765,Moderate,4_person,married_couple,2,F&B Eatery/Full-Service Restaurants,Car,Car
54776,80,Elderly,22357,Low,5_person,family_single,2,F&B Eatery/Limited-Service Restaurants,Car,Car
41796,38,Adult,642078,Ultra High,2_person,married_couple,1,F&B Eatery/Snack and Nonalcoholic Beverage Bars,Public_transport,Car
3471,35,Adult,131318,Ultra High,6_person,married_couple,3_plus,F&B Eatery/Full-Service Restaurants,Car,Car
45657,29,Young Adult,47231,Moderate,2_person,nonfamily_single,0,F&B Eatery/Full-Service Restaurants,Walking,Walking
14472,45,Middle Age,40405,Moderate,4_person,married_couple,2,F&B Eatery/Full-Service Restaurants,Walking,Car
48998,53,Senior,48621,Moderate,4_person,married_couple,1,F&B Eatery/Snack and Nonalcoholic Beverage Bars,Public_transport,Public_transport
57418,48,Middle Age,0,Debt,3_person,family_single,2,F&B Eatery/Limited-Service Restaurants,Car,Car
51323,41,Middle Age,26365,Low,3_person,married_couple,2,F&B Eatery/Full-Service Restaurants,Car,Car
18509,34,Adult,40683,Moderate,6_person,married_couple,2,F&B Eatery/Full-Service Restaurants,Car,Car
30254,42,Middle Age,48478,Moderate,3_person,family_single,1,F&B Eatery/Full-Service Restaurants,Car,Car
34501,51,Senior,36365,Moderate,4_person,married_couple,3_plus,F&B Eatery/Snack and Nonalcoholic Beverage Bars,Car,Public_transport
57742,74,Elderly,294232,Ultra High,1_person,living_alone,0,F&B Eatery/Limited-Service Restaurants,Walking,Public_transport
18394,26,Young Adult,91799,Very High,2_person,nonfamily_single,2,F&B Eatery/Full-Service Restaurants,Car,Car
62510,59,Senior,22223,Low,2_person,married_couple,0,F&B Eatery/Snack and Nonalcoholic Beverage Bars,Walking,Public_transport
30447,39,Adult,21468,Low,4_person,married_couple,2,F&B Eatery/Full-Service Restaurants,Car,Car
67168,36,Adult,51862,Moderate,2_person,nonfamily_single,1,F&B Eatery/Snack and Nonalcoholic Beverage Bars,Car,Car
34051,25,Young Adult,70710,High,2_person,nonfamily_single,1,F&B Eatery/Snack and Nonalcoholic Beverage Bars,Walking,Walking
45253,22,Young Adult,381074,Ultra High,5_person,nonfamily_single,2,F&B Eatery/Snack and Nonalcoholic Beverage Bars,Public_transport,Car
59792,31,Adult,303043,Ultra High,1_person,living_alone,1,F&B Eatery/Drinking Places,Car,Car
12448,30,Young Adult,34344,Moderate,7_plus_person,nonfamily_single,3_plus,F&B Eatery/Limited-Service Restaurants,Walking,Car
10028,62,Elderly,10546,Low,4_person,married_couple,1,F&B Eatery/Drinking Places,Car,Car
21621,49,Middle Age,221467,Ultra High,1_person,living_alone,0,F&B Eatery/Limited-Service Restaurants,Walking,Walking
33787,49,Middle Age,0,Debt,4_person,married_couple,3_plus,F&B Eatery/Full-Service Restaurants,Car,Car
16184,61,Elderly,478791,Ultra High,2_person,married_couple,1,F&B Eatery/Full-Service Restaurants,Car,Car
46026,21,Young Adult,4508,Low,4_person,nonfamily_single,1,F&B Eatery/Snack and Nonalcoholic Beverage Bars,Walking,Car
9518,24,Young Adult,75632,High,1_person,living_alone,0,F&B Eatery/Snack and Nonalcoholic Beverage Bars,Public_transport,Walking
27386,33,Adult,158190,Ultra High,1_person,living_alone,1,F&B Eatery/Full-Service Restaurants,Walking,Car
25051,27,Young Adult,94914,Very High,2_person,nonfamily_single,2,F&B Eatery/Limited-Service Restaurants,Public_transport,Car
19194,55,Senior,31638,Moderate,2_person,nonfamily_single,1,F&B Eatery/Full-Service Restaurants,Car,Car
50288,30,Young Adult,47339,Moderate,2_person,married_couple,1,F&B Eatery/Snack and Nonalcoholic Beverage Bars,Car,Car
1651,41,Middle Age,8788,Low,3_person,family_single,1,F&B Eatery/Full-Service Restaurants,Car,Car
33598,21,Young Adult,0,Debt,5_person,nonfamily_single,3_plus,F&B Eatery/Full-Service Restaurants,Walking,Car
33937,53,Senior,0,Debt,2_person,married_couple,1,F&B Eatery/Snack and Nonalcoholic Beverage Bars,Car,Car
10720,28,Young Adult,90759,Very High,4_person,nonfamily_single,2,F&B Eatery/Full-Service Restaurants,Public_transport,Car
58550,26,Young Adult,61887,High,2_person,nonfamily_single,1,F&B Eatery/Full-Service Restaurants,Walking,Walking
6256,31,Adult,19697,Low,2_person,nonfamily_single,0,F&B Eatery/Full-Service Restaurants,Walking,Walking
28854,40,Adult,183559,Ultra High,1_person,living_alone,1,F&B Eatery/Snack and Nonalcoholic Beverage Bars,Walking,Car
5469,67,Elderly,13333,Low,2_person,married_couple,2,F&B Eatery/Full-Service Restaurants,Car,Car
29411,47,Middle Age,0,Debt,2_person,family_single,0,F&B Eatery/Snack and Nonalcoholic Beverage Bars,Car,Walking
16044,32,Adult,72994,High,4_person,family_single,0,F&B Eatery/Limited-Service Restaurants,Public_transport,Public_transport
66226,23,Young Adult,53672,Moderate,3_person,nonfamily_single,2,F&B Eatery/Limited-Service Restaurants,Walking,Car
10258,19,Young Adult,0,Debt,2_person,family_single,0,F&B Eatery/Limited-Service Restaurants,Walking,Walking
48831,42,Middle Age,0,Debt,3_person,married_couple,1,F&B Eatery/Full-Service Restaurants,Car,Car
50019,19,Young Adult,0,Debt,4_person,nonfamily_single,0,F&B Eatery/Full-Service Restaurants,Walking,Walking
43934,71,Elderly,11178,Low,2_person,married_couple,1,F&B Eatery/Snack and Nonalcoholic Beverage Bars,Car,Car
13428,25,Young Adult,48305,Moderate,6_person,married_couple,3_plus,F&B Eatery/Limited-Service Restaurants,Walking,Walking
37861,47,Middle Age,42184,Moderate,5_person,married_couple,2,F&B Eatery/Full-Service Restaurants,Car,Car
21817,83,Elderly,499516,Ultra High,2_person,married_couple,0,F&B Eatery/Full-Service Restaurants,Car,Public_transport
541,40,Adult,43436,Moderate,4_person,married_couple,2,F&B Eatery/Limited-Service Restaurants,Car,Public_transport
62539,45,Middle Age,131318,Ultra High,3_person,married_couple,0,F&B Eatery/Snack and Nonalcoholic Beverage Bars,Walking,Walking
42092,44,Middle Age,42937,Moderate,1_person,living_alone,1,F&B Eatery/Drinking Places,Public_transport,Walking
49815,32,Adult,246893,Ultra High,2_person,married_couple,1,F&B Eatery/Full-Service Restaurants,Walking,Car
12693,55,Senior,75141,High,6_person,married_couple,2,F&B Eatery/Full-Service Restaurants,Car,Car
55506,78,Elderly,46971,Moderate,2_person,married_couple,1,F&B Eatery/Limited-Service Restaurants,Walking,Car
5997,70,Elderly,77197,High,3_person,married_couple,3_plus,F&B Eatery/Special Food Services,Car,Car
3390,43,Middle Age,32692,Moderate,7_plus_person,family_single,1,F&B Eatery/Full-Service Restaurants,Walking,Public_transport
44848,63,Elderly,10727,Low,1_person,living_alone,1,F&B Eatery/Full-Service Restaurants,Car,Car
43922,52,Senior,0,Debt,2_person,married_couple,1,F&B Eatery/Snack and Nonalcoholic Beverage Bars,Car,Car
28731,54,Senior,14276,Low,1_person,living_alone,0,F&B Eatery/Snack and Nonalcoholic Beverage Bars,Walking,Public_transport
60603,62,Elderly,24150,Low,1_person,living_alone,1,F&B Eatery/Snack and Nonalcoholic Beverage Bars,Public_transport,Car
65768,63,Elderly,32306,Moderate,3_person,family_single,2,F&B Eatery/Limited-Service Restaurants,Car,Car
14226,87,Elderly,11036,Low,2_person,family_single,0,F&B Eatery/Snack and Nonalcoholic Beverage Bars,Walking,Walking
49745,19,Young Adult,1073,Low,2_person,nonfamily_single,0,F&B Eatery/Full-Service Restaurants,Public_transport,Walking
16029,19,Young Adult,0,Debt,2_person,nonfamily_single,0,F&B Eatery/Limited-Service Restaurants,Walking,Walking
161,40,Adult,61887,High,5_person,married_couple,2,F&B Eatery/Full-Service Restaurants,Car,Car
43543,38,Adult,303043,Ultra High,1_person,living_alone,0,F&B Eatery/Limited-Service Restaurants,Walking,Walking
11005,80,Elderly,27841,Low,3_person,nonfamily_single,1,F&B Eatery/Limited-Service Restaurants,Car,Car
36727,83,Elderly,65760,High,2_person,married_couple,1,F&B Eatery/Full-Service Restaurants,Car,Car
27523,40,Adult,15987,Low,7_plus_person,married_couple,1,F&B Eatery/Full-Service Restaurants,Public_transport,Walking
6643,32,Adult,117488,Very High,2_person,married_couple,2,F&B Eatery/Full-Service Restaurants,Walking,Car
29750,49,Middle Age,90696,Very High,5_person,married_couple,3_plus,F&B Eatery/Snack and Nonalcoholic Beverage Bars,Car,Car
23225,59,Senior,74067,High,1_person,living_alone,1,F&B Eatery/Snack and Nonalcoholic Beverage Bars,Walking,Car
53583,67,Elderly,89030,High,1_person,living_alone,1,F&B Eatery/Full-Service Restaurants,Car,Car
48868,40,Adult,73471,High,1_person,living_alone,1,F&B Eatery/Drinking Places,Walking,Car
16087,49,Middle Age,102296,Very High,6_person,married_couple,3_plus,F&B Eatery/Full-Service Restaurants,Walking,Public_transport
3586,53,Senior,85357,High,3_person,married_couple,1,F&B Eatery/Snack and Nonalcoholic Beverage Bars,Public_transport,Car
29197,42,Middle Age,4723,Low,1_person,living_alone,1,F&B Eatery/Snack and Nonalcoholic Beverage Bars,Walking,Car
36060,30,Young Adult,56892,Moderate,2_person,nonfamily_single,1,F&B Eatery/Snack and Nonalcoholic Beverage Bars,Public_transport,Car
2563,67,Elderly,7426,Low,2_person,married_couple,1,F&B Eatery/Full-Service Restaurants,Public_transport,Car
43590,31,Adult,19185,Low,2_person,married_couple,2,F&B Eatery/Limited-Service Restaurants,Public_transport,Walking
27766,29,Young Adult,71720,High,2_person,married_couple,0,F&B Eatery/Full-Service Restaurants,Walking,Public_transport
65408,49,Middle Age,129656,Ultra High,5_person,married_couple,1,F&B Eatery/Full-Service Restaurants,Public_transport,Car
65268,35,Adult,49509,Moderate,5_person,family_single,3_plus,F&B Eatery/Snack and Nonalcoholic Beverage Bars,Car,Walking
37804,57,Senior,46402,Moderate,2_person,nonfamily_single,1,F&B Eatery/Full-Service Restaurants,Car,Car
33848,22,Young Adult,20202,Low,3_person,nonfamily_single,1,F&B Eatery/Limited-Service Restaurants,Walking,Walking
61627,29,Young Adult,95969,Very High,2_person,nonfamily_single,0,F&B Eatery/Full-Service Restaurants,Public_transport,Walking
38659,25,Young Adult,40405,Moderate,6_person,nonfamily_single,0,F&B Eatery/Snack and Nonalcoholic Beverage Bars,Walking,Walking
64429,25,Young Adult,94914,Very High,2_person,married_couple,1,F&B Eatery/Limited-Service Restaurants,Public_transport,Walking
26661,76,Elderly,23623,Low,3_person,married_couple,3_plus,F&B Eatery/Full-Service Restaurants,Car,Car
14537,63,Elderly,170189,Ultra High,1_person,living_alone,1,F&B Eatery/Full-Service Restaurants,Car,Car
59796,78,Elderly,288757,Ultra High,2_person,married_couple,2,F&B Eatery/Drinking Places,Car,Car
54118,34,Adult,0,Debt,4_person,married_couple,2,F&B Eatery/Full-Service Restaurants,Car,Car
2023,37,Adult,234242,Ultra High,2_person,married_couple,1,F&B Eatery/Limited-Service Restaurants,Walking,Car
13109,32,Adult,35355,Moderate,2_person,family_single,0,F&B Eatery/Limited-Service Restaurants,Walking,Walking
38356,38,Adult,84246,High,4_person,married_couple,2,F&B Eatery/Full-Service Restaurants,Car,Car
7909,34,Adult,159602,Ultra High,2_person,married_couple,1,F&B Eatery/Drinking Places,Car,Car
66615,17,Teen,0,Debt,6_person,married_couple,3_plus,F&B Eatery/Drinking Places,Car,Car
23705,77,Elderly,150410,Ultra High,2_person,married_couple,3_plus,F&B Eatery/Full-Service Restaurants,Car,Car
49378,37,Adult,66553,High,3_person,married_couple,2,F&B Eatery/Full-Service Restaurants,Walking,Car
1013,28,Young Adult,0,Debt,2_person,nonfamily_single,0,F&B Eatery/Limited-Service Restaurants,Walking,Walking
47639,31,Adult,51525,Moderate,5_person,married_couple,1,F&B Eatery/Snack and Nonalcoholic Beverage Bars,Walking,Public_transport
18313,44,Middle Age,56892,Moderate,3_person,married_couple,2,F&B Eatery/Full-Service Restaurants,Car,Public_transport
42003,31,Adult,0,Debt,2_person,nonfamily_single,0,F&B Eatery/Full-Service Restaurants,Public_transport,Walking
38019,21,Young Adult,0,Debt,3_person,nonfamily_single,0,F&B Eatery/Full-Service Restaurants,Walking,Walking
9596,28,Young Adult,64981,High,3_person,married_couple,1,F&B Eatery/Full-Service Restaurants,Car,Walking
65134,52,Senior,639500,Ultra High,1_person,living_alone,1,F&B Eatery/Full-Service Restaurants,Walking,Car
34947,69,Elderly,79318,High,6_person,married_couple,2,F&B Eatery/Snack and Nonalcoholic Beverage Bars,Car,Car
17081,57,Senior,7220,Low,1_person,living_alone,0,F&B Eatery/Limited-Service Restaurants,Car,Public_transport
50276,27,Young Adult,40405,Moderate,5_person,married_couple,2,F&B Eatery/Limited-Service Restaurants,Public_transport,Car
23762,95,Elderly,7593,Low,7_plus_person,family_single,3_plus,F&B Eatery/Snack and Nonalcoholic Beverage Bars,Car,Car
12087,78,Elderly,12965,Low,2_person,married_couple,1,F&B Eatery/Full-Service Restaurants,Walking,Car
54341,24,Young Adult,70230,High,3_person,nonfamily_single,1,F&B Eatery/Full-Service Restaurants,Public_transport,Walking
5110,74,Elderly,7273,Low,1_person,living_alone,1,F&B Eatery/Drinking Places,Car,Car
24286,36,Adult,633360,Ultra High,3_person,married_couple,2,F&B Eatery/Full-Service Restaurants,Walking,Car
34546,57,Senior,113459,Very High,1_person,living_alone,0,F&B Eatery/Full-Service Restaurants,Public_transport,Public_transport
36751,47,Middle Age,59824,Moderate,3_person,married_couple,1,F&B Eatery/Limited-Service Restaurants,Car,Car
51786,35,Adult,186692,Ultra High,5_person,married_couple,3_plus,F&B Eatery/Full-Service Restaurants,Car,Car
15379,50,Middle Age,73822,High,1_person,living_alone,1,F&B Eatery/Full-Service Restaurants,Public_transport,Car
23928,36,Adult,30583,Moderate,4_person,married_couple,0,F&B Eatery/Limited-Service Restaurants,Public_transport,Public_transport
40372,46,Middle Age,173954,Ultra High,2_person,family_single,1,F&B Eatery/Full-Service Restaurants,Public_transport,Car
19873,22,Young Adult,0,Debt,3_person,nonfamily_single,1,F&B Eatery/Limited-Service Restaurants,Car,Walking
13944,51,Senior,107344,Very High,1_person,living_alone,1,F&B Eatery/Full-Service Restaurants,Car,Car
50189,35,Adult,5363,Low,4_person,married_couple,1,F&B Eatery/Limited-Service Restaurants,Public_transport,Public_transport
63437,68,Elderly,1404,Low,7_plus_person,family_single,2,F&B Eatery/Drinking Places,Public_transport,Car
26832,58,Senior,19448,Low,1_person,living_alone,0,F&B Eatery/Limited-Service Restaurants,Walking,Public_transport
35851,50,Middle Age,8889,Low,7_plus_person,nonfamily_single,0,F&B Eatery/Snack and Nonalcoholic Beverage Bars,Public_transport,Public_transport
10805,60,Senior,29528,Low,2_person,married_couple,2,F&B Eatery/Limited-Service Restaurants,Car,Car
57657,26,Young Adult,51572,Moderate,2_person,married_couple,1,F&B Eatery/Full-Service Restaurants,Walking,Car
19033,31,Adult,0,Debt,3_person,married_couple,1,F&B Eatery/Full-Service Restaurants,Car,Car
43241,25,Young Adult,16101,Low,3_person,family_single,1,F&B Eatery/Snack and Nonalcoholic Beverage Bars,Car,Walking
47701,55,Senior,43218,Moderate,2_person,married_couple,0,F&B Eatery/Full-Service Restaurants,Car,Public_transport
19363,42,Middle Age,13613,Low,5_person,married_couple,1,F&B Eatery/Drinking Places,Car,Car
51699,26,Young Adult,0,Debt,1_person,living_alone,1,F&B Eatery/Limited-Service Restaurants,Public_transport,Walking
66889,50,Middle Age,31314,Moderate,2_person,married_couple,2,F&B Eatery/Limited-Service Restaurants,Public_transport,Public_transport
37900,60,Senior,66881,High,5_person,married_couple,3_plus,F&B Eatery/Full-Service Restaurants,Walking,Public_transport
2159,73,Elderly,8587,Low,2_person,family_single,1,F&B Eatery/Full-Service Restaurants,Public_transport,Car
31656,43,Middle Age,206290,Ultra High,2_person,married_couple,2,F&B Eatery/Full-Service Restaurants,Public_transport,Car
11329,30,Young Adult,126552,Ultra High,3_person,married_couple,3_plus,F&B Eatery/Full-Service Restaurants,Walking,Car
25498,37,Adult,141420,Ultra High,4_person,married_couple,2,F&B Eatery/Snack and Nonalcoholic Beverage Bars,Car,Public_transport
14042,33,Adult,0,Debt,4_person,married_couple,1,F&B Eatery/Snack and Nonalcoholic Beverage Bars,Car,Car
14566,35,Adult,361008,Ultra High,2_person,married_couple,2,F&B Eatery/Snack and Nonalcoholic Beverage Bars,Walking,Car
39213,20,Young Adult,0,Debt,3_person,nonfamily_single,0,F&B Eatery/Snack and Nonalcoholic Beverage Bars,Walking,Walking
36735,79,Elderly,10124,Low,1_person,living_alone,2,F&B Eatery/Full-Service Restaurants,Walking,Car
34196,43,Middle Age,144403,Ultra High,5_person,married_couple,1,F&B Eatery/Limited-Service Restaurants,Public_transport,Car
3081,69,Elderly,16970,Low,1_person,living_alone,1,F&B Eatery/Snack and Nonalcoholic Beverage Bars,Car,Car
2520,57,Senior,35763,Moderate,1_person,living_alone,1,F&B Eatery/Drinking Places,Car,Car
44522,23,Young Adult,12655,Low,2_person,nonfamily_single,1,F&B Eatery/Full-Service Restaurants,Car,Walking
57185,71,Elderly,8081,Low,2_person,married_couple,0,F&B Eatery/Limited-Service Restaurants,Public_transport,Public_transport
29545,20,Young Adult,9491,Low,4_person,family_single,0,F&B Eatery/Full-Service Restaurants,Public_transport,Walking
42815,65,Elderly,49497,Moderate,1_person,living_alone,0,F&B Eatery/Limited-Service Restaurants,Public_transport,Public_transport
21727,61,Elderly,12274,Low,1_person,living_alone,0,F&B Eatery/Limited-Service Restaurants,Public_transport,Walking
62946,31,Adult,248508,Ultra High,1_person,living_alone,1,F&B Eatery/Full-Service Restaurants,Car,Car
65678,27,Young Adult,70912,High,2_person,nonfamily_single,1,F&B Eatery/Snack and Nonalcoholic Beverage Bars,Public_transport,Walking
38787,26,Young Adult,0,Debt,4_person,married_couple,1,F&B Eatery/Snack and Nonalcoholic Beverage Bars,Car,Car
16832,25,Young Adult,22542,Low,3_person,nonfamily_single,0,F&B Eatery/Full-Service Restaurants,Car,Walking
49666,31,Adult,65659,High,4_person,nonfamily_single,3_plus,F&B Eatery/Drinking Places,Public_transport,Car
25860,51,Senior,90913,Very High,1_person,living_alone,1,F&B Eatery/Snack and Nonalcoholic Beverage Bars,Car,Car
55147,19,Young Adult,0,Debt,3_person,married_couple,1,F&B Eatery/Full-Service Restaurants,Public_transport,Public_transport
22656,26,Young Adult,40405,Moderate,3_person,family_single,0,F&B Eatery/Snack and Nonalcoholic Beverage Bars,Public_transport,Walking
65095,18,Teen,5454,Low,2_person,family_single,1,F&B Eatery/Drinking Places,Walking,Walking
36495,18,Teen,3220,Low,4_person,nonfamily_single,1,F&B Eatery/Full-Service Restaurants,Public_transport,Car
56505,36,Adult,123446,Ultra High,2_person,family_single,2,F&B Eatery/Limited-Service Restaurants,Car,Walking
41321,24,Young Adult,30304,Moderate,3_person,nonfamily_single,0,F&B Eatery/Full-Service Restaurants,Public_transport,Walking
22663,58,Senior,30304,Moderate,2_person,married_couple,1,F&B Eatery/Full-Service Restaurants,Public_transport,Car
29806,56,Senior,8990,Low,7_plus_person,family_single,1,F&B Eatery/Limited-Service Restaurants,Car,Walking
36068,29,Young Adult,80811,High,1_person,living_alone,1,F&B Eatery/Full-Service Restaurants,Walking,Walking
56447,90,Elderly,14046,Low,1_person,living_alone,0,F&B Eatery/Drinking Places,Public_transport,Walking
9496,54,Senior,58792,Moderate,2_person,family_single,3_plus,F&B Eatery/Limited-Service Restaurants,Walking,Car
64878,26,Young Adult,34575,Moderate,3_person,nonfamily_single,1,F&B Eatery/Limited-Service Restaurants,Public_transport,Car
39019,65,Elderly,68069,High,6_person,married_couple,3_plus,F&B Eatery/Full-Service Restaurants,Public_transport,Car
5926,26,Young Adult,59425,Moderate,2_person,nonfamily_single,2,F&B Eatery/Snack and Nonalcoholic Beverage Bars,Public_transport,Car
29725,33,Adult,51572,Moderate,3_person,married_couple,1,F&B Eatery/Full-Service Restaurants,Public_transport,Car
51612,32,Adult,60112,High,3_person,nonfamily_single,1,F&B Eatery/Full-Service Restaurants,Public_transport,Car
16406,26,Young Adult,72730,High,3_person,nonfamily_single,1,F&B Eatery/Limited-Service Restaurants,Car,Walking
18450,63,Elderly,0,Debt,5_person,married_couple,1,F&B Eatery/Full-Service Restaurants,Car,Car
18037,74,Elderly,0,Debt,3_person,family_single,1,F&B Eatery/Snack and Nonalcoholic Beverage Bars,Walking,Car
8894,23,Young Adult,10727,Low,4_person,family_single,3_plus,F&B Eatery/Full-Service Restaurants,Public_transport,Walking
8706,26,Young Adult,134989,Ultra High,1_person,living_alone,1,F&B Eatery/Full-Service Restaurants,Walking,Walking
60087,25,Young Adult,36389,Moderate,5_person,nonfamily_single,0,F&B Eatery/Limited-Service Restaurants,Public_transport,Public_transport
1376,76,Elderly,11655,Low,1_person,living_alone,2,F&B Eatery/Full-Service Restaurants,Walking,Car
1724,26,Young Adult,30943,Moderate,5_person,nonfamily_single,1,F&B Eatery/Full-Service Restaurants,Public_transport,Car
27044,51,Senior,27011,Low,3_person,family_single,0,F&B Eatery/Full-Service Restaurants,Walking,Public_transport
3754,28,Young Adult,40405,Moderate,2_person,married_couple,0,F&B Eatery/Full-Service Restaurants,Public_transport,Walking
43285,79,Elderly,18982,Low,2_person,married_couple,1,F&B Eatery/Full-Service Restaurants,Public_transport,Car
57804,27,Young Adult,56729,Moderate,3_person,nonfamily_single,1,F&B Eatery/Limited-Service Restaurants,Walking,Car
29739,35,Adult,0,Debt,3_person,married_couple,1,F&B Eatery/Full-Service Restaurants,Walking,Car
20567,39,Adult,151521,Ultra High,1_person,living_alone,1,F&B Eatery/Limited-Service Restaurants,Public_transport,Car
46486,17,Teen,0,Debt,7_plus_person,married_couple,1,F&B Eatery/Full-Service Restaurants,Walking,Car
36850,25,Young Adult,103145,Very High,2_person,family_single,2,F&B Eatery/Full-Service Restaurants,Public_transport,Public_transport
26062,45,Middle Age,0,Debt,2_person,family_single,1,F&B Eatery/Full-Service Restaurants,Public_transport,Car
44638,52,Senior,84372,High,2_person,married_couple,2,F&B Eatery/Limited-Service Restaurants,Car,Car
48689,24,Young Adult,19288,Low,3_person,nonfamily_single,2,F&B Eatery/Snack and Nonalcoholic Beverage Bars,Public_transport,Walking
24858,31,Adult,0,Debt,3_person,married_couple,1,F&B Eatery/Full-Service Restaurants,Car,Car
55731,42,Middle Age,101014,Very High,6_person,married_couple,1,F&B Eatery/Limited-Service Restaurants,Car,Public_transport
53710,46,Middle Age,84579,High,4_person,married_couple,1,F&B Eatery/Full-Service Restaurants,Car,Car
45268,28,Young Adult,7698,Low,1_person,living_alone,0,F&B Eatery/Limited-Service Restaurants,Public_transport,Walking
64028,57,Senior,38644,Moderate,2_person,married_couple,1,F&B Eatery/Limited-Service Restaurants,Public_transport,Car
13057,60,Senior,68549,High,3_person,married_couple,0,F&B Eatery/Snack and Nonalcoholic Beverage Bars,Public_transport,Public_transport
19921,19,Young Adult,0,Debt,3_person,nonfamily_single,0,F&B Eatery/Full-Service Restaurants,Walking,Walking
48908,35,Adult,10546,Low,2_person,family_single,1,F&B Eatery/Full-Service Restaurants,Car,Car
28444,26,Young Adult,79095,High,2_person,nonfamily_single,1,F&B Eatery/Full-Service Restaurants,Public_transport,Walking
23387,33,Adult,36365,Moderate,2_person,married_couple,1,F&B Eatery/Full-Service Restaurants,Car,Car
43541,51,Senior,38644,Moderate,3_person,married_couple,2,F&B Eatery/Full-Service Restaurants,Public_transport,Car
58712,23,Young Adult,0,Debt,3_person,nonfamily_single,1,F&B Eatery/Snack and Nonalcoholic Beverage Bars,Car,Walking
20714,23,Young Adult,4218,Low,4_person,family_single,1,F&B Eatery/Full-Service Restaurants,Car,Car
58005,22,Young Adult,8643,Low,5_person,married_couple,1,F&B Eatery/Snack and Nonalcoholic Beverage Bars,Public_transport,Public_transport
57941,25,Young Adult,39824,Moderate,1_person,living_alone,0,F&B Eatery/Full-Service Restaurants,Walking,Walking
28927,43,Middle Age,91243,Very High,1_person,living_alone,1,F&B Eatery/Limited-Service Restaurants,Walking,Car
63690,19,Young Adult,0,Debt,3_person,nonfamily_single,0,F&B Eatery/Full-Service Restaurants,Public_transport,Walking
42719,32,Adult,77358,High,2_person,nonfamily_single,2,F&B Eatery/Full-Service Restaurants,Public_transport,Car
14571,54,Senior,11593,Low,1_person,living_alone,0,F&B Eatery/Drinking Places,Public_transport,Public_transport
29334,29,Young Adult,86437,High,1_person,living_alone,1,F&B Eatery/Snack and Nonalcoholic Beverage Bars,Car,Walking
17030,20,Young Adult,0,Debt,5_person,married_couple,1,F&B Eatery/Snack and Nonalcoholic Beverage Bars,Car,Public_transport
55533,55,Senior,108047,Very High,2_person,married_couple,1,F&B Eatery/Drinking Places,Walking,Car
23911,28,Young Adult,37570,Moderate,3_person,nonfamily_single,1,F&B Eatery/Full-Service Restaurants,Public_transport,Car
33069,65,Elderly,0,Debt,4_person,married_couple,0,F&B Eatery/Full-Service Restaurants,Public_transport,Public_transport
14215,50,Middle Age,26365,Low,3_person,family_single,1,F&B Eatery/Snack and Nonalcoholic Beverage Bars,Public_transport,Car
15997,63,Elderly,91839,Very High,2_person,married_couple,2,F&B Eatery/Full-Service Restaurants,Walking,Car
60052,48,Middle Age,0,Debt,4_person,married_couple,1,F&B Eatery/Full-Service Restaurants,Car,Car
39933,49,Middle Age,84368,High,4_person,married_couple,2,F&B Eatery/Full-Service Restaurants,Public_transport,Car
28044,39,Adult,95189,Very High,2_person,married_couple,1,F&B Eatery/Full-Service Restaurants,Public_transport,Car
65427,26,Young Adult,48080,Moderate,4_person,nonfamily_single,0,F&B Eatery/Full-Service Restaurants,Car,Walking
56849,20,Young Adult,0,Debt,3_person,nonfamily_single,2,F&B Eatery/Full-Service Restaurants,Car,Walking
43950,30,Young Adult,126552,Ultra High,3_person,married_couple,3_plus,F&B Eatery/Drinking Places,Car,Car
50408,31,Adult,92830,Very High,2_person,married_couple,2,F&B Eatery/Snack and Nonalcoholic Beverage Bars,Public_transport,Car
37643,20,Young Adult,2062,Low,4_person,family_single,1,F&B Eatery/Full-Service Restaurants,Public_transport,Car
10736,23,Young Adult,3220,Low,3_person,nonfamily_single,0,F&B Eatery/Full-Service Restaurants,Walking,Walking
49190,47,Middle Age,8251,Low,2_person,nonfamily_single,1,F&B Eatery/Limited-Service Restaurants,Walking,Car
48758,27,Young Adult,107344,Very High,2_person,married_couple,2,F&B Eatery/Snack and Nonalcoholic Beverage Bars,Car,Walking
54493,28,Young Adult,21092,Low,7_plus_person,family_single,3_plus,F&B Eatery/Full-Service Restaurants,Public_transport,Car
58911,27,Young Adult,82516,High,2_person,nonfamily_single,1,F&B Eatery/Snack and Nonalcoholic Beverage Bars,Walking,Walking
30841,24,Young Adult,17180,Low,3_person,nonfamily_single,1,F&B Eatery/Full-Service Restaurants,Public_transport,Walking
12258,28,Young Adult,37375,Moderate,2_person,nonfamily_single,0,F&B Eatery/Limited-Service Restaurants,Public_transport,Walking
61332,67,Elderly,132897,Ultra High,2_person,married_couple,2,F&B Eatery/Full-Service Restaurants,Walking,Car
56183,65,Elderly,54131,Moderate,2_person,married_couple,1,F&B Eatery/Full-Service Restaurants,Public_transport,Car
18544,88,Elderly,36087,Moderate,3_person,family_single,1,F&B Eatery/Full-Service Restaurants,Car,Car
33453,24,Young Adult,3490,Low,7_plus_person,nonfamily_single,0,F&B Eatery/Full-Service Restaurants,Public_transport,Walking
64946,34,Adult,53672,Moderate,1_person,living_alone,1,F&B Eatery/Drinking Places,Walking,Car
66292,38,Adult,31638,Moderate,5_person,married_couple,2,F&B Eatery/Snack and Nonalcoholic Beverage Bars,Public_transport,Car
11435,87,Elderly,0,Debt,5_person,married_couple,2,F&B Eatery/Snack and Nonalcoholic Beverage Bars,Public_transport,Car
46804,25,Young Adult,108047,Very High,2_person,nonfamily_single,1,F&B Eatery/Snack and Nonalcoholic Beverage Bars,Public_transport,Car
14291,29,Young Adult,52,Low,3_person,family_single,0,F&B Eatery/Full-Service Restaurants,Public_transport,Walking
2461,65,Elderly,11163,Low,1_person,living_alone,0,F&B Eatery/Snack and Nonalcoholic Beverage Bars,Public_transport,Walking
12275,52,Senior,639500,Ultra High,5_person,married_couple,3_plus,F&B Eatery/Snack and Nonalcoholic Beverage Bars,Car,Public_transport
27413,49,Middle Age,8990,Low,7_plus_person,married_couple,1,F&B Eatery/Full-Service Restaurants,Walking,Car
11889,50,Middle Age,32203,Moderate,5_person,family_single,2,F&B Eatery/Full-Service Restaurants,Car,Car
39896,44,Middle Age,6482,Low,2_person,family_single,1,F&B Eatery/Snack and Nonalcoholic Beverage Bars,Public_transport,Car
49145,25,Young Adult,0,Debt,3_person,married_couple,0,F&B Eatery/Full-Service Restaurants,Car,Walking
55419,65,Elderly,9091,Low,5_person,married_couple,2,F&B Eatery/Full-Service Restaurants,Public_transport,Car
54093,46,Middle Age,159875,Ultra High,4_person,married_couple,2,F&B Eatery/Limited-Service Restaurants,Walking,Car
38714,74,Elderly,246883,Ultra High,7_plus_person,married_couple,1,F&B Eatery/Full-Service Restaurants,Car,Car
4583,21,Young Adult,0,Debt,5_person,nonfamily_single,2,F&B Eatery/Limited-Service Restaurants,Public_transport,Car
22168,32,Adult,60608,High,4_person,nonfamily_single,1,F&B Eatery/Full-Service Restaurants,Public_transport,Car
45000,36,Adult,57966,Moderate,3_person,married_couple,2,F&B Eatery/Drinking Places,Walking,Car
26806,20,Young Adult,0,Debt,3_person,nonfamily_single,0,F&B Eatery/Snack and Nonalcoholic Beverage Bars,Walking,Walking
23953,55,Senior,34350,Moderate,2_person,married_couple,1,F&B Eatery/Full-Service Restaurants,Walking,Car
58279,24,Young Adult,0,Debt,3_person,family_single,1,F&B Eatery/Limited-Service Restaurants,Walking,Walking
59664,54,Senior,116469,Very High,4_person,married_couple,3_plus,F&B Eatery/Full-Service Restaurants,Car,Public_transport
45838,29,Young Adult,74067,High,3_person,nonfamily_single,3_plus,F&B Eatery/Full-Service Restaurants,Car,Car
16905,18,Teen,6188,Low,4_person,married_couple,1,F&B Eatery/Drinking Places,Walking,Public_transport
57866,21,Young Adult,203128,Ultra High,5_person,nonfamily_single,1,F&B Eatery/Limited-Service Restaurants,Public_transport,Car
29921,43,Middle Age,73841,High,1_person,living_alone,1,F&B Eatery/Full-Service Restaurants,Public_transport,Car
64379,55,Senior,0,Debt,2_person,married_couple,1,F&B Eatery/Limited-Service Restaurants,Car,Car
60703,33,Adult,224631,Ultra High,1_person,living_alone,1,F&B Eatery/Full-Service Restaurants,Walking,Car
9503,20,Young Adult,0,Debt,3_person,nonfamily_single,0,F&B Eatery/Snack and Nonalcoholic Beverage Bars,Walking,Walking
3983,21,Young Adult,64828,High,2_person,family_single,1,F&B Eatery/Snack and Nonalcoholic Beverage Bars,Public_transport,Walking
47454,55,Senior,0,Debt,2_person,family_single,1,F&B Eatery/Full-Service Restaurants,Car,Car
39071,53,Senior,34350,Moderate,1_person,living_alone,1,F&B Eatery/Drinking Places,Car,Car
42676,30,Young Adult,99830,Very High,1_person,living_alone,0,F&B Eatery/Drinking Places,Walking,Walking
33548,78,Elderly,3889,Low,4_person,married_couple,1,F&B Eatery/Full-Service Restaurants,Car,Car
59765,54,Senior,0,Debt,4_person,married_couple,2,F&B Eatery/Snack and Nonalcoholic Beverage Bars,Public_transport,Walking
17153,36,Adult,9076,Low,2_person,family_single,0,F&B Eatery/Limited-Service Restaurants,Walking,Public_transport
21991,94,Elderly,11128,Low,1_person,living_alone,0,F&B Eatery/Limited-Service Restaurants,Public_transport,Walking
5978,65,Elderly,13505,Low,1_person,living_alone,1,F&B Eatery/Full-Service Restaurants,Car,Car
25227,23,Young Adult,4125,Low,5_person,family_single,1,F&B Eatery/Limited-Service Restaurants,Walking,Car
20131,63,Elderly,191073,Ultra High,2_person,married_couple,1,F&B Eatery/Limited-Service Restaurants,Car,Car
34964,53,Senior,50507,Moderate,1_person,living_alone,0,F&B Eatery/Limited-Service Restaurants,Public_transport,Public_transport
46857,55,Senior,0,Debt,3_person,family_single,1,F&B Eatery/Drinking Places,Car,Car
57713,25,Young Adult,5903,Low,4_person,nonfamily_single,0,F&B Eatery/Full-Service Restaurants,Public_transport,Walking
67240,22,Young Adult,3691,Low,4_person,family_single,0,F&B Eatery/Full-Service Restaurants,Walking,Walking
20669,89,Elderly,11036,Low,3_person,married_couple,1,F&B Eatery/Snack and Nonalcoholic Beverage Bars,Car,Car
61558,30,Young Adult,10314,Low,1_person,living_alone,1,F&B Eatery/Full-Service Restaurants,Car,Walking
57721,42,Middle Age,145535,Ultra High,2_person,married_couple,2,F&B Eatery/Full-Service Restaurants,Walking,Car
12504,71,Elderly,73379,High,2_person,married_couple,2,F&B Eatery/Limited-Service Restaurants,Car,Car
59560,33,Adult,186876,Ultra High,2_person,married_couple,1,F&B Eatery/Full-Service Restaurants,Walking,Car
42600,37,Adult,44293,Moderate,1_person,living_alone,0,F&B Eatery/Snack and Nonalcoholic Beverage Bars,Walking,Walking
26189,28,Young Adult,52730,Moderate,2_person,nonfamily_single,1,F&B Eatery/Full-Service Restaurants,Walking,Car
6979,37,Adult,37570,Moderate,3_person,married_couple,2,F&B Eatery/Limited-Service Restaurants,Public_transport,Car
32125,29,Young Adult,45084,Moderate,2_person,nonfamily_single,1,F&B Eatery/Limited-Service Restaurants,Public_transport,Car
50979,66,Elderly,9491,Low,1_person,living_alone,2,F&B Eatery/Full-Service Restaurants,Car,Car
11824,34,Adult,1054,Low,7_plus_person,married_couple,1,F&B Eatery/Special Food Services,Public_transport,Walking
25538,28,Young Adult,31638,Moderate,1_person,living_alone,0,F&B Eatery/Limited-Service Restaurants,Walking,Walking
60337,57,Senior,47446,Moderate,5_person,married_couple,3_plus,F&B Eatery/Full-Service Restaurants,Public_transport,Car
31182,19,Young Adult,15186,Low,5_person,family_single,1,F&B Eatery/Full-Service Restaurants,Walking,Car
52161,25,Young Adult,7563,Low,3_person,family_single,0,F&B Eatery/Full-Service Restaurants,Walking,Walking
35144,40,Adult,47540,Moderate,1_person,living_alone,1,F&B Eatery/Full-Service Restaurants,Walking,Car
62360,22,Young Adult,11807,Low,2_person,nonfamily_single,0,F&B Eatery/Limited-Service Restaurants,Public_transport,Walking
57703,78,Elderly,19494,Low,2_person,family_single,2,F&B Eatery/Full-Service Restaurants,Car,Car
52991,38,Adult,52730,Moderate,4_person,nonfamily_single,2,F&B Eatery/Full-Service Restaurants,Walking,Car
61063,68,Elderly,40405,Moderate,7_plus_person,family_single,1,F&B Eatery/Limited-Service Restaurants,Car,Car
17630,58,Senior,30304,Moderate,2_person,married_couple,1,F&B Eatery/Full-Service Restaurants,Car,Car
23888,24,Young Adult,54023,Moderate,3_person,nonfamily_single,3_plus,F&B Eatery/Limited-Service Restaurants,Car,Car
44251,23,Young Adult,0,Debt,3_person,nonfamily_single,0,F&B Eatery/Full-Service Restaurants,Public_transport,Walking
39279,22,Young Adult,0,Debt,5_person,nonfamily_single,2,F&B Eatery/Drinking Places,Walking,Car
13279,34,Adult,35355,Moderate,2_person,married_couple,1,F&B Eatery/Limited-Service Restaurants,Walking,Car
28270,52,Senior,15242,Low,1_person,living_alone,1,F&B Eatery/Snack and Nonalcoholic Beverage Bars,Car,Car
66616,42,Middle Age,37570,Moderate,2_person,nonfamily_single,1,F&B Eatery/Snack and Nonalcoholic Beverage Bars,Car,Walking
47241,48,Middle Age,53672,Moderate,4_person,married_couple,1,F&B Eatery/Full-Service Restaurants,Walking,Car
5439,30,Young Adult,141420,Ultra High,3_person,married_couple,1,F&B Eatery/Drinking Places,Walking,Walking
10759,49,Middle Age,114529,Very High,4_person,married_couple,2,F&B Eatery/Snack and Nonalcoholic Beverage Bars,Public_transport,Car
60767,28,Young Adult,48412,Moderate,2_person,married_couple,2,F&B Eatery/Full-Service Restaurants,Public_transport,Car
59381,59,Senior,32203,Moderate,2_person,nonfamily_single,0,F&B Eatery/Snack and Nonalcoholic Beverage Bars,Public_transport,Public_transport
39261,26,Young Adult,191927,Ultra High,2_person,married_couple,1,F&B Eatery/Full-Service Restaurants,Walking,Walking
41732,28,Young Adult,61887,High,3_person,married_couple,1,F&B Eatery/Limited-Service Restaurants,Car,Walking
29956,77,Elderly,42246,Moderate,2_person,married_couple,2,F&B Eatery/Snack and Nonalcoholic Beverage Bars,Car,Car
27065,52,Senior,107344,Very High,4_person,married_couple,1,F&B Eatery/Full-Service Restaurants,Public_transport,Car
28138,28,Young Adult,22930,Low,3_person,nonfamily_single,3_plus,F&B Eatery/Full-Service Restaurants,Car,Walking
57906,76,Elderly,20629,Low,5_person,married_couple,2,F&B Eatery/Full-Service Restaurants,Car,Car
64027,49,Middle Age,11593,Low,5_person,family_single,0,F&B Eatery/Snack and Nonalcoholic Beverage Bars,Public_transport,Public_transport
59890,25,Young Adult,85862,High,2_person,nonfamily_single,1,F&B Eatery/Snack and Nonalcoholic Beverage Bars,Walking,Walking
38278,22,Young Adult,90913,Very High,2_person,nonfamily_single,0,F&B Eatery/Full-Service Restaurants,Walking,Walking
38098,53,Senior,88704,High,3_person,married_couple,0,F&B Eatery/Drinking Places,Walking,Public_transport
45454,84,Elderly,12344,Low,1_person,living_alone,0,F&B Eatery/Full-Service Restaurants,Public_transport,Walking
4531,51,Senior,5050,Low,2_person,married_couple,1,F&B Eatery/Full-Service Restaurants,Car,Car
9866,26,Young Adult,95963,Very High,3_person,nonfamily_single,3_plus,F&B Eatery/Full-Service Restaurants,Walking,Car
48355,73,Elderly,22485,Low,3_person,married_couple,1,F&B Eatery/Drinking Places,Walking,Car
49517,87,Elderly,195867,Ultra High,1_person,living_alone,0,F&B Eatery/Limited-Service Restaurants,Public_transport,Public_transport
10142,68,Elderly,31638,Moderate,1_person,living_alone,1,F&B Eatery/Full-Service Restaurants,Car,Car
44857,26,Young Adult,64406,High,2_person,nonfamily_single,3_plus,F&B Eatery/Snack and Nonalcoholic Beverage Bars,Car,Car
28903,31,Adult,33006,Moderate,4_person,married_couple,2,F&B Eatery/Limited-Service Restaurants,Walking,Public_transport
22804,23,Young Adult,40405,Moderate,4_person,nonfamily_single,1,F&B Eatery/Full-Service Restaurants,Car,Car
16531,71,Elderly,11345,Low,2_person,family_single,1,F&B Eatery/Snack and Nonalcoholic Beverage Bars,Public_transport,Car
18052,36,Adult,79095,High,2_person,married_couple,0,F&B Eatery/Full-Service Restaurants,Public_transport,Public_transport
11280,26,Young Adult,43436,Moderate,1_person,living_alone,0,F&B Eatery/Snack and Nonalcoholic Beverage Bars,Walking,Walking
35479,43,Middle Age,9768,Low,1_person,living_alone,0,F&B Eatery/Drinking Places,Walking,Walking
24034,63,Elderly,0,Debt,3_person,married_couple,3_plus,F&B Eatery/Snack and Nonalcoholic Beverage Bars,Car,Car
57751,31,Adult,90913,Very High,2_person,nonfamily_single,1,F&B Eatery/Snack and Nonalcoholic Beverage Bars,Public_transport,Car
28082,30,Young Adult,0,Debt,3_person,married_couple,1,F&B Eatery/Full-Service Restaurants,Walking,Public_transport
7788,68,Elderly,24135,Low,2_person,family_single,2,F&B Eatery/Full-Service Restaurants,Public_transport,Car
36224,45,Middle Age,50507,Moderate,6_person,nonfamily_single,1,F&B Eatery/Full-Service Restaurants,Car,Public_transport
63530,72,Elderly,12377,Low,2_person,married_couple,2,F&B Eatery/Snack and Nonalcoholic Beverage Bars,Public_transport,Car
28758,38,Adult,104805,Very High,1_person,living_alone,0,F&B Eatery/Full-Service Restaurants,Car,Walking
60920,49,Middle Age,427291,Ultra High,3_person,married_couple,3_plus,F&B Eatery/Full-Service Restaurants,Walking,Car
52423,19,Young Adult,0,Debt,4_person,married_couple,2,F&B Eatery/Snack and Nonalcoholic Beverage Bars,Car,Car
4940,29,Young Adult,81035,High,3_person,family_single,1,F&B Eatery/Full-Service Restaurants,Car,Walking
41991,48,Middle Age,63276,High,2_person,family_single,1,F&B Eatery/Full-Service Restaurants,Walking,Car
26724,20,Young Adult,0,Debt,4_person,married_couple,1,F&B Eatery/Full-Service Restaurants,Walking,Car
22614,64,Elderly,0,Debt,1_person,living_alone,1,F&B Eatery/Limited-Service Restaurants,Car,Car
63936,55,Senior,25786,Low,6_person,married_couple,2,F&B Eatery/Full-Service Restaurants,Car,Car
39851,27,Young Adult,4745,Low,3_person,nonfamily_single,1,F&B Eatery/Full-Service Restaurants,Public_transport,Walking
30111,21,Young Adult,0,Debt,1_person,living_alone,0,F&B Eatery/Limited-Service Restaurants,Walking,Walking
47684,41,Middle Age,121279,Ultra High,2_person,married_couple,2,F&B Eatery/Limited-Service Restaurants,Walking,Car
31186,24,Young Adult,0,Debt,2_person,family_single,1,F&B Eatery/Full-Service Restaurants,Car,Walking
56492,24,Young Adult,3241,Low,4_person,married_couple,3_plus,F&B Eatery/Limited-Service Restaurants,Car,Car
25431,23,Young Adult,22223,Low,6_person,nonfamily_single,3_plus,F&B Eatery/Full-Service Restaurants,Car,Car
53078,70,Elderly,10372,Low,1_person,living_alone,0,F&B Eatery/Snack and Nonalcoholic Beverage Bars,Public_transport,Walking
7099,70,Elderly,306313,Ultra High,2_person,married_couple,2,F&B Eatery/Limited-Service Restaurants,Car,Car
8080,33,Adult,633865,Ultra High,1_person,living_alone,0,F&B Eatery/Limited-Service Restaurants,Car,Walking
49230,24,Young Adult,123774,Ultra High,3_person,married_couple,1,F&B Eatery/Limited-Service Restaurants,Walking,Walking
23472,38,Adult,105460,Very High,2_person,married_couple,1,F&B Eatery/Snack and Nonalcoholic Beverage Bars,Public_transport,Car
51399,34,Adult,68689,High,3_person,nonfamily_single,3_plus,F&B Eatery/Full-Service Restaurants,Car,Car
23253,71,Elderly,65659,High,1_person,living_alone,1,F&B Eatery/Special Food Services,Car,Car
66078,83,Elderly,187893,Ultra High,1_person,living_alone,0,F&B Eatery/Limited-Service Restaurants,Public_transport,Public_transport
49927,67,Elderly,9508,Low,1_person,living_alone,1,F&B Eatery/Full-Service Restaurants,Car,Car
27425,69,Elderly,0,Debt,4_person,family_single,2,F&B Eatery/Full-Service Restaurants,Car,Car
62198,49,Middle Age,93028,Very High,5_person,married_couple,2,F&B Eatery/Full-Service Restaurants,Car,Car
41674,29,Young Adult,82115,High,6_person,nonfamily_single,2,F&B Eatery/Limited-Service Restaurants,Public_transport,Walking
56603,28,Young Adult,64406,High,3_person,married_couple,0,F&B Eatery/Snack and Nonalcoholic Beverage Bars,Walking,Public_transport
25364,26,Young Adult,0,Debt,3_person,nonfamily_single,0,F&B Eatery/Snack and Nonalcoholic Beverage Bars,Walking,Walking
51431,32,Adult,0,Debt,2_person,married_couple,1,F&B Eatery/Full-Service Restaurants,Car,Car
57275,50,Middle Age,0,Debt,4_person,married_couple,2,F&B Eatery/Snack and Nonalcoholic Beverage Bars,Walking,Car
28671,26,Young Adult,64406,High,4_person,nonfamily_single,2,F&B Eatery/Full-Service Restaurants,Walking,Car
20281,20,Young Adult,42937,Moderate,1_person,living_alone,1,F&B Eatery/Snack and Nonalcoholic Beverage Bars,Walking,Car
24817,47,Middle Age,134181,Ultra High,2_person,nonfamily_single,2,F&B Eatery/Limited-Service Restaurants,Car,Car
23561,31,Adult,0,Debt,2_person,nonfamily_single,1,F&B Eatery/Full-Service Restaurants,Public_transport,Public_transport
42080,38,Adult,49566,Moderate,2_person,married_couple,2,F&B Eatery/Full-Service Restaurants,Walking,Car
6172,30,Young Adult,49509,Moderate,2_person,nonfamily_single,1,F&B Eatery/Full-Service Restaurants,Walking,Car
3631,28,Young Adult,5186,Low,3_person,family_single,0,F&B Eatery/Limited-Service Restaurants,Walking,Walking
49723,44,Middle Age,68069,High,2_person,family_single,1,F&B Eatery/Full-Service Restaurants,Public_transport,Car
64641,30,Young Adult,62260,High,3_person,married_couple,1,F&B Eatery/Full-Service Restaurants,Walking,Walking
39040,38,Adult,1265,Low,2_person,family_single,1,F&B Eatery/Full-Service Restaurants,Walking,Car
25000,60,Senior,65480,High,2_person,married_couple,1,F&B Eatery/Full-Service Restaurants,Car,Car
33160,35,Adult,0,Debt,1_person,living_alone,0,F&B Eatery/Snack and Nonalcoholic Beverage Bars,Walking,Walking
3191,31,Adult,65659,High,1_person,living_alone,0,F&B Eatery/Drinking Places,Walking,Walking
32784,23,Young Adult,102644,Very High,1_person,living_alone,0,F&B Eatery/Full-Service Restaurants,Public_transport,Walking
30911,32,Adult,80811,High,2_person,married_couple,1,F&B Eatery/Limited-Service Restaurants,Car,Car
53352,34,Adult,70360,High,3_person,married_couple,2,F&B Eatery/Limited-Service Restaurants,Public_transport,Car
64041,23,Young Adult,4408,Low,2_person,married_couple,1,F&B Eatery/Drinking Places,Car,Public_transport
55316,23,Young Adult,0,Debt,2_person,family_single,0,F&B Eatery/Snack and Nonalcoholic Beverage Bars,Public_transport,Walking
19877,35,Adult,41415,Moderate,4_person,married_couple,3_plus,F&B Eatery/Drinking Places,Car,Car
30620,20,Young Adult,0,Debt,3_person,nonfamily_single,0,F&B Eatery/Limited-Service Restaurants,Public_transport,Walking
26035,72,Elderly,12929,Low,1_person,living_alone,0,F&B Eatery/Full-Service Restaurants,Public_transport,Walking
65969,43,Middle Age,226919,Ultra High,3_person,married_couple,2,F&B Eatery/Full-Service Restaurants,Car,Car
14056,27,Young Adult,48627,Moderate,3_person,married_couple,0,F&B Eatery/Snack and Nonalcoholic Beverage Bars,Walking,Walking
21223,29,Young Adult,170189,Ultra High,1_person,living_alone,0,F&B Eatery/Full-Service Restaurants,Walking,Walking
33361,22,Young Adult,0,Debt,2_person,nonfamily_single,0,F&B Eatery/Limited-Service Restaurants,Walking,Walking
37487,55,Senior,13288,Low,1_person,living_alone,0,F&B Eatery/Full-Service Restaurants,Walking,Public_transport
25121,27,Young Adult,75141,High,2_person,nonfamily_single,1,F&B Eatery/Full-Service Restaurants,Car,Walking
10749,29,Young Adult,26836,Low,2_person,nonfamily_single,1,F&B Eatery/Full-Service Restaurants,Walking,Walking
29300,36,Adult,8870,Low,3_person,family_single,0,F&B Eatery/Snack and Nonalcoholic Beverage Bars,Public_transport,Public_transport
22420,77,Elderly,17717,Low,2_person,married_couple,1,F&B Eatery/Snack and Nonalcoholic Beverage Bars,Car,Car
4798,33,Adult,68549,High,3_person,married_couple,2,F&B Eatery/Snack and Nonalcoholic Beverage Bars,Public_transport,Car
10634,45,Middle Age,0,Debt,1_person,living_alone,1,F&B Eatery/Full-Service Restaurants,Car,Public_transport
53744,26,Young Adult,0,Debt,4_person,nonfamily_single,2,F&B Eatery/Full-Service Restaurants,Car,Walking
41424,80,Elderly,329105,Ultra High,7_plus_person,married_couple,1,F&B Eatery/Full-Service Restaurants,Public_transport,Car
163,64,Elderly,50204,Moderate,2_person,married_couple,1,F&B Eatery/Full-Service Restaurants,Car,Car
671,41,Middle Age,40405,Moderate,6_person,family_single,2,F&B Eatery/Full-Service Restaurants,Car,Car
53420,29,Young Adult,107344,Very High,2_person,nonfamily_single,3_plus,F&B Eatery/Full-Service Restaurants,Car,Car
47076,62,Elderly,0,Debt,2_person,married_couple,2,F&B Eatery/Full-Service Restaurants,Car,Car
16052,35,Adult,633360,Ultra High,4_person,married_couple,1,F&B Eatery/Full-Service Restaurants,Public_transport,Public_transport
56532,60,Senior,454565,Ultra High,7_plus_person,married_couple,1,F&B Eatery/Snack and Nonalcoholic Beverage Bars,Walking,Car
59353,26,Young Adult,64406,High,4_person,nonfamily_single,2,F&B Eatery/Full-Service Restaurants,Car,Car
22740,30,Young Adult,70138,High,4_person,family_single,1,F&B Eatery/Drinking Places,Car,Car
60428,76,Elderly,20564,Low,1_person,living_alone,1,F&B Eatery/Snack and Nonalcoholic Beverage Bars,Walking,Car
5542,25,Young Adult,6440,Low,5_person,nonfamily_single,3_plus,F&B Eatery/Snack and Nonalcoholic Beverage Bars,Walking,Walking
24022,23,Young Adult,0,Debt,2_person,nonfamily_single,0,F&B Eatery/Drinking Places,Walking,Walking
23177,54,Senior,24754,Low,2_person,married_couple,2,F&B Eatery/Full-Service Restaurants,Public_transport,Car
6548,55,Senior,0,Debt,2_person,married_couple,1,F&B Eatery/Full-Service Restaurants,Car,Car
63037,50,Middle Age,21609,Low,3_person,family_single,1,F&B Eatery/Full-Service Restaurants,Car,Car
62646,21,Young Adult,308404,Ultra High,2_person,nonfamily_single,2,F&B Eatery/Full-Service Restaurants,Car,Car
61949,68,Elderly,156776,Ultra High,1_person,living_alone,0,F&B Eatery/Limited-Service Restaurants,Walking,Public_transport
9956,84,Elderly,63950,High,1_person,living_alone,1,F&B Eatery/Limited-Service Restaurants,Car,Car
31174,33,Adult,633360,Ultra High,2_person,married_couple,0,F&B Eatery/Snack and Nonalcoholic Beverage Bars,Public_transport,Walking
27605,60,Senior,454565,Ultra High,7_plus_person,married_couple,1,F&B Eatery/Drinking Places,Public_transport,Car
26715,40,Adult,18367,Low,4_person,family_single,1,F&B Eatery/Limited-Service Restaurants,Public_transport,Walking
51196,42,Middle Age,72717,High,5_person,family_single,2,F&B Eatery/Full-Service Restaurants,Car,Public_transport
57022,36,Adult,10101,Low,4_person,married_couple,1,F&B Eatery/Full-Service Restaurants,Car,Public_transport
32371,60,Senior,74244,High,2_person,married_couple,1,F&B Eatery/Full-Service Restaurants,Car,Car
42468,26,Young Adult,57578,Moderate,1_person,living_alone,1,F&B Eatery/Full-Service Restaurants,Car,Car
15422,39,Adult,60608,High,5_person,married_couple,1,F&B Eatery/Full-Service Restaurants,Car,Public_transport
57009,67,Elderly,86090,High,3_person,family_single,2,F&B Eatery/Limited-Service Restaurants,Public_transport,Car
12411,37,Adult,596906,Ultra High,3_person,married_couple,1,F&B Eatery/Limited-Service Restaurants,Car,Car
41779,17,Teen,0,Debt,3_person,family_single,0,F&B Eatery/Full-Service Restaurants,Public_transport,Walking
34171,51,Senior,38644,Moderate,3_person,married_couple,2,F&B Eatery/Limited-Service Restaurants,Car,Car
43108,28,Young Adult,21092,Low,7_plus_person,family_single,3_plus,F&B Eatery/Full-Service Restaurants,Walking,Car
23312,29,Young Adult,40075,Moderate,2_person,nonfamily_single,1,F&B Eatery/Full-Service Restaurants,Car,Car
54823,26,Young Adult,60608,High,2_person,nonfamily_single,0,F&B Eatery/Limited-Service Restaurants,Walking,Walking
46851,39,Adult,69774,High,6_person,married_couple,3_plus,F&B Eatery/Snack and Nonalcoholic Beverage Bars,Car,Car
41568,35,Adult,63950,High,3_person,nonfamily_single,1,F&B Eatery/Drinking Places,Public_transport,Car
23291,32,Adult,14440,Low,3_person,married_couple,2,F&B Eatery/Full-Service Restaurants,Public_transport,Walking
6406,56,Senior,409108,Ultra High,2_person,married_couple,2,F&B Eatery/Snack and Nonalcoholic Beverage Bars,Car,Car
9074,49,Middle Age,309435,Ultra High,1_person,living_alone,1,F&B Eatery/Full-Service Restaurants,Car,Car
28141,27,Young Adult,72201,High,2_person,married_couple,1,F&B Eatery/Full-Service Restaurants,Walking,Walking
50331,23,Young Adult,0,Debt,3_person,nonfamily_single,0,F&B Eatery/Snack and Nonalcoholic Beverage Bars,Walking,Walking
61588,20,Young Adult,21092,Low,4_person,nonfamily_single,0,F&B Eatery/Full-Service Restaurants,Walking,Walking
29794,27,Young Adult,28183,Low,3_person,family_single,1,F&B Eatery/Snack and Nonalcoholic Beverage Bars,Car,Walking
44936,30,Young Adult,123446,Ultra High,2_person,nonfamily_single,1,F&B Eatery/Snack and Nonalcoholic Beverage Bars,Car,Walking
59474,26,Young Adult,64330,High,3_person,nonfamily_single,3_plus,F&B Eatery/Snack and Nonalcoholic Beverage Bars,Walking,Car
37846,56,Senior,105964,Very High,4_person,married_couple,1,F&B Eatery/Snack and Nonalcoholic Beverage Bars,Car,Car
25032,54,Senior,5157,Low,4_person,family_single,0,F&B Eatery/Full-Service Restaurants,Public_transport,Walking
46332,36,Adult,70710,High,4_person,nonfamily_single,1,F&B Eatery/Full-Service Restaurants,Walking,Car
49841,69,Elderly,661237,Ultra High,2_person,married_couple,1,F&B Eatery/Snack and Nonalcoholic Beverage Bars,Car,Car
55677,42,Middle Age,46460,Moderate,4_person,married_couple,1,F&B Eatery/Full-Service Restaurants,Public_transport,Car
42913,62,Elderly,1717,Low,2_person,married_couple,2,F&B Eatery/Drinking Places,Car,Car
39922,63,Elderly,192992,Ultra High,2_person,family_single,0,F&B Eatery/Snack and Nonalcoholic Beverage Bars,Car,Public_transport
66087,47,Middle Age,76327,High,1_person,living_alone,1,F&B Eatery/Drinking Places,Car,Car
18268,21,Young Adult,0,Debt,2_person,nonfamily_single,0,F&B Eatery/Limited-Service Restaurants,Walking,Walking
35262,57,Senior,12996,Low,7_plus_person,married_couple,2,F&B Eatery/Full-Service Restaurants,Car,Car
55099,69,Elderly,90590,Very High,3_person,married_couple,3_plus,F&B Eatery/Drinking Places,Car,Car
52188,28,Young Adult,54023,Moderate,2_person,nonfamily_single,1,F&B Eatery/Snack and Nonalcoholic Beverage Bars,Car,Car
28179,29,Young Adult,85862,High,2_person,nonfamily_single,1,F&B Eatery/Full-Service Restaurants,Walking,Walking
33613,31,Adult,134088,Ultra High,2_person,married_couple,0,F&B Eatery/Limited-Service Restaurants,Walking,Walking
11871,54,Senior,10124,Low,1_person,living_alone,1,F&B Eatery/Full-Service Restaurants,Walking,Car
7967,46,Middle Age,38688,Moderate,1_person,living_alone,0,F&B Eatery/Snack and Nonalcoholic Beverage Bars,Walking,Walking
40108,26,Young Adult,26365,Low,3_person,nonfamily_single,0,F&B Eatery/Full-Service Restaurants,Walking,Walking
46659,22,Young Adult,26365,Low,5_person,nonfamily_single,1,F&B Eatery/Full-Service Restaurants,Public_transport,Car
31822,39,Adult,111115,Very High,7_plus_person,married_couple,1,F&B Eatery/Full-Service Restaurants,Walking,Public_transport
16920,59,Senior,18584,Low,2_person,nonfamily_single,1,F&B Eatery/Drinking Places,Public_transport,Car
17347,26,Young Adult,18367,Low,3_person,family_single,0,F&B Eatery/Full-Service Restaurants,Walking,Walking
48244,49,Middle Age,82225,High,2_person,family_single,2,F&B Eatery/Limited-Service Restaurants,Public_transport,Car
50200,36,Adult,12965,Low,2_person,nonfamily_single,1,F&B Eatery/Limited-Service Restaurants,Car,Public_transport
23429,61,Elderly,12965,Low,2_person,married_couple,0,F&B Eatery/Full-Service Restaurants,Public_transport,Public_transport
51112,46,Middle Age,5050,Low,7_plus_person,family_single,3_plus,F&B Eatery/Full-Service Restaurants,Car,Car
35298,40,Adult,86688,High,2_person,family_single,1,F&B Eatery/Full-Service Restaurants,Walking,Car
11138,60,Senior,79095,High,2_person,married_couple,2,F&B Eatery/Full-Service Restaurants,Car,Car
14716,21,Young Adult,22898,Low,1_person,living_alone,0,F&B Eatery/Snack and Nonalcoholic Beverage Bars,Walking,Walking
37685,27,Young Adult,0,Debt,2_person,married_couple,1,F&B Eatery/Full-Service Restaurants,Public_transport,Public_transport
31055,29,Young Adult,108047,Very High,2_person,nonfamily_single,1,F&B Eatery/Drinking Places,Car,Car
31552,31,Adult,7426,Low,1_person,living_alone,0,F&B Eatery/Snack and Nonalcoholic Beverage Bars,Walking,Walking
5901,36,Adult,23723,Low,7_plus_person,married_couple,3_plus,F&B Eatery/Drinking Places,Walking,Car
29984,61,Elderly,30304,Moderate,6_person,family_single,3_plus,F&B Eatery/Full-Service Restaurants,Car,Car
64309,85,Elderly,6188,Low,6_person,nonfamily_single,0,F&B Eatery/Full-Service Restaurants,Public_transport,Public_transport
63740,49,Middle Age,86437,High,3_person,married_couple,2,F&B Eatery/Limited-Service Restaurants,Public_transport,Car
5656,67,Elderly,103145,Very High,1_person,living_alone,1,F&B Eatery/Limited-Service Restaurants,Public_transport,Car
48895,60,Senior,454565,Ultra High,7_plus_person,married_couple,1,F&B Eatery/Full-Service Restaurants,Public_transport,Car
55249,69,Elderly,17295,Low,3_person,family_single,2,F&B Eatery/Full-Service Restaurants,Car,Car
52130,36,Adult,16207,Low,2_person,married_couple,1,F&B Eatery/Snack and Nonalcoholic Beverage Bars,Walking,Walking
66531,61,Elderly,37141,Moderate,1_person,living_alone,1,F&B Eatery/Full-Service Restaurants,Car,Car
56154,72,Elderly,23201,Low,1_person,living_alone,0,F&B Eatery/Snack and Nonalcoholic Beverage Bars,Walking,Walking
6721,76,Elderly,20000,Low,2_person,married_couple,0,F&B Eatery/Full-Service Restaurants,Public_transport,Public_transport
24226,70,Elderly,1620,Low,3_person,family_single,1,F&B Eatery/Full-Service Restaurants,Public_transport,Car
40461,63,Elderly,0,Debt,5_person,married_couple,1,F&B Eatery/Full-Service Restaurants,Walking,Car
31750,72,Elderly,28991,Low,2_person,married_couple,1,F&B Eatery/Snack and Nonalcoholic Beverage Bars,Car,Car
52290,52,Senior,180504,Ultra High,1_person,living_alone,1,F&B Eatery/Snack and Nonalcoholic Beverage Bars,Public_transport,Car
63133,28,Young Adult,57966,Moderate,2_person,married_couple,1,F&B Eatery/Limited-Service Restaurants,Public_transport,Car
45033,48,Middle Age,18384,Low,3_person,nonfamily_single,0,F&B Eatery/Drinking Places,Walking,Walking
60631,20,Young Adult,12377,Low,3_person,nonfamily_single,0,F&B Eatery/Snack and Nonalcoholic Beverage Bars,Walking,Walking
34594,80,Elderly,73542,High,1_person,living_alone,1,F&B Eatery/Limited-Service Restaurants,Car,Car
25169,25,Young Adult,21011,Low,1_person,living_alone,0,F&B Eatery/Limited-Service Restaurants,Walking,Walking
12329,51,Senior,55557,Moderate,2_person,family_single,2,F&B Eatery/Full-Service Restaurants,Car,Car
61929,59,Senior,0,Debt,3_person,family_single,2,F&B Eatery/Full-Service Restaurants,Car,Car
64612,53,Senior,202029,Ultra High,2_person,married_couple,1,F&B Eatery/Limited-Service Restaurants,Car,Car
4437,75,Elderly,4848,Low,3_person,married_couple,1,F&B Eatery/Limited-Service Restaurants,Public_transport,Car
10382,55,Senior,206,Low,1_person,living_alone,0,F&B Eatery/Full-Service Restaurants,Walking,Public_transport
65450,39,Adult,196645,Ultra High,3_person,married_couple,1,F&B Eatery/Full-Service Restaurants,Car,Car
64977,80,Elderly,31314,Moderate,3_person,married_couple,2,F&B Eatery/Full-Service Restaurants,Car,Car
36035,20,Young Adult,0,Debt,3_person,nonfamily_single,0,F&B Eatery/Full-Service Restaurants,Walking,Walking
18073,68,Elderly,142834,Ultra High,2_person,married_couple,2,F&B Eatery/Snack and Nonalcoholic Beverage Bars,Walking,Car
42685,68,Elderly,31638,Moderate,2_person,married_couple,1,F&B Eatery/Limited-Service Restaurants,Public_transport,Car
38067,75,Elderly,285859,Ultra High,1_person,living_alone,1,F&B Eatery/Full-Service Restaurants,Car,Car
55114,25,Young Adult,0,Debt,3_person,nonfamily_single,0,F&B Eatery/Full-Service Restaurants,Walking,Walking
47864,18,Teen,2109,Low,4_person,married_couple,1,F&B Eatery/Drinking Places,Public_transport,Public_transport
30682,31,Adult,89641,High,2_person,married_couple,2,F&B Eatery/Full-Service Restaurants,Car,Car
35585,39,Adult,81204,High,4_person,married_couple,1,F&B Eatery/Full-Service Restaurants,Walking,Car
5782,70,Elderly,310619,Ultra High,1_person,living_alone,1,F&B Eatery/Full-Service Restaurants,Car,Car
16163,20,Young Adult,0,Debt,6_person,married_couple,3_plus,F&B Eatery/Full-Service Restaurants,Public_transport,Car
19169,42,Middle Age,49509,Moderate,2_person,married_couple,2,F&B Eatery/Full-Service Restaurants,Public_transport,Public_transport
9715,26,Young Adult,26817,Low,1_person,living_alone,1,F&B Eatery/Snack and Nonalcoholic Beverage Bars,Public_transport,Walking
65061,31,Adult,54839,Moderate,2_person,nonfamily_single,1,F&B Eatery/Full-Service Restaurants,Car,Car
10699,33,Adult,78874,High,2_person,married_couple,0,F&B Eatery/Full-Service Restaurants,Car,Public_transport
4895,44,Middle Age,8687,Low,5_person,married_couple,0,F&B Eatery/Full-Service Restaurants,Walking,Public_transport
56273,88,Elderly,360116,Ultra High,1_person,living_alone,1,F&B Eatery/Full-Service Restaurants,Car,Car
13395,28,Young Adult,57966,Moderate,2_person,married_couple,1,F&B Eatery/Full-Service Restaurants,Walking,Car
18752,47,Middle Age,33738,Moderate,7_plus_person,married_couple,3_plus,F&B Eatery/Full-Service Restaurants,Car,Car
41323,77,Elderly,13310,Low,1_person,living_alone,1,F&B Eatery/Full-Service Restaurants,Car,Car
62711,69,Elderly,427866,Ultra High,1_person,living_alone,1,F&B Eatery/Full-Service Restaurants,Car,Car
29301,30,Young Adult,140461,Ultra High,2_person,married_couple,1,F&B Eatery/Snack and Nonalcoholic Beverage Bars,Car,Walking
48231,30,Young Adult,62260,High,3_person,married_couple,1,F&B Eatery/Snack and Nonalcoholic Beverage Bars,Public_transport,Walking
55922,64,Elderly,8664,Low,1_person,living_alone,0,F&B Eatery/Snack and Nonalcoholic Beverage Bars,Public_transport,Walking
10754,77,Elderly,0,Debt,2_person,family_single,1,F&B Eatery/Full-Service Restaurants,Car,Car
39891,37,Adult,21576,Low,5_person,married_couple,3_plus,F&B Eatery/Drinking Places,Car,Car
66535,22,Young Adult,0,Debt,2_person,family_single,0,F&B Eatery/Limited-Service Restaurants,Walking,Walking
46479,43,Middle Age,73841,High,1_person,living_alone,1,F&B Eatery/Limited-Service Restaurants,Car,Car
29328,35,Adult,83943,High,1_person,living_alone,1,F&B Eatery/Full-Service Restaurants,Walking,Car
207,44,Middle Age,42392,Moderate,6_person,family_single,2,F&B Eatery/Limited-Service Restaurants,Car,Car
28982,21,Young Adult,11345,Low,2_person,family_single,0,F&B Eatery/Full-Service Restaurants,Public_transport,Walking
25592,24,Young Adult,63276,High,1_person,living_alone,1,F&B Eatery/Full-Service Restaurants,Car,Walking
10526,46,Middle Age,43218,Moderate,6_person,married_couple,1,F&B Eatery/Special Food Services,Car,Public_transport
48604,27,Young Adult,43218,Moderate,2_person,family_single,0,F&B Eatery/Snack and Nonalcoholic Beverage Bars,Walking,Walking
42828,70,Elderly,12655,Low,1_person,living_alone,0,F&B Eatery/Full-Service Restaurants,Public_transport,Walking
60963,56,Senior,0,Debt,3_person,married_couple,1,F&B Eatery/Limited-Service Restaurants,Public_transport,Car
44843,47,Middle Age,8251,Low,2_person,nonfamily_single,1,F&B Eatery/Full-Service Restaurants,Public_transport,Car
65965,70,Elderly,72201,High,2_person,married_couple,2,F&B Eatery/Full-Service Restaurants,Car,Car
53363,54,Senior,151521,Ultra High,2_person,married_couple,0,F&B Eatery/Snack and Nonalcoholic Beverage Bars,Public_transport,Public_transport
9686,78,Elderly,17503,Low,1_person,living_alone,1,F&B Eatery/Full-Service Restaurants,Walking,Car
58576,25,Young Adult,54745,Moderate,3_person,married_couple,3_plus,F&B Eatery/Full-Service Restaurants,Car,Car
19201,45,Middle Age,0,Debt,3_person,married_couple,1,F&B Eatery/Snack and Nonalcoholic Beverage Bars,Car,Car
5249,50,Middle Age,20835,Low,7_plus_person,married_couple,3_plus,F&B Eatery/Drinking Places,Car,Car
45113,60,Senior,7980,Low,1_person,living_alone,0,F&B Eatery/Snack and Nonalcoholic Beverage Bars,Walking,Public_transport
34503,34,Adult,65587,High,2_person,married_couple,0,F&B Eatery/Full-Service Restaurants,Public_transport,Public_transport
56549,28,Young Adult,103034,Very High,3_person,family_single,2,F&B Eatery/Full-Service Restaurants,Car,Public_transport
14484,41,Middle Age,595338,Ultra High,4_person,married_couple,2,F&B Eatery/Full-Service Restaurants,Public_transport,Car
4255,38,Adult,62325,High,3_person,nonfamily_single,3_plus,F&B Eatery/Limited-Service Restaurants,Walking,Car
65781,47,Middle Age,0,Debt,6_person,married_couple,3_plus,F&B Eatery/Snack and Nonalcoholic Beverage Bars,Public_transport,Car
10756,29,Young Adult,0,Debt,4_person,married_couple,1,F&B Eatery/Limited-Service Restaurants,Car,Car
64315,64,Elderly,0,Debt,2_person,married_couple,1,F&B Eatery/Full-Service Restaurants,Walking,Car
10106,38,Adult,47446,Moderate,4_person,married_couple,1,F&B Eatery/Full-Service Restaurants,Car,Public_transport
54624,29,Young Adult,63276,High,2_person,nonfamily_single,2,F&B Eatery/Limited-Service Restaurants,Public_transport,Walking
31367,81,Elderly,330091,Ultra High,2_person,married_couple,2,F&B Eatery/Drinking Places,Walking,Car
16456,68,Elderly,468923,Ultra High,2_person,married_couple,1,F&B Eatery/Limited-Service Restaurants,Car,Car
14210,27,Young Adult,27273,Low,5_person,family_single,2,F&B Eatery/Full-Service Restaurants,Walking,Car
12323,50,Middle Age,26817,Low,5_person,family_single,1,F&B Eatery/Full-Service Restaurants,Walking,Car
54253,66,Elderly,54101,Moderate,2_person,married_couple,2,F&B Eatery/Limited-Service Restaurants,Walking,Car
39532,36,Adult,145863,Ultra High,3_person,family_single,1,F&B Eatery/Limited-Service Restaurants,Walking,Car
31007,68,Elderly,24135,Low,2_person,family_single,2,F&B Eatery/Drinking Places,Walking,Car
33893,40,Adult,67044,High,2_person,nonfamily_single,0,F&B Eatery/Full-Service Restaurants,Walking,Walking
17625,23,Young Adult,0,Debt,2_person,family_single,1,F&B Eatery/Snack and Nonalcoholic Beverage Bars,Car,Walking
67119,65,Elderly,30685,Moderate,6_person,married_couple,1,F&B Eatery/Snack and Nonalcoholic Beverage Bars,Car,Car
60946,28,Young Adult,98194,Very High,3_person,nonfamily_single,1,F&B Eatery/Full-Service Restaurants,Public_transport,Car
51501,20,Young Adult,3241,Low,7_plus_person,married_couple,2,F&B Eatery/Full-Service Restaurants,Car,Car
29371,27,Young Adult,0,Debt,4_person,nonfamily_single,1,F&B Eatery/Limited-Service Restaurants,Walking,Walking
62438,89,Elderly,16503,Low,2_person,family_single,1,F&B Eatery/Limited-Service Restaurants,Car,Car
55754,50,Middle Age,638411,Ultra High,2_person,family_single,1,F&B Eatery/Snack and Nonalcoholic Beverage Bars,Public_transport,Car
65746,30,Young Adult,0,Debt,3_person,married_couple,1,F&B Eatery/Snack and Nonalcoholic Beverage Bars,Car,Public_transport
32117,23,Young Adult,49509,Moderate,4_person,nonfamily_single,1,F&B Eatery/Snack and Nonalcoholic Beverage Bars,Walking,Car
65108,23,Young Adult,0,Debt,5_person,family_single,2,F&B Eatery/Drinking Places,Car,Car
4358,33,Adult,17717,Low,6_person,family_single,0,F&B Eatery/Limited-Service Restaurants,Public_transport,Public_transport
17727,25,Young Adult,32203,Moderate,1_person,living_alone,0,F&B Eatery/Full-Service Restaurants,Public_transport,Walking
7421,45,Middle Age,8587,Low,2_person,nonfamily_single,1,F&B Eatery/Limited-Service Restaurants,Walking,Car
57784,39,Adult,26836,Low,5_person,married_couple,1,F&B Eatery/Snack and Nonalcoholic Beverage Bars,Walking,Car
27213,39,Adult,217606,Ultra High,4_person,married_couple,1,F&B Eatery/Full-Service Restaurants,Public_transport,Public_transport
57993,27,Young Adult,205289,Ultra High,2_person,nonfamily_single,2,F&B Eatery/Full-Service Restaurants,Car,Car
23711,43,Middle Age,98994,Very High,2_person,married_couple,1,F&B Eatery/Snack and Nonalcoholic Beverage Bars,Walking,Car
40390,60,Senior,84600,High,2_person,married_couple,2,F&B Eatery/Full-Service Restaurants,Walking,Car
33755,48,Middle Age,86437,High,2_person,married_couple,2,F&B Eatery/Limited-Service Restaurants,Car,Car
16014,26,Young Adult,31638,Moderate,2_person,nonfamily_single,1,F&B Eatery/Full-Service Restaurants,Public_transport,Car
41621,22,Young Adult,0,Debt,3_person,nonfamily_single,1,F&B Eatery/Snack and Nonalcoholic Beverage Bars,Car,Walking
49104,51,Senior,50507,Moderate,3_person,married_couple,1,F&B Eatery/Full-Service Restaurants,Car,Car
17014,62,Elderly,7576,Low,3_person,family_single,0,F&B Eatery/Full-Service Restaurants,Public_transport,Walking
17633,30,Young Adult,38163,Moderate,2_person,married_couple,0,F&B Eatery/Full-Service Restaurants,Walking,Walking
26160,56,Senior,25310,Low,6_person,married_couple,2,F&B Eatery/Snack and Nonalcoholic Beverage Bars,Car,Car
64174,50,Middle Age,22728,Low,6_person,nonfamily_single,1,F&B Eatery/Limited-Service Restaurants,Car,Walking
65481,29,Young Adult,21092,Low,2_person,married_couple,0,F&B Eatery/Limited-Service Restaurants,Walking,Public_transport
65681,22,Young Adult,13131,Low,6_person,married_couple,1,F&B Eatery/Full-Service Restaurants,Walking,Public_transport
36041,23,Young Adult,4408,Low,2_person,married_couple,1,F&B Eatery/Full-Service Restaurants,Car,Public_transport
31910,48,Middle Age,8436,Low,3_person,family_single,1,F&B Eatery/Full-Service Restaurants,Car,Car
7227,32,Adult,9183,Low,5_person,family_single,1,F&B Eatery/Full-Service Restaurants,Public_transport,Car
36451,26,Young Adult,0,Debt,4_person,married_couple,1,F&B Eatery/Limited-Service Restaurants,Car,Car
55826,29,Young Adult,34350,Moderate,4_person,nonfamily_single,0,F&B Eatery/Full-Service Restaurants,Public_transport,Walking
34084,38,Adult,187853,Ultra High,5_person,married_couple,2,F&B Eatery/Snack and Nonalcoholic Beverage Bars,Public_transport,Walking
31401,27,Young Adult,27778,Low,4_person,nonfamily_single,3_plus,F&B Eatery/Full-Service Restaurants,Public_transport,Walking
37384,54,Senior,137219,Ultra High,1_person,living_alone,1,F&B Eatery/Snack and Nonalcoholic Beverage Bars,Car,Car
52249,52,Senior,75632,High,1_person,living_alone,1,F&B Eatery/Limited-Service Restaurants,Car,Car
66868,29,Young Adult,64621,High,1_person,living_alone,1,F&B Eatery/Snack and Nonalcoholic Beverage Bars,Walking,Walking
34068,59,Senior,9192,Low,3_person,family_single,1,F&B Eatery/Snack and Nonalcoholic Beverage Bars,Public_transport,Car
23669,21,Young Adult,2160,Low,3_person,nonfamily_single,0,F&B Eatery/Limited-Service Restaurants,Walking,Walking
65429,19,Young Adult,0,Debt,7_plus_person,married_couple,3_plus,F&B Eatery/Full-Service Restaurants,Public_transport,Car
13673,54,Senior,99238,Very High,5_person,family_single,2,F&B Eatery/Snack and Nonalcoholic Beverage Bars,Walking,Car
42668,56,Senior,19899,Low,1_person,living_alone,1,F&B Eatery/Full-Service Restaurants,Walking,Car
21675,18,Teen,2741,Low,5_person,married_couple,1,F&B Eatery/Full-Service Restaurants,Public_transport,Walking
59189,22,Young Adult,3163,Low,6_person,nonfamily_single,0,F&B Eatery/Full-Service Restaurants,Walking,Walking
12149,26,Young Adult,56184,Moderate,3_person,nonfamily_single,2,F&B Eatery/Drinking Places,Car,Car
24611,33,Adult,31638,Moderate,4_person,married_couple,2,F&B Eatery/Full-Service Restaurants,Walking,Public_transport
6441,87,Elderly,1414,Low,3_person,married_couple,1,F&B Eatery/Snack and Nonalcoholic Beverage Bars,Car,Car
48368,61,Elderly,30593,Moderate,3_person,married_couple,1,F&B Eatery/Drinking Places,Public_transport,Car
18743,42,Middle Age,201640,Ultra High,3_person,married_couple,2,F&B Eatery/Snack and Nonalcoholic Beverage Bars,Car,Car
3654,79,Elderly,23770,Low,2_person,married_couple,1,F&B Eatery/Full-Service Restaurants,Car,Car
63646,43,Middle Age,52294,Moderate,4_person,married_couple,2,F&B Eatery/Snack and Nonalcoholic Beverage Bars,Car,Car
29734,29,Young Adult,101014,Very High,1_person,living_alone,0,F&B Eatery/Full-Service Restaurants,Walking,Walking
48713,56,Senior,20808,Low,1_person,living_alone,0,F&B Eatery/Snack and Nonalcoholic Beverage Bars,Public_transport,Public_transport
44139,27,Young Adult,0,Debt,1_person,living_alone,0,F&B Eatery/Full-Service Restaurants,Public_transport,Walking
23171,38,Adult,73822,High,4_person,married_couple,2,F&B Eatery/Limited-Service Restaurants,Car,Car
43596,33,Adult,80453,High,1_person,living_alone,1,F&B Eatery/Full-Service Restaurants,Car,Car
44976,65,Elderly,20824,Low,1_person,living_alone,0,F&B Eatery/Drinking Places,Walking,Walking
12289,24,Young Adult,75141,High,2_person,nonfamily_single,1,F&B Eatery/Full-Service Restaurants,Walking,Walking
64157,58,Senior,102644,Very High,4_person,married_couple,1,F&B Eatery/Full-Service Restaurants,Public_transport,Car
54691,60,Senior,63747,High,1_person,living_alone,0,F&B Eatery/Limited-Service Restaurants,Public_transport,Public_transport
31010,26,Young Adult,37132,Moderate,1_person,living_alone,1,F&B Eatery/Full-Service Restaurants,Car,Car
13467,81,Elderly,248887,Ultra High,2_person,married_couple,1,F&B Eatery/Full-Service Restaurants,Car,Car
42652,54,Senior,20204,Low,6_person,family_single,3_plus,F&B Eatery/Full-Service Restaurants,Car,Car
36378,75,Elderly,9724,Low,2_person,married_couple,2,F&B Eatery/Drinking Places,Car,Car
57716,29,Young Adult,21468,Low,7_plus_person,nonfamily_single,2,F&B Eatery/Full-Service Restaurants,Public_transport,Car
7151,21,Young Adult,0,Debt,3_person,nonfamily_single,0,F&B Eatery/Full-Service Restaurants,Walking,Walking
50115,28,Young Adult,27909,Low,2_person,nonfamily_single,2,F&B Eatery/Snack and Nonalcoholic Beverage Bars,Car,Walking
6012,65,Elderly,0,Debt,4_person,married_couple,1,F&B Eatery/Full-Service Restaurants,Car,Car
46413,55,Senior,27227,Low,3_person,married_couple,2,F&B Eatery/Snack and Nonalcoholic Beverage Bars,Car,Car
46881,54,Senior,68559,High,2_person,family_single,1,F&B Eatery/Limited-Service Restaurants,Car,Car
37650,33,Adult,84368,High,2_person,married_couple,0,F&B Eatery/Snack and Nonalcoholic Beverage Bars,Car,Public_transport
45379,37,Adult,117145,Very High,1_person,living_alone,1,F&B Eatery/Drinking Places,Public_transport,Car
36914,55,Senior,0,Debt,3_person,married_couple,2,F&B Eatery/Limited-Service Restaurants,Car,Car
8906,28,Young Adult,95963,Very High,2_person,nonfamily_single,1,F&B Eatery/Snack and Nonalcoholic Beverage Bars,Walking,Car
56088,21,Young Adult,0,Debt,3_person,nonfamily_single,0,F&B Eatery/Full-Service Restaurants,Public_transport,Walking
39310,27,Young Adult,31638,Moderate,4_person,nonfamily_single,1,F&B Eatery/Limited-Service Restaurants,Walking,Car
59182,39,Adult,31638,Moderate,4_person,nonfamily_single,1,F&B Eatery/Snack and Nonalcoholic Beverage Bars,Public_transport,Public_transport
64106,59,Senior,162070,Ultra High,1_person,living_alone,1,F&B Eatery/Full-Service Restaurants,Car,Car
33174,55,Senior,25786,Low,6_person,married_couple,2,F&B Eatery/Drinking Places,Car,Car
24596,38,Adult,40791,Moderate,4_person,family_single,1,F&B Eatery/Full-Service Restaurants,Public_transport,Public_transport
58348,47,Middle Age,308404,Ultra High,4_person,married_couple,1,F&B Eatery/Full-Service Restaurants,Car,Car
26987,73,Elderly,8587,Low,2_person,family_single,1,F&B Eatery/Full-Service Restaurants,Public_transport,Car
59889,62,Elderly,8889,Low,7_plus_person,nonfamily_single,0,F&B Eatery/Snack and Nonalcoholic Beverage Bars,Public_transport,Public_transport
26966,22,Young Adult,10314,Low,7_plus_person,nonfamily_single,2,F&B Eatery/Full-Service Restaurants,Public_transport,Car
46819,24,Young Adult,30304,Moderate,2_person,nonfamily_single,1,F&B Eatery/Full-Service Restaurants,Walking,Car
11563,70,Elderly,12727,Low,2_person,nonfamily_single,2,F&B Eatery/Snack and Nonalcoholic Beverage Bars,Walking,Car
27598,27,Young Adult,23306,Low,3_person,married_couple,1,F&B Eatery/Limited-Service Restaurants,Car,Public_transport
11556,34,Adult,69774,High,5_person,married_couple,2,F&B Eatery/Limited-Service Restaurants,Public_transport,Car
53551,31,Adult,0,Debt,3_person,married_couple,1,F&B Eatery/Full-Service Restaurants,Car,Car
21636,26,Young Adult,10314,Low,2_person,nonfamily_single,1,F&B Eatery/Full-Service Restaurants,Car,Walking
32779,78,Elderly,106065,Very High,2_person,married_couple,1,F&B Eatery/Full-Service Restaurants,Car,Car
4760,26,Young Adult,36365,Moderate,3_person,nonfamily_single,1,F&B Eatery/Full-Service Restaurants,Walking,Car
1177,38,Adult,0,Debt,4_person,married_couple,1,F&B Eatery/Limited-Service Restaurants,Public_transport,Car
64732,58,Senior,55557,Moderate,3_person,family_single,1,F&B Eatery/Full-Service Restaurants,Car,Car
31348,45,Middle Age,1054,Low,2_person,married_couple,2,F&B Eatery/Full-Service Restaurants,Car,Car
35631,27,Young Adult,51572,Moderate,3_person,nonfamily_single,2,F&B Eatery/Full-Service Restaurants,Public_transport,Car
6471,50,Middle Age,130736,Ultra High,1_person,living_alone,2,F&B Eatery/Full-Service Restaurants,Car,Car
22612,27,Young Adult,35655,Moderate,2_person,married_couple,1,F&B Eatery/Full-Service Restaurants,Walking,Car
25537,87,Elderly,11271,Low,1_person,living_alone,1,F&B Eatery/Full-Service Restaurants,Car,Car
60233,94,Elderly,1620,Low,2_person,married_couple,0,F&B Eatery/Limited-Service Restaurants,Public_transport,Public_transport
63449,57,Senior,42937,Moderate,3_person,married_couple,2,F&B Eatery/Full-Service Restaurants,Public_transport,Car
22443,66,Elderly,28092,Low,2_person,married_couple,1,F&B Eatery/Full-Service Restaurants,Walking,Car
8927,24,Young Adult,24748,Low,3_person,nonfamily_single,1,F&B Eatery/Full-Service Restaurants,Car,Walking
31324,40,Adult,54023,Moderate,2_person,married_couple,0,F&B Eatery/Snack and Nonalcoholic Beverage Bars,Public_transport,Public_transport
35643,16,Teen,7023,Low,3_person,family_single,1,F&B Eatery/Special Food Services,Walking,Walking
9108,23,Young Adult,0,Debt,5_person,family_single,2,F&B Eatery/Limited-Service Restaurants,Public_transport,Car
27723,87,Elderly,25521,Low,2_person,family_single,1,F&B Eatery/Snack and Nonalcoholic Beverage Bars,Car,Car
3726,30,Young Adult,187875,Ultra High,2_person,married_couple,0,F&B Eatery/Full-Service Restaurants,Public_transport,Walking
51924,45,Middle Age,12893,Low,1_person,living_alone,0,F&B Eatery/Snack and Nonalcoholic Beverage Bars,Walking,Walking
1367,19,Young Adult,121,Low,3_person,married_couple,1,F&B Eatery/Full-Service Restaurants,Walking,Public_transport
3712,27,Young Adult,12881,Low,2_person,married_couple,1,F&B Eatery/Limited-Service Restaurants,Car,Public_transport
17772,32,Adult,60608,High,4_person,nonfamily_single,1,F&B Eatery/Full-Service Restaurants,Public_transport,Car
25426,62,Elderly,1717,Low,2_person,married_couple,2,F&B Eatery/Drinking Places,Walking,Car
36321,55,Senior,30943,Moderate,3_person,married_couple,2,F&B Eatery/Limited-Service Restaurants,Walking,Car
64965,30,Young Adult,64330,High,1_person,living_alone,0,F&B Eatery/Limited-Service Restaurants,Car,Walking
4114,57,Senior,45084,Moderate,3_person,married_couple,2,F&B Eatery/Limited-Service Restaurants,Walking,Car
29165,95,Elderly,55366,Moderate,1_person,living_alone,1,F&B Eatery/Full-Service Restaurants,Car,Car
25923,39,Adult,123774,Ultra High,4_person,married_couple,2,F&B Eatery/Full-Service Restaurants,Car,Public_transport
39882,52,Senior,19510,Low,4_person,family_single,1,F&B Eatery/Full-Service Restaurants,Car,Car
27208,21,Young Adult,2701,Low,5_person,nonfamily_single,0,F&B Eatery/Limited-Service Restaurants,Walking,Walking
60576,22,Young Adult,536,Low,5_person,nonfamily_single,2,F&B Eatery/Limited-Service Restaurants,Walking,Car
5704,65,Elderly,19988,Low,1_person,living_alone,1,F&B Eatery/Full-Service Restaurants,Public_transport,Car
17087,32,Adult,136369,Ultra High,1_person,living_alone,0,F&B Eatery/Full-Service Restaurants,Public_transport,Walking
36059,20,Young Adult,0,Debt,2_person,nonfamily_single,0,F&B Eatery/Full-Service Restaurants,Walking,Walking
8125,32,Adult,9075,Low,1_person,living_alone,0,F&B Eatery/Full-Service Restaurants,Public_transport,Walking
26984,27,Young Adult,11655,Low,2_person,nonfamily_single,0,F&B Eatery/Full-Service Restaurants,Walking,Walking
42287,31,Adult,19185,Low,2_person,married_couple,2,F&B Eatery/Snack and Nonalcoholic Beverage Bars,Public_transport,Walking
67036,24,Young Adult,59057,Moderate,4_person,nonfamily_single,1,F&B Eatery/Limited-Service Restaurants,Public_transport,Car
47055,36,Adult,15354,Low,3_person,married_couple,1,F&B Eatery/Limited-Service Restaurants,Walking,Walking
65972,28,Young Adult,158190,Ultra High,2_person,married_couple,1,F&B Eatery/Full-Service Restaurants,Walking,Walking
30659,78,Elderly,71582,High,2_person,married_couple,2,F&B Eatery/Full-Service Restaurants,Walking,Car
54061,29,Young Adult,28474,Low,2_person,married_couple,1,F&B Eatery/Full-Service Restaurants,Public_transport,Public_transport
37208,54,Senior,38644,Moderate,2_person,family_single,1,F&B Eatery/Full-Service Restaurants,Car,Car
42823,65,Elderly,10372,Low,1_person,living_alone,1,F&B Eatery/Drinking Places,Car,Car
50138,35,Adult,147644,Ultra High,4_person,married_couple,1,F&B Eatery/Limited-Service Restaurants,Public_transport,Public_transport
65838,94,Elderly,51560,Moderate,2_person,family_single,1,F&B Eatery/Snack and Nonalcoholic Beverage Bars,Public_transport,Car
36487,22,Young Adult,16207,Low,2_person,family_single,0,F&B Eatery/Full-Service Restaurants,Public_transport,Walking
24089,73,Elderly,56729,Moderate,3_person,married_couple,1,F&B Eatery/Snack and Nonalcoholic Beverage Bars,Car,Car
28625,60,Senior,24239,Low,3_person,married_couple,1,F&B Eatery/Full-Service Restaurants,Car,Car
55409,27,Young Adult,83842,High,2_person,married_couple,1,F&B Eatery/Full-Service Restaurants,Walking,Walking
15577,20,Young Adult,0,Debt,3_person,nonfamily_single,0,F&B Eatery/Snack and Nonalcoholic Beverage Bars,Walking,Walking
47414,56,Senior,7084,Low,2_person,nonfamily_single,0,F&B Eatery/Full-Service Restaurants,Public_transport,Public_transport
48320,28,Young Adult,126414,Ultra High,1_person,living_alone,0,F&B Eatery/Full-Service Restaurants,Public_transport,Walking
37380,69,Elderly,85610,High,2_person,family_single,1,F&B Eatery/Full-Service Restaurants,Car,Car
13669,29,Young Adult,86437,High,1_person,living_alone,1,F&B Eatery/Snack and Nonalcoholic Beverage Bars,Car,Walking
23196,27,Young Adult,28092,Low,2_person,nonfamily_single,0,F&B Eatery/Limited-Service Restaurants,Public_transport,Walking
10225,43,Middle Age,63487,High,2_person,married_couple,2,F&B Eatery/Limited-Service Restaurants,Public_transport,Car
4470,27,Young Adult,70710,High,2_person,nonfamily_single,2,F&B Eatery/Snack and Nonalcoholic Beverage Bars,Walking,Walking
43753,25,Young Adult,22728,Low,6_person,nonfamily_single,1,F&B Eatery/Limited-Service Restaurants,Walking,Public_transport
1969,19,Young Adult,30267,Moderate,5_person,family_single,1,F&B Eatery/Snack and Nonalcoholic Beverage Bars,Car,Car
32556,82,Elderly,299599,Ultra High,1_person,living_alone,1,F&B Eatery/Limited-Service Restaurants,Walking,Car
22911,27,Young Adult,55557,Moderate,3_person,nonfamily_single,0,F&B Eatery/Snack and Nonalcoholic Beverage Bars,Public_transport,Walking
39062,88,Elderly,51263,Moderate,2_person,married_couple,0,F&B Eatery/Drinking Places,Public_transport,Public_transport
12115,29,Young Adult,77288,High,1_person,living_alone,1,F&B Eatery/Full-Service Restaurants,Car,Walking
9110,70,Elderly,21516,Low,2_person,married_couple,2,F&B Eatery/Full-Service Restaurants,Car,Car
6570,62,Elderly,26786,Low,2_person,family_single,1,F&B Eatery/Snack and Nonalcoholic Beverage Bars,Car,Car
6638,62,Elderly,145989,Ultra High,2_person,married_couple,1,F&B Eatery/Full-Service Restaurants,Walking,Car
56503,94,Elderly,283390,Ultra High,1_person,living_alone,0,F&B Eatery/Full-Service Restaurants,Car,Public_transport
15398,28,Young Adult,91750,Very High,2_person,married_couple,1,F&B Eatery/Drinking Places,Walking,Walking
61212,86,Elderly,6395,Low,5_person,married_couple,3_plus,F&B Eatery/Full-Service Restaurants,Car,Car
45272,52,Senior,99238,Very High,7_plus_person,married_couple,1,F&B Eatery/Limited-Service Restaurants,Walking,Car
65661,63,Elderly,1296,Low,2_person,married_couple,2,F&B Eatery/Snack and Nonalcoholic Beverage Bars,Public_transport,Car
1239,26,Young Adult,158190,Ultra High,4_person,nonfamily_single,2,F&B Eatery/Snack and Nonalcoholic Beverage Bars,Public_transport,Public_transport
35057,85,Elderly,10101,Low,7_plus_person,nonfamily_single,3_plus,F&B Eatery/Full-Service Restaurants,Car,Car
41235,23,Young Adult,2214,Low,4_person,nonfamily_single,0,F&B Eatery/Full-Service Restaurants,Walking,Walking
25611,32,Adult,35355,Moderate,2_person,family_single,0,F&B Eatery/Limited-Service Restaurants,Walking,Walking
33997,85,Elderly,28017,Low,1_person,living_alone,1,F&B Eatery/Full-Service Restaurants,Car,Car
64178,41,Middle Age,3796,Low,2_person,nonfamily_single,0,F&B Eatery/Full-Service Restaurants,Public_transport,Walking
9200,24,Young Adult,37570,Moderate,2_person,nonfamily_single,2,F&B Eatery/Full-Service Restaurants,Walking,Car
29856,21,Young Adult,0,Debt,3_person,nonfamily_single,0,F&B Eatery/Snack and Nonalcoholic Beverage Bars,Walking,Walking
28404,39,Adult,75248,High,5_person,married_couple,1,F&B Eatery/Snack and Nonalcoholic Beverage Bars,Car,Public_transport
1058,49,Middle Age,0,Debt,4_person,married_couple,2,F&B Eatery/Full-Service Restaurants,Car,Car
39030,37,Adult,10804,Low,6_person,family_single,1,F&B Eatery/Full-Service Restaurants,Walking,Public_transport
27420,23,Young Adult,5402,Low,7_plus_person,married_couple,2,F&B Eatery/Full-Service Restaurants,Walking,Car
281,21,Young Adult,0,Debt,2_person,nonfamily_single,0,F&B Eatery/Full-Service Restaurants,Walking,Walking
47614,25,Young Adult,0,Debt,3_person,married_couple,2,F&B Eatery/Snack and Nonalcoholic Beverage Bars,Public_transport,Public_transport
20337,78,Elderly,71582,High,2_person,married_couple,2,F&B Eatery/Full-Service Restaurants,Car,Car
34707,61,Elderly,19288,Low,1_person,living_alone,1,F&B Eatery/Full-Service Restaurants,Car,Car
67120,33,Adult,39717,Moderate,2_person,nonfamily_single,1,F&B Eatery/Limited-Service Restaurants,Car,Car
619,36,Adult,103351,Very High,1_person,living_alone,1,F&B Eatery/Full-Service Restaurants,Walking,Car
18309,33,Adult,45348,Moderate,2_person,nonfamily_single,1,F&B Eatery/Full-Service Restaurants,Walking,Car
26155,69,Elderly,50541,Moderate,2_person,married_couple,1,F&B Eatery/Full-Service Restaurants,Car,Car
9847,68,Elderly,44333,Moderate,2_person,family_single,1,F&B Eatery/Full-Service Restaurants,Walking,Car
15563,24,Young Adult,129298,Ultra High,3_person,nonfamily_single,0,F&B Eatery/Full-Service Restaurants,Public_transport,Walking
51886,67,Elderly,13131,Low,1_person,living_alone,1,F&B Eatery/Full-Service Restaurants,Car,Car
55204,62,Elderly,0,Debt,2_person,married_couple,3_plus,F&B Eatery/Full-Service Restaurants,Car,Car
35946,38,Adult,23201,Low,4_person,married_couple,0,F&B Eatery/Full-Service Restaurants,Walking,Public_transport
23499,52,Senior,0,Debt,5_person,married_couple,1,F&B Eatery/Full-Service Restaurants,Car,Car
6276,34,Adult,108047,Very High,2_person,nonfamily_single,0,F&B Eatery/Drinking Places,Walking,Walking
42240,85,Elderly,27436,Low,2_person,family_single,0,F&B Eatery/Limited-Service Restaurants,Walking,Walking
66469,20,Young Adult,0,Debt,3_person,nonfamily_single,0,F&B Eatery/Snack and Nonalcoholic Beverage Bars,Walking,Walking
33397,29,Young Adult,18359,Low,6_person,married_couple,2,F&B Eatery/Snack and Nonalcoholic Beverage Bars,Car,Car
44738,29,Young Adult,158190,Ultra High,4_person,nonfamily_single,1,F&B Eatery/Snack and Nonalcoholic Beverage Bars,Car,Public_transport
52233,23,Young Adult,34647,Moderate,1_person,living_alone,1,F&B Eatery/Full-Service Restaurants,Car,Car
12588,20,Young Adult,0,Debt,3_person,nonfamily_single,0,F&B Eatery/Limited-Service Restaurants,Walking,Walking
61367,68,Elderly,105460,Very High,3_person,family_single,2,F&B Eatery/Full-Service Restaurants,Walking,Car
21927,42,Middle Age,103994,Very High,2_person,married_couple,1,F&B Eatery/Snack and Nonalcoholic Beverage Bars,Walking,Car
13760,73,Elderly,14337,Low,3_person,nonfamily_single,1,F&B Eatery/Limited-Service Restaurants,Car,Car
64674,60,Senior,32414,Moderate,5_person,family_single,1,F&B Eatery/Full-Service Restaurants,Walking,Car
61272,25,Young Adult,31333,Moderate,2_person,nonfamily_single,1,F&B Eatery/Limited-Service Restaurants,Public_transport,Car
45893,20,Young Adult,0,Debt,4_person,family_single,0,F&B Eatery/Snack and Nonalcoholic Beverage Bars,Walking,Walking
47064,87,Elderly,1414,Low,3_person,married_couple,1,F&B Eatery/Full-Service Restaurants,Walking,Car
35046,27,Young Adult,834193,Ultra High,2_person,nonfamily_single,0,F&B Eatery/Drinking Places,Walking,Walking
50677,45,Middle Age,134088,Ultra High,1_person,living_alone,1,F&B Eatery/Limited-Service Restaurants,Walking,Car
35133,59,Senior,98297,Very High,2_person,family_single,1,F&B Eatery/Snack and Nonalcoholic Beverage Bars,Car,Car
4648,44,Middle Age,118079,Very High,5_person,married_couple,1,F&B Eatery/Limited-Service Restaurants,Car,Car
44965,18,Teen,3241,Low,4_person,married_couple,1,F&B Eatery/Limited-Service Restaurants,Car,Public_transport
64324,48,Middle Age,86437,High,2_person,married_couple,2,F&B Eatery/Limited-Service Restaurants,Car,Car
26916,38,Adult,60608,High,1_person,living_alone,0,F&B Eatery/Drinking Places,Public_transport,Walking
33142,43,Middle Age,0,Debt,3_person,married_couple,1,F&B Eatery/Full-Service Restaurants,Car,Car
66010,41,Middle Age,26048,Low,4_person,married_couple,0,F&B Eatery/Full-Service Restaurants,Public_transport,Public_transport
11561,37,Adult,43218,Moderate,1_person,living_alone,0,F&B Eatery/Full-Service Restaurants,Walking,Walking
23279,74,Elderly,48478,Moderate,2_person,married_couple,1,F&B Eatery/Snack and Nonalcoholic Beverage Bars,Car,Car
26723,21,Young Adult,0,Debt,2_person,nonfamily_single,0,F&B Eatery/Full-Service Restaurants,Walking,Walking
19975,72,Elderly,4444,Low,2_person,married_couple,2,F&B Eatery/Full-Service Restaurants,Public_transport,Car
27490,63,Elderly,3232,Low,5_person,family_single,3_plus,F&B Eatery/Limited-Service Restaurants,Car,Car
57056,36,Adult,10372,Low,7_plus_person,family_single,2,F&B Eatery/Special Food Services,Car,Public_transport
48364,63,Elderly,3997,Low,1_person,living_alone,0,F&B Eatery/Snack and Nonalcoholic Beverage Bars,Public_transport,Walking
42229,70,Elderly,3757,Low,2_person,married_couple,0,F&B Eatery/Limited-Service Restaurants,Walking,Public_transport
45241,23,Young Adult,123774,Ultra High,3_person,nonfamily_single,1,F&B Eatery/Limited-Service Restaurants,Walking,Walking
17778,25,Young Adult,44299,Moderate,2_person,nonfamily_single,1,F&B Eatery/Drinking Places,Car,Car
29426,35,Adult,69150,High,1_person,living_alone,1,F&B Eatery/Limited-Service Restaurants,Walking,Car
12201,51,Senior,37860,Moderate,5_person,family_single,0,F&B Eatery/Snack and Nonalcoholic Beverage Bars,Car,Public_transport
45350,31,Adult,55557,Moderate,3_person,married_couple,2,F&B Eatery/Full-Service Restaurants,Public_transport,Car
26017,24,Young Adult,97242,Very High,3_person,family_single,0,F&B Eatery/Full-Service Restaurants,Car,Walking
26958,27,Young Adult,53672,Moderate,2_person,nonfamily_single,1,F&B Eatery/Full-Service Restaurants,Public_transport,Car
67227,50,Middle Age,8485,Low,1_person,living_alone,1,F&B Eatery/Full-Service Restaurants,Walking,Car
22015,50,Middle Age,9661,Low,2_person,family_single,0,F&B Eatery/Limited-Service Restaurants,Public_transport,Walking
31585,57,Senior,8889,Low,7_plus_person,nonfamily_single,0,F&B Eatery/Snack and Nonalcoholic Beverage Bars,Walking,Public_transport
31860,67,Elderly,8158,Low,4_person,family_single,3_plus,F&B Eatery/Snack and Nonalcoholic Beverage Bars,Public_transport,Car
25849,26,Young Adult,8436,Low,4_person,married_couple,3_plus,F&B Eatery/Full-Service Restaurants,Car,Car
65128,60,Senior,43238,Moderate,1_person,living_alone,0,F&B Eatery/Full-Service Restaurants,Walking,Public_transport
4703,94,Elderly,3435,Low,1_person,living_alone,0,F&B Eatery/Full-Service Restaurants,Walking,Walking
39063,21,Young Adult,0,Debt,2_person,nonfamily_single,0,F&B Eatery/Snack and Nonalcoholic Beverage Bars,Walking,Walking
39443,70,Elderly,330317,Ultra High,7_plus_person,married_couple,1,F&B Eatery/Full-Service Restaurants,Public_transport,Car
25963,40,Adult,0,Debt,4_person,married_couple,1,F&B Eatery/Limited-Service Restaurants,Public_transport,Car
47908,90,Elderly,170714,Ultra High,1_person,living_alone,1,F&B Eatery/Drinking Places,Car,Car
956,26,Young Adult,18367,Low,3_person,family_single,0,F&B Eatery/Full-Service Restaurants,Walking,Walking
59321,61,Elderly,9016,Low,1_person,living_alone,0,F&B Eatery/Full-Service Restaurants,Public_transport,Walking
30027,45,Middle Age,2593,Low,3_person,married_couple,1,F&B Eatery/Full-Service Restaurants,Walking,Car
55230,48,Middle Age,24850,Low,2_person,nonfamily_single,1,F&B Eatery/Snack and Nonalcoholic Beverage Bars,Car,Car
16309,26,Young Adult,64406,High,4_person,nonfamily_single,2,F&B Eatery/Limited-Service Restaurants,Walking,Car
45500,28,Young Adult,65659,High,2_person,nonfamily_single,1,F&B Eatery/Full-Service Restaurants,Car,Walking
8946,31,Adult,131318,Ultra High,1_person,living_alone,1,F&B Eatery/Full-Service Restaurants,Walking,Car
60315,40,Adult,4332,Low,7_plus_person,married_couple,3_plus,F&B Eatery/Limited-Service Restaurants,Public_transport,Car
2920,65,Elderly,113557,Very High,3_person,married_couple,1,F&B Eatery/Full-Service Restaurants,Car,Car
37412,50,Middle Age,91243,Very High,3_person,married_couple,1,F&B Eatery/Limited-Service Restaurants,Car,Car
661,19,Young Adult,0,Debt,7_plus_person,married_couple,3_plus,F&B Eatery/Full-Service Restaurants,Public_transport,Car
16082,55,Senior,53672,Moderate,1_person,living_alone,1,F&B Eatery/Full-Service Restaurants,Car,Car
20049,46,Middle Age,68760,High,1_person,living_alone,1,F&B Eatery/Snack and Nonalcoholic Beverage Bars,Public_transport,Car
2356,45,Middle Age,36383,Moderate,3_person,married_couple,1,F&B Eatery/Snack and Nonalcoholic Beverage Bars,Public_transport,Car
28380,52,Senior,53672,Moderate,2_person,married_couple,2,F&B Eatery/Limited-Service Restaurants,Car,Car
52579,22,Young Adult,27012,Low,4_person,nonfamily_single,1,F&B Eatery/Full-Service Restaurants,Walking,Car
20022,27,Young Adult,151521,Ultra High,2_person,nonfamily_single,1,F&B Eatery/Full-Service Restaurants,Car,Walking
31890,55,Senior,201593,Ultra High,1_person,living_alone,0,F&B Eatery/Limited-Service Restaurants,Walking,Public_transport
26745,64,Elderly,8372,Low,2_person,family_single,1,F&B Eatery/Full-Service Restaurants,Car,Car
1560,86,Elderly,18182,Low,2_person,nonfamily_single,1,F&B Eatery/Full-Service Restaurants,Car,Car
10326,27,Young Adult,102644,Very High,2_person,married_couple,1,F&B Eatery/Limited-Service Restaurants,Public_transport,Walking
15313,36,Adult,154717,Ultra High,2_person,family_single,1,F&B Eatery/Full-Service Restaurants,Public_transport,Car
36877,35,Adult,135058,Ultra High,6_person,family_single,3_plus,F&B Eatery/Snack and Nonalcoholic Beverage Bars,Public_transport,Car
21288,65,Elderly,19988,Low,1_person,living_alone,1,F&B Eatery/Full-Service Restaurants,Public_transport,Car
56446,19,Young Adult,0,Debt,3_person,nonfamily_single,0,F&B Eatery/Full-Service Restaurants,Walking,Walking
33662,39,Adult,58588,Moderate,2_person,nonfamily_single,2,F&B Eatery/Full-Service Restaurants,Car,Car
27961,22,Young Adult,105460,Very High,2_person,nonfamily_single,1,F&B Eatery/Full-Service Restaurants,Car,Car
11653,23,Young Adult,2214,Low,4_person,nonfamily_single,0,F&B Eatery/Full-Service Restaurants,Walking,Walking
66470,28,Young Adult,50507,Moderate,3_person,nonfamily_single,3_plus,F&B Eatery/Full-Service Restaurants,Walking,Car
26630,26,Young Adult,0,Debt,4_person,married_couple,1,F&B Eatery/Snack and Nonalcoholic Beverage Bars,Car,Car
24826,53,Senior,27909,Low,7_plus_person,family_single,1,F&B Eatery/Limited-Service Restaurants,Car,Walking
61550,28,Young Adult,5186,Low,3_person,family_single,0,F&B Eatery/Limited-Service Restaurants,Walking,Walking
13629,73,Elderly,127900,Ultra High,2_person,married_couple,1,F&B Eatery/Limited-Service Restaurants,Car,Car
25683,74,Elderly,246883,Ultra High,7_plus_person,married_couple,1,F&B Eatery/Limited-Service Restaurants,Car,Car
3389,26,Young Adult,71720,High,1_person,living_alone,0,F&B Eatery/Snack and Nonalcoholic Beverage Bars,Walking,Walking
26289,21,Young Adult,0,Debt,5_person,married_couple,2,F&B Eatery/Full-Service Restaurants,Public_transport,Car
64881,23,Young Adult,0,Debt,3_person,nonfamily_single,3_plus,F&B Eatery/Snack and Nonalcoholic Beverage Bars,Public_transport,Walking
33320,50,Middle Age,14342,Low,2_person,family_single,0,F&B Eatery/Full-Service Restaurants,Public_transport,Walking
26015,34,Adult,63276,High,2_person,married_couple,1,F&B Eatery/Limited-Service Restaurants,Public_transport,Car
1925,40,Adult,25786,Low,7_plus_person,married_couple,3_plus,F&B Eatery/Limited-Service Restaurants,Car,Car
49786,30,Young Adult,32414,Moderate,2_person,family_single,1,F&B Eatery/Snack and Nonalcoholic Beverage Bars,Walking,Car
57660,25,Young Adult,0,Debt,2_person,nonfamily_single,1,F&B Eatery/Full-Service Restaurants,Car,Walking
51047,34,Adult,97984,Very High,2_person,married_couple,2,F&B Eatery/Snack and Nonalcoholic Beverage Bars,Car,Car
62768,42,Middle Age,309435,Ultra High,2_person,married_couple,2,F&B Eatery/Limited-Service Restaurants,Car,Car
25003,79,Elderly,18982,Low,2_person,married_couple,1,F&B Eatery/Full-Service Restaurants,Car,Car
9078,42,Middle Age,22473,Low,7_plus_person,married_couple,1,F&B Eatery/Special Food Services,Car,Car
65641,22,Young Adult,0,Debt,4_person,married_couple,1,F&B Eatery/Snack and Nonalcoholic Beverage Bars,Walking,Car
50861,33,Adult,111115,Very High,1_person,living_alone,0,F&B Eatery/Snack and Nonalcoholic Beverage Bars,Public_transport,Walking
23398,30,Young Adult,61618,High,3_person,nonfamily_single,1,F&B Eatery/Full-Service Restaurants,Walking,Walking
52326,39,Adult,84368,High,3_person,married_couple,1,F&B Eatery/Snack and Nonalcoholic Beverage Bars,Car,Car
50069,27,Young Adult,16873,Low,4_person,family_single,1,F&B Eatery/Drinking Places,Walking,Car
56985,23,Young Adult,25310,Low,3_person,nonfamily_single,2,F&B Eatery/Full-Service Restaurants,Walking,Walking
45004,23,Young Adult,0,Debt,2_person,nonfamily_single,0,F&B Eatery/Limited-Service Restaurants,Walking,Walking
27424,56,Senior,19899,Low,1_person,living_alone,1,F&B Eatery/Limited-Service Restaurants,Public_transport,Car
6368,64,Elderly,90913,Very High,2_person,married_couple,1,F&B Eatery/Full-Service Restaurants,Walking,Car
49153,23,Young Adult,31638,Moderate,4_person,nonfamily_single,2,F&B Eatery/Full-Service Restaurants,Walking,Public_transport
63483,70,Elderly,6666,Low,7_plus_person,married_couple,1,F&B Eatery/Full-Service Restaurants,Public_transport,Car
61681,70,Elderly,293347,Ultra High,1_person,living_alone,1,F&B Eatery/Full-Service Restaurants,Walking,Car
22431,60,Senior,1296,Low,2_person,family_single,2,F&B Eatery/Full-Service Restaurants,Public_transport,Car
35488,29,Young Adult,32425,Moderate,4_person,nonfamily_single,0,F&B Eatery/Limited-Service Restaurants,Public_transport,Walking
48787,79,Elderly,101014,Very High,1_person,living_alone,1,F&B Eatery/Full-Service Restaurants,Car,Car
38559,80,Elderly,73542,High,1_person,living_alone,1,F&B Eatery/Full-Service Restaurants,Car,Car
52269,30,Young Adult,62260,High,2_person,married_couple,1,F&B Eatery/Full-Service Restaurants,Public_transport,Walking
39499,16,Teen,0,Debt,3_person,married_couple,2,F&B Eatery/Snack and Nonalcoholic Beverage Bars,Public_transport,Car
43408,68,Elderly,27841,Low,1_person,living_alone,0,F&B Eatery/Full-Service Restaurants,Walking,Walking
46167,42,Middle Age,14553,Low,5_person,family_single,2,F&B Eatery/Full-Service Restaurants,Public_transport,Public_transport
32981,80,Elderly,15135,Low,1_person,living_alone,0,F&B Eatery/Snack and Nonalcoholic Beverage Bars,Walking,Walking
49930,25,Young Adult,34575,Moderate,2_person,nonfamily_single,1,F&B Eatery/Full-Service Restaurants,Public_transport,Car
30087,69,Elderly,8889,Low,7_plus_person,nonfamily_single,0,F&B Eatery/Snack and Nonalcoholic Beverage Bars,Walking,Public_transport
52648,46,Middle Age,64406,High,4_person,married_couple,1,F&B Eatery/Full-Service Restaurants,Public_transport,Car
66314,33,Adult,105460,Very High,3_person,married_couple,1,F&B Eatery/Full-Service Restaurants,Walking,Car
51195,62,Elderly,88892,High,1_person,living_alone,0,F&B Eatery/Snack and Nonalcoholic Beverage Bars,Public_transport,Public_transport
64288,36,Adult,340637,Ultra High,1_person,living_alone,0,F&B Eatery/Drinking Places,Walking,Walking
41688,81,Elderly,65480,High,2_person,nonfamily_single,1,F&B Eatery/Full-Service Restaurants,Car,Car
21804,41,Middle Age,28092,Low,7_plus_person,married_couple,0,F&B Eatery/Full-Service Restaurants,Public_transport,Public_transport
6154,24,Young Adult,45456,Moderate,3_person,family_single,1,F&B Eatery/Limited-Service Restaurants,Public_transport,Car
26143,54,Senior,94517,Very High,3_person,married_couple,1,F&B Eatery/Full-Service Restaurants,Walking,Car
62046,26,Young Adult,19391,Low,3_person,nonfamily_single,2,F&B Eatery/Full-Service Restaurants,Public_transport,Walking
29009,40,Adult,58003,Moderate,5_person,family_single,3_plus,F&B Eatery/Snack and Nonalcoholic Beverage Bars,Public_transport,Walking
30015,49,Middle Age,202029,Ultra High,1_person,living_alone,0,F&B Eatery/Limited-Service Restaurants,Public_transport,Walking
26589,30,Young Adult,34801,Moderate,2_person,family_single,1,F&B Eatery/Full-Service Restaurants,Public_transport,Car
60112,55,Senior,834193,Ultra High,2_person,married_couple,3_plus,F&B Eatery/Snack and Nonalcoholic Beverage Bars,Public_transport,Car
29759,36,Adult,51418,Moderate,7_plus_person,nonfamily_single,2,F&B Eatery/Snack and Nonalcoholic Beverage Bars,Car,Walking
54615,38,Adult,22691,Low,7_plus_person,married_couple,3_plus,F&B Eatery/Full-Service Restaurants,Public_transport,Car
49268,23,Young Adult,4408,Low,2_person,married_couple,1,F&B Eatery/Limited-Service Restaurants,Public_transport,Public_transport
5109,21,Young Adult,0,Debt,3_person,family_single,1,F&B Eatery/Limited-Service Restaurants,Car,Walking
65455,31,Adult,54023,Moderate,3_person,married_couple,1,F&B Eatery/Limited-Service Restaurants,Car,Car
8712,29,Young Adult,25762,Low,2_person,nonfamily_single,1,F&B Eatery/Full-Service Restaurants,Car,Walking
34531,62,Elderly,54023,Moderate,2_person,nonfamily_single,1,F&B Eatery/Drinking Places,Car,Car
51027,44,Middle Age,11163,Low,2_person,family_single,1,F&B Eatery/Drinking Places,Car,Car
28541,24,Young Adult,0,Debt,3_person,nonfamily_single,0,F&B Eatery/Limited-Service Restaurants,Walking,Walking
11536,82,Elderly,5959,Low,3_person,married_couple,1,F&B Eatery/Snack and Nonalcoholic Beverage Bars,Car,Car
47837,24,Young Adult,10505,Low,3_person,nonfamily_single,1,F&B Eatery/Full-Service Restaurants,Car,Walking
526,55,Senior,274439,Ultra High,1_person,living_alone,1,F&B Eatery/Full-Service Restaurants,Car,Car
15251,29,Young Adult,92830,Very High,6_person,married_couple,2,F&B Eatery/Snack and Nonalcoholic Beverage Bars,Walking,Car
52098,28,Young Adult,0,Debt,3_person,married_couple,0,F&B Eatery/Snack and Nonalcoholic Beverage Bars,Walking,Walking
53625,28,Young Adult,72201,High,3_person,nonfamily_single,1,F&B Eatery/Full-Service Restaurants,Public_transport,Walking
44859,21,Young Adult,11915,Low,2_person,nonfamily_single,1,F&B Eatery/Full-Service Restaurants,Walking,Walking
5655,51,Senior,25226,Low,3_person,family_single,0,F&B Eatery/Limited-Service Restaurants,Walking,Public_transport
38827,55,Senior,9491,Low,1_person,living_alone,1,F&B Eatery/Full-Service Restaurants,Walking,Car
61788,18,Teen,0,Debt,3_person,family_single,1,F&B Eatery/Limited-Service Restaurants,Public_transport,Walking
39110,31,Adult,21609,Low,6_person,married_couple,1,F&B Eatery/Limited-Service Restaurants,Public_transport,Car
30707,37,Adult,22779,Low,3_person,married_couple,0,F&B Eatery/Snack and Nonalcoholic Beverage Bars,Walking,Public_transport
8711,65,Elderly,10372,Low,1_person,living_alone,1,F&B Eatery/Snack and Nonalcoholic Beverage Bars,Public_transport,Car
36444,23,Young Adult,25174,Low,3_person,nonfamily_single,1,F&B Eatery/Full-Service Restaurants,Walking,Walking
5776,24,Young Adult,36819,Moderate,1_person,living_alone,0,F&B Eatery/Full-Service Restaurants,Public_transport,Walking
39341,50,Middle Age,8889,Low,7_plus_person,nonfamily_single,0,F&B Eatery/Limited-Service Restaurants,Public_transport,Public_transport
21563,52,Senior,0,Debt,5_person,married_couple,1,F&B Eatery/Snack and Nonalcoholic Beverage Bars,Walking,Car
18639,30,Young Adult,36365,Moderate,3_person,nonfamily_single,1,F&B Eatery/Full-Service Restaurants,Car,Car
23019,29,Young Adult,83842,High,2_person,nonfamily_single,0,F&B Eatery/Snack and Nonalcoholic Beverage Bars,Public_transport,Walking
38158,63,Elderly,0,Debt,1_person,living_alone,0,F&B Eatery/Drinking Places,Car,Walking
26385,24,Young Adult,62260,High,3_person,nonfamily_single,0,F&B Eatery/Drinking Places,Public_transport,Walking
26431,62,Elderly,84368,High,3_person,family_single,2,F&B Eatery/Full-Service Restaurants,Car,Car
48290,34,Adult,0,Debt,5_person,married_couple,1,F&B Eatery/Snack and Nonalcoholic Beverage Bars,Car,Car
1980,53,Senior,12377,Low,4_person,married_couple,2,F&B Eatery/Limited-Service Restaurants,Car,Public_transport
19982,29,Young Adult,16101,Low,3_person,nonfamily_single,0,F&B Eatery/Full-Service Restaurants,Walking,Walking
12857,44,Middle Age,7023,Low,3_person,married_couple,2,F&B Eatery/Limited-Service Restaurants,Walking,Car
7424,67,Elderly,9069,Low,2_person,nonfamily_single,1,F&B Eatery/Drinking Places,Car,Car
5626,27,Young Adult,69774,High,3_person,nonfamily_single,0,F&B Eatery/Full-Service Restaurants,Car,Walking
32196,30,Young Adult,64,Low,2_person,nonfamily_single,0,F&B Eatery/Limited-Service Restaurants,Walking,Walking
63416,53,Senior,141420,Ultra High,3_person,family_single,2,F&B Eatery/Snack and Nonalcoholic Beverage Bars,Car,Car
48901,27,Young Adult,80811,High,3_person,married_couple,3_plus,F&B Eatery/Full-Service Restaurants,Car,Car
53331,45,Middle Age,86437,High,4_person,married_couple,2,F&B Eatery/Full-Service Restaurants,Walking,Car
28602,27,Young Adult,69774,High,7_plus_person,nonfamily_single,1,F&B Eatery/Limited-Service Restaurants,Walking,Walking
39214,61,Elderly,8889,Low,7_plus_person,nonfamily_single,0,F&B Eatery/Full-Service Restaurants,Public_transport,Public_transport
53268,34,Adult,96977,Very High,1_person,living_alone,0,F&B Eatery/Drinking Places,Walking,Walking
33756,31,Adult,103145,Very High,2_person,nonfamily_single,1,F&B Eatery/Limited-Service Restaurants,Car,Car
44413,73,Elderly,15397,Low,2_person,family_single,1,F&B Eatery/Drinking Places,Public_transport,Car
52930,26,Young Adult,77462,High,2_person,nonfamily_single,1,F&B Eatery/Limited-Service Restaurants,Public_transport,Walking
22042,41,Middle Age,20202,Low,5_person,married_couple,0,F&B Eatery/Full-Service Restaurants,Walking,Public_transport
3093,21,Young Adult,0,Debt,2_person,nonfamily_single,0,F&B Eatery/Limited-Service Restaurants,Walking,Walking
52307,31,Adult,17263,Low,3_person,nonfamily_single,1,F&B Eatery/Full-Service Restaurants,Public_transport,Public_transport
60545,34,Adult,62260,High,6_person,family_single,1,F&B Eatery/Snack and Nonalcoholic Beverage Bars,Public_transport,Public_transport
50975,41,Middle Age,64406,High,3_person,married_couple,3_plus,F&B Eatery/Full-Service Restaurants,Car,Car
23411,33,Adult,22971,Low,4_person,family_single,0,F&B Eatery/Full-Service Restaurants,Public_transport,Walking
17482,26,Young Adult,70310,High,2_person,married_couple,1,F&B Eatery/Snack and Nonalcoholic Beverage Bars,Car,Walking
41846,89,Elderly,11378,Low,1_person,living_alone,0,F&B Eatery/Drinking Places,Walking,Walking
6540,62,Elderly,67044,High,2_person,nonfamily_single,1,F&B Eatery/Snack and Nonalcoholic Beverage Bars,Car,Car
14288,27,Young Adult,40791,Moderate,2_person,nonfamily_single,1,F&B Eatery/Drinking Places,Car,Car
13025,70,Elderly,330317,Ultra High,7_plus_person,married_couple,1,F&B Eatery/Full-Service Restaurants,Car,Car
26029,29,Young Adult,0,Debt,2_person,married_couple,0,F&B Eatery/Snack and Nonalcoholic Beverage Bars,Walking,Walking
11745,41,Middle Age,82516,High,4_person,married_couple,1,F&B Eatery/Full-Service Restaurants,Public_transport,Car
44569,35,Adult,633360,Ultra High,4_person,married_couple,1,F&B Eatery/Limited-Service Restaurants,Public_transport,Public_transport
29241,24,Young Adult,0,Debt,4_person,nonfamily_single,1,F&B Eatery/Full-Service Restaurants,Walking,Walking
27082,22,Young Adult,41258,Moderate,4_person,nonfamily_single,1,F&B Eatery/Full-Service Restaurants,Car,Car
31598,73,Elderly,19322,Low,2_person,married_couple,2,F&B Eatery/Full-Service Restaurants,Walking,Car
7813,21,Young Adult,10804,Low,7_plus_person,married_couple,0,F&B Eatery/Snack and Nonalcoholic Beverage Bars,Walking,Public_transport
67113,28,Young Adult,21468,Low,2_person,family_single,1,F&B Eatery/Limited-Service Restaurants,Walking,Walking
57372,80,Elderly,60506,High,4_person,family_single,1,F&B Eatery/Snack and Nonalcoholic Beverage Bars,Car,Car
27083,58,Senior,73471,High,3_person,married_couple,2,F&B Eatery/Full-Service Restaurants,Public_transport,Car
21427,49,Middle Age,36067,Moderate,2_person,married_couple,1,F&B Eatery/Snack and Nonalcoholic Beverage Bars,Car,Car
21195,36,Adult,50507,Moderate,2_person,married_couple,0,F&B Eatery/Limited-Service Restaurants,Public_transport,Public_transport
24860,24,Young Adult,31638,Moderate,3_person,nonfamily_single,2,F&B Eatery/Snack and Nonalcoholic Beverage Bars,Walking,Car
37567,34,Adult,12121,Low,5_person,married_couple,1,F&B Eatery/Snack and Nonalcoholic Beverage Bars,Public_transport,Car
23821,76,Elderly,17328,Low,2_person,nonfamily_single,1,F&B Eatery/Full-Service Restaurants,Car,Car
20953,65,Elderly,9091,Low,5_person,married_couple,2,F&B Eatery/Full-Service Restaurants,Walking,Car
9077,51,Senior,39717,Moderate,7_plus_person,family_single,1,F&B Eatery/Snack and Nonalcoholic Beverage Bars,Car,Walking
63888,51,Senior,0,Debt,5_person,family_single,1,F&B Eatery/Full-Service Restaurants,Car,Car
50192,26,Young Adult,0,Debt,1_person,living_alone,0,F&B Eatery/Snack and Nonalcoholic Beverage Bars,Walking,Walking
7491,27,Young Adult,35655,Moderate,2_person,married_couple,1,F&B Eatery/Snack and Nonalcoholic Beverage Bars,Public_transport,Car
45539,30,Young Adult,101014,Very High,2_person,family_single,2,F&B Eatery/Drinking Places,Public_transport,Public_transport
13507,25,Young Adult,89641,High,1_person,living_alone,0,F&B Eatery/Full-Service Restaurants,Walking,Walking
5084,34,Adult,2784,Low,6_person,married_couple,2,F&B Eatery/Full-Service Restaurants,Car,Car
26660,37,Adult,68075,High,4_person,married_couple,2,F&B Eatery/Limited-Service Restaurants,Public_transport,Car
1435,78,Elderly,288757,Ultra High,2_person,married_couple,2,F&B Eatery/Drinking Places,Car,Car
61246,78,Elderly,11236,Low,1_person,living_alone,0,F&B Eatery/Drinking Places,Walking,Walking
13281,90,Elderly,80508,High,1_person,living_alone,0,F&B Eatery/Limited-Service Restaurants,Walking,Public_transport
42207,28,Young Adult,79954,High,3_person,nonfamily_single,1,F&B Eatery/Full-Service Restaurants,Car,Walking
29257,39,Adult,203955,Ultra High,3_person,married_couple,1,F&B Eatery/Full-Service Restaurants,Public_transport,Car
47517,59,Senior,596906,Ultra High,1_person,living_alone,1,F&B Eatery/Limited-Service Restaurants,Car,Car
1007,34,Adult,1054,Low,7_plus_person,married_couple,1,F&B Eatery/Limited-Service Restaurants,Walking,Walking
63852,21,Young Adult,0,Debt,2_person,nonfamily_single,0,F&B Eatery/Limited-Service Restaurants,Walking,Walking
31575,72,Elderly,0,Debt,4_person,nonfamily_single,1,F&B Eatery/Limited-Service Restaurants,Car,Car
37311,33,Adult,72201,High,2_person,nonfamily_single,0,F&B Eatery/Special Food Services,Walking,Walking
12987,72,Elderly,19932,Low,1_person,living_alone,0,F&B Eatery/Limited-Service Restaurants,Walking,Walking
31966,27,Young Adult,0,Debt,4_person,nonfamily_single,1,F&B Eatery/Drinking Places,Public_transport,Walking
34832,21,Young Adult,0,Debt,7_plus_person,married_couple,1,F&B Eatery/Full-Service Restaurants,Car,Car
60461,25,Young Adult,107344,Very High,2_person,nonfamily_single,0,F&B Eatery/Limited-Service Restaurants,Walking,Walking
33062,28,Young Adult,176775,Ultra High,2_person,nonfamily_single,0,F&B Eatery/Snack and Nonalcoholic Beverage Bars,Walking,Walking
57932,68,Elderly,16209,Low,1_person,living_alone,0,F&B Eatery/Snack and Nonalcoholic Beverage Bars,Public_transport,Walking
48845,31,Adult,143440,Ultra High,2_person,nonfamily_single,0,F&B Eatery/Snack and Nonalcoholic Beverage Bars,Walking,Walking
18787,72,Elderly,110733,Very High,2_person,married_couple,2,F&B Eatery/Snack and Nonalcoholic Beverage Bars,Car,Car
42534,67,Elderly,289172,Ultra High,2_person,married_couple,1,F&B Eatery/Limited-Service Restaurants,Walking,Car
36509,80,Elderly,329105,Ultra High,7_plus_person,married_couple,1,F&B Eatery/Limited-Service Restaurants,Car,Car
22890,61,Elderly,32203,Moderate,2_person,married_couple,2,F&B Eatery/Snack and Nonalcoholic Beverage Bars,Car,Car
2719,59,Senior,126552,Ultra High,2_person,married_couple,1,F&B Eatery/Limited-Service Restaurants,Walking,Car
47638,33,Adult,46158,Moderate,2_person,family_single,0,F&B Eatery/Full-Service Restaurants,Walking,Walking
54302,32,Adult,195975,Ultra High,3_person,married_couple,1,F&B Eatery/Limited-Service Restaurants,Walking,Car
49138,28,Young Adult,36365,Moderate,2_person,nonfamily_single,1,F&B Eatery/Limited-Service Restaurants,Public_transport,Car
49708,66,Elderly,151521,Ultra High,2_person,married_couple,1,F&B Eatery/Full-Service Restaurants,Car,Car
48874,73,Elderly,373194,Ultra High,2_person,nonfamily_single,2,F&B Eatery/Drinking Places,Car,Car
63620,24,Young Adult,8587,Low,6_person,nonfamily_single,0,F&B Eatery/Full-Service Restaurants,Walking,Walking
22534,75,Elderly,39607,Moderate,3_person,family_single,2,F&B Eatery/Full-Service Restaurants,Car,Car
53947,29,Young Adult,115522,Very High,2_person,nonfamily_single,0,F&B Eatery/Snack and Nonalcoholic Beverage Bars,Public_transport,Walking
2469,40,Adult,3094,Low,7_plus_person,married_couple,1,F&B Eatery/Full-Service Restaurants,Car,Walking
26292,34,Adult,4851,Low,2_person,nonfamily_single,1,F&B Eatery/Full-Service Restaurants,Car,Public_transport
51756,64,Elderly,0,Debt,3_person,married_couple,1,F&B Eatery/Full-Service Restaurants,Car,Car
33130,29,Young Adult,172875,Ultra High,2_person,nonfamily_single,1,F&B Eatery/Full-Service Restaurants,Walking,Walking
65082,70,Elderly,330317,Ultra High,7_plus_person,married_couple,1,F&B Eatery/Limited-Service Restaurants,Walking,Car
19623,30,Young Adult,216836,Ultra High,2_person,married_couple,2,F&B Eatery/Full-Service Restaurants,Car,Car
7314,75,Elderly,11056,Low,1_person,living_alone,0,F&B Eatery/Snack and Nonalcoholic Beverage Bars,Public_transport,Walking
30561,29,Young Adult,139548,Ultra High,2_person,nonfamily_single,2,F&B Eatery/Full-Service Restaurants,Walking,Car
11303,32,Adult,9670,Low,3_person,family_single,1,F&B Eatery/Drinking Places,Public_transport,Car
1591,19,Young Adult,0,Debt,3_person,nonfamily_single,0,F&B Eatery/Full-Service Restaurants,Public_transport,Walking
19129,28,Young Adult,103034,Very High,3_person,family_single,2,F&B Eatery/Limited-Service Restaurants,Car,Public_transport
2396,68,Elderly,40405,Moderate,7_plus_person,family_single,1,F&B Eatery/Limited-Service Restaurants,Public_transport,Car
9516,28,Young Adult,48478,Moderate,2_person,nonfamily_single,2,F&B Eatery/Full-Service Restaurants,Walking,Car
66391,32,Adult,9446,Low,1_person,living_alone,0,F&B Eatery/Full-Service Restaurants,Walking,Walking
41755,30,Young Adult,0,Debt,6_person,married_couple,1,F&B Eatery/Full-Service Restaurants,Car,Walking
3020,23,Young Adult,48305,Moderate,3_person,nonfamily_single,0,F&B Eatery/Full-Service Restaurants,Walking,Walking
9903,40,Adult,20000,Low,4_person,nonfamily_single,0,F&B Eatery/Snack and Nonalcoholic Beverage Bars,Walking,Walking
41873,16,Teen,1054,Low,4_person,married_couple,1,F&B Eatery/Full-Service Restaurants,Public_transport,Public_transport
3972,43,Middle Age,638411,Ultra High,1_person,living_alone,1,F&B Eatery/Full-Service Restaurants,Walking,Car
21754,22,Young Adult,8251,Low,5_person,married_couple,1,F&B Eatery/Full-Service Restaurants,Walking,Public_transport
33742,27,Young Adult,100050,Very High,2_person,nonfamily_single,1,F&B Eatery/Full-Service Restaurants,Walking,Car
25559,47,Middle Age,34350,Moderate,1_person,living_alone,0,F&B Eatery/Drinking Places,Walking,Walking
50106,21,Young Adult,0,Debt,2_person,nonfamily_single,0,F&B Eatery/Snack and Nonalcoholic Beverage Bars,Walking,Walking
58762,24,Young Adult,0,Debt,3_person,nonfamily_single,0,F&B Eatery/Limited-Service Restaurants,Public_transport,Walking
66534,65,Elderly,29912,Low,3_person,nonfamily_single,1,F&B Eatery/Snack and Nonalcoholic Beverage Bars,Walking,Car
42520,67,Elderly,297129,Ultra High,2_person,married_couple,1,F&B Eatery/Full-Service Restaurants,Car,Car
46542,48,Middle Age,6060,Low,1_person,living_alone,0,F&B Eatery/Full-Service Restaurants,Walking,Walking
29192,25,Young Adult,97551,Very High,2_person,nonfamily_single,1,F&B Eatery/Snack and Nonalcoholic Beverage Bars,Public_transport,Car
25931,23,Young Adult,32414,Moderate,2_person,nonfamily_single,0,F&B Eatery/Limited-Service Restaurants,Walking,Walking
17602,25,Young Adult,33494,Moderate,2_person,nonfamily_single,1,F&B Eatery/Full-Service Restaurants,Walking,Car
65160,59,Senior,107271,Very High,3_person,married_couple,1,F&B Eatery/Snack and Nonalcoholic Beverage Bars,Car,Car
43642,30,Young Adult,0,Debt,3_person,family_single,1,F&B Eatery/Snack and Nonalcoholic Beverage Bars,Car,Walking
23874,22,Young Adult,33491,Moderate,5_person,family_single,0,F&B Eatery/Full-Service Restaurants,Public_transport,Public_transport
17674,32,Adult,98757,Very High,2_person,married_couple,1,F&B Eatery/Drinking Places,Public_transport,Car
34701,29,Young Adult,47457,Moderate,2_person,nonfamily_single,2,F&B Eatery/Full-Service Restaurants,Public_transport,Car
59720,30,Young Adult,0,Debt,6_person,married_couple,1,F&B Eatery/Full-Service Restaurants,Car,Walking
60504,36,Adult,40304,Moderate,7_plus_person,nonfamily_single,3_plus,F&B Eatery/Limited-Service Restaurants,Car,Walking
33660,60,Senior,88022,High,3_person,family_single,2,F&B Eatery/Full-Service Restaurants,Walking,Car
7287,53,Senior,44504,Moderate,2_person,family_single,1,F&B Eatery/Full-Service Restaurants,Car,Car
54028,30,Young Adult,124254,Ultra High,2_person,married_couple,2,F&B Eatery/Limited-Service Restaurants,Car,Car
61413,69,Elderly,46209,Moderate,1_person,living_alone,1,F&B Eatery/Full-Service Restaurants,Public_transport,Car
7906,57,Senior,28474,Low,4_person,married_couple,1,F&B Eatery/Limited-Service Restaurants,Walking,Walking
28831,53,Senior,8251,Low,1_person,living_alone,0,F&B Eatery/Full-Service Restaurants,Walking,Public_transport
24578,26,Young Adult,26263,Low,4_person,nonfamily_single,0,F&B Eatery/Special Food Services,Car,Walking
26685,43,Middle Age,638411,Ultra High,1_person,living_alone,1,F&B Eatery/Drinking Places,Walking,Car
25425,19,Young Adult,0,Debt,4_person,married_couple,1,F&B Eatery/Snack and Nonalcoholic Beverage Bars,Car,Car
7657,52,Senior,302531,Ultra High,1_person,living_alone,0,F&B Eatery/Snack and Nonalcoholic Beverage Bars,Walking,Public_transport
42874,42,Middle Age,55557,Moderate,7_plus_person,nonfamily_single,3_plus,F&B Eatery/Snack and Nonalcoholic Beverage Bars,Walking,Car
26172,36,Adult,44661,Moderate,1_person,living_alone,0,F&B Eatery/Full-Service Restaurants,Public_transport,Walking
30448,26,Young Adult,21468,Low,2_person,nonfamily_single,1,F&B Eatery/Drinking Places,Car,Walking
18297,25,Young Adult,69700,High,2_person,nonfamily_single,1,F&B Eatery/Snack and Nonalcoholic Beverage Bars,Walking,Walking
62483,70,Elderly,36925,Moderate,2_person,nonfamily_single,1,F&B Eatery/Snack and Nonalcoholic Beverage Bars,Public_transport,Car
46600,53,Senior,0,Debt,2_person,married_couple,1,F&B Eatery/Full-Service Restaurants,Public_transport,Car
50948,49,Middle Age,641563,Ultra High,1_person,living_alone,1,F&B Eatery/Limited-Service Restaurants,Public_transport,Car
14199,39,Adult,17928,Low,6_person,married_couple,1,F&B Eatery/Full-Service Restaurants,Car,Car
55554,33,Adult,63276,High,2_person,family_single,1,F&B Eatery/Full-Service Restaurants,Car,Car
27376,94,Elderly,59340,Moderate,1_person,living_alone,1,F&B Eatery/Snack and Nonalcoholic Beverage Bars,Car,Car
61665,28,Young Adult,0,Debt,5_person,married_couple,2,F&B Eatery/Full-Service Restaurants,Public_transport,Car
40042,30,Young Adult,23230,Low,2_person,married_couple,2,F&B Eatery/Limited-Service Restaurants,Walking,Public_transport
34157,28,Young Adult,0,Debt,2_person,married_couple,1,F&B Eatery/Full-Service Restaurants,Car,Public_transport
64754,57,Senior,49497,Moderate,4_person,family_single,1,F&B Eatery/Full-Service Restaurants,Car,Car
41844,33,Adult,111115,Very High,4_person,married_couple,1,F&B Eatery/Limited-Service Restaurants,Walking,Car
38197,33,Adult,137098,Ultra High,1_person,living_alone,1,F&B Eatery/Full-Service Restaurants,Walking,Car
56979,24,Young Adult,0,Debt,3_person,nonfamily_single,0,F&B Eatery/Full-Service Restaurants,Walking,Walking
54842,22,Young Adult,63276,High,2_person,nonfamily_single,0,F&B Eatery/Full-Service Restaurants,Public_transport,Walking
62211,22,Young Adult,72201,High,4_person,nonfamily_single,3_plus,F&B Eatery/Full-Service Restaurants,Walking,Walking
24262,34,Adult,2784,Low,6_person,married_couple,2,F&B Eatery/Full-Service Restaurants,Walking,Car
48280,61,Elderly,0,Debt,1_person,living_alone,1,F&B Eatery/Snack and Nonalcoholic Beverage Bars,Car,Car
34636,32,Adult,0,Debt,2_person,nonfamily_single,0,F&B Eatery/Limited-Service Restaurants,Public_transport,Walking
29757,35,Adult,29634,Low,2_person,married_couple,2,F&B Eatery/Limited-Service Restaurants,Public_transport,Walking
56638,20,Young Adult,0,Debt,3_person,nonfamily_single,0,F&B Eatery/Limited-Service Restaurants,Walking,Walking
806,52,Senior,0,Debt,3_person,married_couple,1,F&B Eatery/Limited-Service Restaurants,Car,Car
37573,18,Teen,5420,Low,2_person,family_single,0,F&B Eatery/Drinking Places,Walking,Walking
45028,34,Adult,214689,Ultra High,4_person,married_couple,1,F&B Eatery/Snack and Nonalcoholic Beverage Bars,Car,Public_transport
67298,70,Elderly,3457,Low,3_person,nonfamily_single,1,F&B Eatery/Full-Service Restaurants,Car,Car
4494,71,Elderly,1296,Low,4_person,family_single,1,F&B Eatery/Snack and Nonalcoholic Beverage Bars,Public_transport,Car
35400,40,Adult,63276,High,3_person,married_couple,2,F&B Eatery/Drinking Places,Walking,Car
57775,50,Middle Age,869778,Ultra High,2_person,nonfamily_single,1,F&B Eatery/Full-Service Restaurants,Walking,Car
40600,28,Young Adult,49509,Moderate,2_person,married_couple,2,F&B Eatery/Snack and Nonalcoholic Beverage Bars,Public_transport,Car
32913,27,Young Adult,52730,Moderate,5_person,nonfamily_single,1,F&B Eatery/Full-Service Restaurants,Car,Car
55619,65,Elderly,67627,High,1_person,living_alone,0,F&B Eatery/Snack and Nonalcoholic Beverage Bars,Car,Public_transport
34801,70,Elderly,90913,Very High,1_person,living_alone,1,F&B Eatery/Drinking Places,Car,Car
32413,22,Young Adult,0,Debt,4_person,family_single,1,F&B Eatery/Full-Service Restaurants,Car,Walking
24951,38,Adult,86437,High,5_person,married_couple,1,F&B Eatery/Snack and Nonalcoholic Beverage Bars,Walking,Public_transport
33933,36,Adult,154717,Ultra High,2_person,family_single,1,F&B Eatery/Full-Service Restaurants,Public_transport,Car
2050,89,Elderly,29519,Low,2_person,nonfamily_single,1,F&B Eatery/Limited-Service Restaurants,Public_transport,Car
32733,74,Elderly,6440,Low,2_person,married_couple,2,F&B Eatery/Drinking Places,Walking,Car
10816,78,Elderly,29912,Low,1_person,living_alone,1,F&B Eatery/Full-Service Restaurants,Public_transport,Car
12676,20,Young Adult,0,Debt,2_person,family_single,2,F&B Eatery/Full-Service Restaurants,Public_transport,Walking
3430,23,Young Adult,40405,Moderate,4_person,nonfamily_single,1,F&B Eatery/Full-Service Restaurants,Public_transport,Car
24574,42,Middle Age,20629,Low,3_person,family_single,2,F&B Eatery/Full-Service Restaurants,Car,Car
50072,28,Young Adult,24689,Low,6_person,married_couple,2,F&B Eatery/Snack and Nonalcoholic Beverage Bars,Public_transport,Car
10616,52,Senior,80508,High,2_person,family_single,0,F&B Eatery/Snack and Nonalcoholic Beverage Bars,Car,Public_transport
58606,55,Senior,91799,Very High,1_person,living_alone,1,F&B Eatery/Full-Service Restaurants,Public_transport,Car
33039,32,Adult,638411,Ultra High,2_person,married_couple,1,F&B Eatery/Snack and Nonalcoholic Beverage Bars,Car,Car
12984,29,Young Adult,78390,High,1_person,living_alone,0,F&B Eatery/Full-Service Restaurants,Walking,Walking
62187,76,Elderly,28688,Low,1_person,living_alone,1,F&B Eatery/Full-Service Restaurants,Car,Car
61916,62,Elderly,63276,High,1_person,living_alone,0,F&B Eatery/Limited-Service Restaurants,Public_transport,Public_transport
51184,76,Elderly,18043,Low,2_person,married_couple,0,F&B Eatery/Drinking Places,Walking,Public_transport
29629,42,Middle Age,75632,High,3_person,family_single,1,F&B Eatery/Full-Service Restaurants,Car,Car
45084,42,Middle Age,9697,Low,7_plus_person,married_couple,3_plus,F&B Eatery/Snack and Nonalcoholic Beverage Bars,Public_transport,Car
67150,43,Middle Age,70710,High,4_person,family_single,1,F&B Eatery/Full-Service Restaurants,Car,Public_transport
39974,39,Adult,167472,Ultra High,3_person,married_couple,0,F&B Eatery/Full-Service Restaurants,Walking,Walking
13919,65,Elderly,7192,Low,2_person,married_couple,0,F&B Eatery/Full-Service Restaurants,Walking,Public_transport
48543,41,Middle Age,7406,Low,6_person,family_single,0,F&B Eatery/Drinking Places,Walking,Public_transport
27788,26,Young Adult,54023,Moderate,4_person,married_couple,1,F&B Eatery/Full-Service Restaurants,Walking,Walking
29430,32,Adult,75760,High,4_person,nonfamily_single,1,F&B Eatery/Full-Service Restaurants,Walking,Car
66081,49,Middle Age,52730,Moderate,4_person,married_couple,2,F&B Eatery/Full-Service Restaurants,Walking,Car
52393,77,Elderly,10372,Low,1_person,living_alone,0,F&B Eatery/Full-Service Restaurants,Public_transport,Walking
27345,44,Middle Age,11885,Low,2_person,married_couple,0,F&B Eatery/Drinking Places,Walking,Public_transport
7564,60,Senior,42937,Moderate,1_person,living_alone,1,F&B Eatery/Full-Service Restaurants,Walking,Car
15317,25,Young Adult,81035,High,3_person,nonfamily_single,3_plus,F&B Eatery/Full-Service Restaurants,Car,Car
54620,34,Adult,53672,Moderate,2_person,married_couple,1,F&B Eatery/Limited-Service Restaurants,Car,Car
44547,63,Elderly,79435,High,1_person,living_alone,1,F&B Eatery/Limited-Service Restaurants,Car,Car
6640,69,Elderly,15253,Low,2_person,married_couple,1,F&B Eatery/Drinking Places,Car,Car
56846,26,Young Adult,65385,High,3_person,nonfamily_single,3_plus,F&B Eatery/Full-Service Restaurants,Walking,Car
40998,69,Elderly,0,Debt,3_person,family_single,2,F&B Eatery/Full-Service Restaurants,Car,Car
23510,48,Middle Age,32203,Moderate,4_person,family_single,1,F&B Eatery/Snack and Nonalcoholic Beverage Bars,Public_transport,Car
20662,69,Elderly,9768,Low,2_person,married_couple,0,F&B Eatery/Full-Service Restaurants,Walking,Public_transport
2983,27,Young Adult,53635,Moderate,2_person,nonfamily_single,3_plus,F&B Eatery/Full-Service Restaurants,Public_transport,Car
57132,81,Elderly,21454,Low,5_person,nonfamily_single,2,F&B Eatery/Snack and Nonalcoholic Beverage Bars,Public_transport,Car
35435,32,Adult,64406,High,2_person,married_couple,1,F&B Eatery/Full-Service Restaurants,Car,Car
52375,76,Elderly,20420,Low,4_person,married_couple,3_plus,F&B Eatery/Snack and Nonalcoholic Beverage Bars,Car,Car
66150,50,Middle Age,849531,Ultra High,1_person,living_alone,1,F&B Eatery/Drinking Places,Walking,Car
17850,18,Teen,0,Debt,4_person,married_couple,2,F&B Eatery/Full-Service Restaurants,Public_transport,Car
37265,65,Elderly,9075,Low,1_person,living_alone,0,F&B Eatery/Full-Service Restaurants,Walking,Walking
19426,33,Adult,129962,Ultra High,2_person,married_couple,1,F&B Eatery/Limited-Service Restaurants,Public_transport,Car
25510,56,Senior,13397,Low,2_person,family_single,1,F&B Eatery/Limited-Service Restaurants,Car,Car
51571,56,Senior,72201,High,5_person,married_couple,3_plus,F&B Eatery/Full-Service Restaurants,Walking,Public_transport
54237,40,Adult,23201,Low,2_person,nonfamily_single,0,F&B Eatery/Snack and Nonalcoholic Beverage Bars,Walking,Walking
36062,94,Elderly,74712,High,2_person,married_couple,0,F&B Eatery/Full-Service Restaurants,Car,Public_transport
6737,35,Adult,112368,Very High,1_person,living_alone,1,F&B Eatery/Full-Service Restaurants,Public_transport,Car
41786,25,Young Adult,33747,Moderate,2_person,nonfamily_single,2,F&B Eatery/Full-Service Restaurants,Walking,Car
11122,47,Middle Age,40405,Moderate,4_person,married_couple,1,F&B Eatery/Limited-Service Restaurants,Car,Car
24070,27,Young Adult,0,Debt,2_person,married_couple,0,F&B Eatery/Limited-Service Restaurants,Public_transport,Walking
8820,26,Young Adult,132632,Ultra High,3_person,married_couple,1,F&B Eatery/Drinking Places,Car,Walking
37198,51,Senior,0,Debt,4_person,married_couple,1,F&B Eatery/Snack and Nonalcoholic Beverage Bars,Car,Car
44813,42,Middle Age,9697,Low,7_plus_person,married_couple,3_plus,F&B Eatery/Full-Service Restaurants,Car,Car
19541,43,Middle Age,0,Debt,6_person,married_couple,2,F&B Eatery/Full-Service Restaurants,Public_transport,Car
56276,74,Elderly,53672,Moderate,2_person,married_couple,0,F&B Eatery/Limited-Service Restaurants,Public_transport,Public_transport
12182,21,Young Adult,0,Debt,3_person,nonfamily_single,0,F&B Eatery/Limited-Service Restaurants,Walking,Walking
29711,25,Young Adult,37132,Moderate,3_person,married_couple,2,F&B Eatery/Drinking Places,Public_transport,Car
37641,21,Young Adult,0,Debt,5_person,nonfamily_single,2,F&B Eatery/Full-Service Restaurants,Walking,Car
27935,73,Elderly,32324,Moderate,2_person,married_couple,2,F&B Eatery/Limited-Service Restaurants,Car,Car
62552,25,Young Adult,47457,Moderate,2_person,nonfamily_single,1,F&B Eatery/Special Food Services,Walking,Car
55761,69,Elderly,55819,Moderate,2_person,married_couple,1,F&B Eatery/Limited-Service Restaurants,Public_transport,Car
15896,47,Middle Age,121217,Ultra High,7_plus_person,married_couple,1,F&B Eatery/Full-Service Restaurants,Car,Walking
67206,95,Elderly,20385,Low,2_person,family_single,0,F&B Eatery/Limited-Service Restaurants,Public_transport,Walking
54756,29,Young Adult,15265,Low,6_person,married_couple,2,F&B Eatery/Full-Service Restaurants,Public_transport,Car
1750,25,Young Adult,131857,Ultra High,2_person,married_couple,1,F&B Eatery/Full-Service Restaurants,Car,Walking
11344,61,Elderly,8870,Low,6_person,married_couple,1,F&B Eatery/Snack and Nonalcoholic Beverage Bars,Car,Car
51860,37,Adult,32414,Moderate,4_person,family_single,1,F&B Eatery/Limited-Service Restaurants,Public_transport,Public_transport
12254,58,Senior,84368,High,2_person,married_couple,2,F&B Eatery/Full-Service Restaurants,Walking,Car
338,31,Adult,36100,Moderate,2_person,married_couple,2,F&B Eatery/Limited-Service Restaurants,Public_transport,Car
44623,41,Middle Age,96610,Very High,1_person,living_alone,1,F&B Eatery/Full-Service Restaurants,Public_transport,Car
1341,52,Senior,128134,Ultra High,3_person,married_couple,2,F&B Eatery/Snack and Nonalcoholic Beverage Bars,Car,Car
20491,25,Young Adult,27419,Low,2_person,married_couple,0,F&B Eatery/Full-Service Restaurants,Public_transport,Public_transport
57134,19,Young Adult,0,Debt,7_plus_person,married_couple,2,F&B Eatery/Full-Service Restaurants,Walking,Public_transport
36408,50,Middle Age,0,Debt,3_person,married_couple,1,F&B Eatery/Snack and Nonalcoholic Beverage Bars,Car,Car
49481,32,Adult,31415,Moderate,2_person,family_single,0,F&B Eatery/Drinking Places,Public_transport,Walking
21520,44,Middle Age,17172,Low,3_person,married_couple,3_plus,F&B Eatery/Drinking Places,Car,Car
35772,35,Adult,187853,Ultra High,1_person,living_alone,0,F&B Eatery/Full-Service Restaurants,Walking,Walking
6960,49,Middle Age,0,Debt,4_person,married_couple,2,F&B Eatery/Full-Service Restaurants,Car,Car
51474,65,Elderly,0,Debt,1_person,living_alone,0,F&B Eatery/Full-Service Restaurants,Walking,Walking
23051,31,Adult,43218,Moderate,2_person,married_couple,0,F&B Eatery/Drinking Places,Walking,Public_transport
20581,48,Middle Age,139400,Ultra High,7_plus_person,married_couple,2,F&B Eatery/Drinking Places,Car,Walking
34020,48,Middle Age,4745,Low,4_person,married_couple,2,F&B Eatery/Limited-Service Restaurants,Car,Public_transport
28145,45,Middle Age,24783,Low,3_person,married_couple,2,F&B Eatery/Snack and Nonalcoholic Beverage Bars,Car,Car
45186,27,Young Adult,85875,High,2_person,married_couple,1,F&B Eatery/Special Food Services,Car,Walking
24354,21,Young Adult,203128,Ultra High,5_person,nonfamily_single,1,F&B Eatery/Snack and Nonalcoholic Beverage Bars,Walking,Car
13350,40,Adult,38385,Moderate,4_person,nonfamily_single,2,F&B Eatery/Snack and Nonalcoholic Beverage Bars,Walking,Car
55337,88,Elderly,9697,Low,1_person,living_alone,0,F&B Eatery/Limited-Service Restaurants,Car,Walking
60,40,Adult,10804,Low,2_person,nonfamily_single,0,F&B Eatery/Full-Service Restaurants,Public_transport,Walking
34008,22,Young Adult,3094,Low,2_person,nonfamily_single,0,F&B Eatery/Snack and Nonalcoholic Beverage Bars,Walking,Walking
54912,42,Middle Age,162610,Ultra High,1_person,living_alone,1,F&B Eatery/Full-Service Restaurants,Car,Car
37904,80,Elderly,8889,Low,7_plus_person,nonfamily_single,0,F&B Eatery/Limited-Service Restaurants,Public_transport,Public_transport
35111,28,Young Adult,61618,High,2_person,nonfamily_single,2,F&B Eatery/Snack and Nonalcoholic Beverage Bars,Car,Walking
15048,30,Young Adult,79095,High,2_person,nonfamily_single,1,F&B Eatery/Full-Service Restaurants,Public_transport,Walking
1524,49,Middle Age,202029,Ultra High,1_person,living_alone,1,F&B Eatery/Snack and Nonalcoholic Beverage Bars,Walking,Car
32921,19,Young Adult,15186,Low,5_person,family_single,1,F&B Eatery/Limited-Service Restaurants,Public_transport,Car
47304,27,Young Adult,54023,Moderate,2_person,married_couple,0,F&B Eatery/Full-Service Restaurants,Public_transport,Walking
66017,65,Elderly,8889,Low,7_plus_person,nonfamily_single,0,F&B Eatery/Full-Service Restaurants,Walking,Public_transport
38890,90,Elderly,14046,Low,1_person,living_alone,0,F&B Eatery/Full-Service Restaurants,Walking,Walking
45420,34,Adult,103051,Very High,3_person,married_couple,1,F&B Eatery/Limited-Service Restaurants,Public_transport,Car
24058,79,Elderly,15265,Low,3_person,nonfamily_single,1,F&B Eatery/Snack and Nonalcoholic Beverage Bars,Public_transport,Car
12112,27,Young Adult,140461,Ultra High,3_person,nonfamily_single,1,F&B Eatery/Full-Service Restaurants,Public_transport,Walking
15850,20,Young Adult,0,Debt,6_person,married_couple,2,F&B Eatery/Limited-Service Restaurants,Walking,Car
31987,27,Young Adult,10734,Low,1_person,living_alone,1,F&B Eatery/Full-Service Restaurants,Car,Walking
59129,43,Middle Age,638411,Ultra High,1_person,living_alone,1,F&B Eatery/Special Food Services,Car,Car
21792,29,Young Adult,247548,Ultra High,2_person,married_couple,2,F&B Eatery/Full-Service Restaurants,Car,Car
4853,63,Elderly,79435,High,1_person,living_alone,1,F&B Eatery/Full-Service Restaurants,Car,Car
23150,21,Young Adult,36365,Moderate,4_person,married_couple,3_plus,F&B Eatery/Snack and Nonalcoholic Beverage Bars,Car,Car
53302,82,Elderly,37678,Moderate,2_person,married_couple,1,F&B Eatery/Full-Service Restaurants,Car,Car
28769,51,Senior,686098,Ultra High,1_person,living_alone,0,F&B Eatery/Snack and Nonalcoholic Beverage Bars,Public_transport,Public_transport
11046,34,Adult,107358,Very High,1_person,living_alone,1,F&B Eatery/Limited-Service Restaurants,Public_transport,Car
24762,32,Adult,183679,Ultra High,2_person,married_couple,1,F&B Eatery/Limited-Service Restaurants,Car,Car
53002,86,Elderly,15291,Low,1_person,living_alone,0,F&B Eatery/Full-Service Restaurants,Public_transport,Walking
57492,31,Adult,27660,Low,2_person,family_single,1,F&B Eatery/Full-Service Restaurants,Public_transport,Car
53276,94,Elderly,12121,Low,1_person,living_alone,0,F&B Eatery/Snack and Nonalcoholic Beverage Bars,Public_transport,Walking
11555,54,Senior,41706,Moderate,1_person,living_alone,1,F&B Eatery/Drinking Places,Car,Car
21172,32,Adult,0,Debt,2_person,nonfamily_single,0,F&B Eatery/Limited-Service Restaurants,Public_transport,Walking
19250,68,Elderly,8889,Low,7_plus_person,nonfamily_single,0,F&B Eatery/Limited-Service Restaurants,Public_transport,Public_transport
61120,35,Adult,5353,Low,4_person,married_couple,1,F&B Eatery/Full-Service Restaurants,Public_transport,Public_transport
38709,44,Middle Age,0,Debt,5_person,married_couple,1,F&B Eatery/Snack and Nonalcoholic Beverage Bars,Public_transport,Car
36397,60,Senior,454565,Ultra High,7_plus_person,married_couple,1,F&B Eatery/Full-Service Restaurants,Car,Car
29373,72,Elderly,3864,Low,4_person,married_couple,1,F&B Eatery/Limited-Service Restaurants,Public_transport,Car
35737,20,Young Adult,0,Debt,3_person,nonfamily_single,0,F&B Eatery/Snack and Nonalcoholic Beverage Bars,Walking,Walking
11664,50,Middle Age,59039,Moderate,2_person,married_couple,2,F&B Eatery/Full-Service Restaurants,Car,Public_transport
59052,78,Elderly,10862,Low,1_person,living_alone,0,F&B Eatery/Limited-Service Restaurants,Walking,Walking
47924,30,Young Adult,6910,Low,7_plus_person,married_couple,3_plus,F&B Eatery/Snack and Nonalcoholic Beverage Bars,Walking,Public_transport
46828,29,Young Adult,126552,Ultra High,1_person,living_alone,1,F&B Eatery/Limited-Service Restaurants,Walking,Walking
4263,53,Senior,1237,Low,2_person,nonfamily_single,2,F&B Eatery/Limited-Service Restaurants,Walking,Car
29402,27,Young Adult,69774,High,2_person,nonfamily_single,2,F&B Eatery/Full-Service Restaurants,Walking,Walking
51226,54,Senior,0,Debt,4_person,family_single,1,F&B Eatery/Snack and Nonalcoholic Beverage Bars,Walking,Car
61396,54,Senior,270225,Ultra High,4_person,married_couple,2,F&B Eatery/Snack and Nonalcoholic Beverage Bars,Public_transport,Car
16725,60,Senior,73822,High,6_person,married_couple,2,F&B Eatery/Full-Service Restaurants,Car,Car
40809,19,Young Adult,0,Debt,2_person,family_single,1,F&B Eatery/Full-Service Restaurants,Car,Walking
48756,68,Elderly,192863,Ultra High,2_person,married_couple,3_plus,F&B Eatery/Full-Service Restaurants,Car,Car
1622,65,Elderly,18033,Low,3_person,married_couple,1,F&B Eatery/Limited-Service Restaurants,Car,Car
22180,27,Young Adult,50621,Moderate,4_person,nonfamily_single,1,F&B Eatery/Snack and Nonalcoholic Beverage Bars,Car,Car
39952,72,Elderly,92380,Very High,2_person,married_couple,1,F&B Eatery/Special Food Services,Public_transport,Car
26657,19,Young Adult,0,Debt,4_person,family_single,1,F&B Eatery/Full-Service Restaurants,Car,Walking
31653,53,Senior,23826,Low,3_person,family_single,0,F&B Eatery/Full-Service Restaurants,Public_transport,Public_transport
57384,28,Young Adult,0,Debt,6_person,nonfamily_single,0,F&B Eatery/Full-Service Restaurants,Walking,Walking
38243,67,Elderly,109095,Very High,2_person,married_couple,0,F&B Eatery/Full-Service Restaurants,Public_transport,Public_transport
61268,45,Middle Age,0,Debt,2_person,family_single,1,F&B Eatery/Snack and Nonalcoholic Beverage Bars,Walking,Car
56133,32,Adult,105618,Very High,2_person,married_couple,0,F&B Eatery/Full-Service Restaurants,Public_transport,Public_transport
55961,37,Adult,80508,High,1_person,living_alone,1,F&B Eatery/Snack and Nonalcoholic Beverage Bars,Public_transport,Car
51693,68,Elderly,40405,Moderate,7_plus_person,family_single,1,F&B Eatery/Limited-Service Restaurants,Public_transport,Car
17685,49,Middle Age,39195,Moderate,4_person,married_couple,1,F&B Eatery/Full-Service Restaurants,Car,Car
55029,51,Senior,136044,Ultra High,3_person,family_single,1,F&B Eatery/Full-Service Restaurants,Car,Car
23752,23,Young Adult,7192,Low,7_plus_person,family_single,1,F&B Eatery/Snack and Nonalcoholic Beverage Bars,Car,Walking
60774,27,Young Adult,32203,Moderate,5_person,married_couple,3_plus,F&B Eatery/Full-Service Restaurants,Car,Car
35367,29,Young Adult,1080,Low,6_person,married_couple,2,F&B Eatery/Full-Service Restaurants,Walking,Car
2573,30,Young Adult,96161,Very High,3_person,nonfamily_single,1,F&B Eatery/Snack and Nonalcoholic Beverage Bars,Public_transport,Car
27856,58,Senior,223277,Ultra High,2_person,family_single,0,F&B Eatery/Limited-Service Restaurants,Public_transport,Public_transport
35954,28,Young Adult,54023,Moderate,4_person,married_couple,2,F&B Eatery/Drinking Places,Public_transport,Car
28529,41,Middle Age,193274,Ultra High,1_person,living_alone,1,F&B Eatery/Full-Service Restaurants,Walking,Car
51920,29,Young Adult,8802,Low,3_person,married_couple,2,F&B Eatery/Full-Service Restaurants,Walking,Public_transport
37599,46,Middle Age,9091,Low,1_person,living_alone,0,F&B Eatery/Snack and Nonalcoholic Beverage Bars,Public_transport,Walking
19063,67,Elderly,10804,Low,2_person,married_couple,2,F&B Eatery/Special Food Services,Car,Car
48285,71,Elderly,0,Debt,3_person,married_couple,0,F&B Eatery/Drinking Places,Public_transport,Public_transport
45648,29,Young Adult,4754,Low,3_person,married_couple,2,F&B Eatery/Drinking Places,Car,Public_transport
29975,63,Elderly,86872,High,2_person,nonfamily_single,1,F&B Eatery/Snack and Nonalcoholic Beverage Bars,Walking,Car
17771,27,Young Adult,28183,Low,3_person,family_single,1,F&B Eatery/Drinking Places,Car,Walking
7083,27,Young Adult,331704,Ultra High,2_person,nonfamily_single,1,F&B Eatery/Limited-Service Restaurants,Car,Walking
62516,65,Elderly,0,Debt,4_person,married_couple,2,F&B Eatery/Drinking Places,Car,Car
63197,27,Young Adult,83842,High,2_person,married_couple,1,F&B Eatery/Snack and Nonalcoholic Beverage Bars,Walking,Walking
1279,55,Senior,39020,Moderate,2_person,married_couple,1,F&B Eatery/Drinking Places,Public_transport,Car
33572,51,Senior,56892,Moderate,2_person,family_single,1,F&B Eatery/Full-Service Restaurants,Car,Car
14596,40,Adult,25786,Low,4_person,family_single,1,F&B Eatery/Full-Service Restaurants,Public_transport,Walking
15358,25,Young Adult,21011,Low,1_person,living_alone,0,F&B Eatery/Full-Service Restaurants,Walking,Walking
23236,23,Young Adult,0,Debt,2_person,married_couple,2,F&B Eatery/Full-Service Restaurants,Public_transport,Public_transport
42880,61,Elderly,8889,Low,7_plus_person,nonfamily_single,0,F&B Eatery/Snack and Nonalcoholic Beverage Bars,Public_transport,Public_transport
8705,57,Senior,429,Low,1_person,living_alone,0,F&B Eatery/Full-Service Restaurants,Public_transport,Public_transport
31419,24,Young Adult,12022,Low,3_person,family_single,0,F&B Eatery/Limited-Service Restaurants,Walking,Walking
50460,56,Senior,0,Debt,2_person,married_couple,3_plus,F&B Eatery/Limited-Service Restaurants,Car,Car
13859,22,Young Adult,0,Debt,3_person,nonfamily_single,0,F&B Eatery/Limited-Service Restaurants,Walking,Walking
41874,56,Senior,601389,Ultra High,3_person,married_couple,2,F&B Eatery/Full-Service Restaurants,Car,Car
36220,58,Senior,595338,Ultra High,2_person,married_couple,1,F&B Eatery/Snack and Nonalcoholic Beverage Bars,Car,Car
20079,64,Elderly,151265,Ultra High,2_person,nonfamily_single,0,F&B Eatery/Full-Service Restaurants,Public_transport,Public_transport
53394,81,Elderly,10967,Low,3_person,married_couple,0,F&B Eatery/Limited-Service Restaurants,Public_transport,Public_transport
60500,41,Middle Age,8211,Low,2_person,family_single,0,F&B Eatery/Full-Service Restaurants,Public_transport,Walking
2198,23,Young Adult,15471,Low,1_person,living_alone,0,F&B Eatery/Full-Service Restaurants,Walking,Walking
16032,38,Adult,30779,Moderate,6_person,family_single,2,F&B Eatery/Snack and Nonalcoholic Beverage Bars,Car,Walking
4425,32,Adult,260441,Ultra High,5_person,married_couple,2,F&B Eatery/Full-Service Restaurants,Car,Walking
6150,43,Middle Age,41154,Moderate,5_person,family_single,2,F&B Eatery/Drinking Places,Walking,Car
47057,20,Young Adult,0,Debt,2_person,nonfamily_single,0,F&B Eatery/Limited-Service Restaurants,Walking,Walking
17327,44,Middle Age,0,Debt,4_person,married_couple,2,F&B Eatery/Limited-Service Restaurants,Car,Car
66358,36,Adult,17534,Low,2_person,married_couple,1,F&B Eatery/Full-Service Restaurants,Public_transport,Walking
54771,65,Elderly,8889,Low,7_plus_person,nonfamily_single,0,F&B Eatery/Limited-Service Restaurants,Walking,Public_transport
12175,26,Young Adult,0,Debt,3_person,married_couple,1,F&B Eatery/Limited-Service Restaurants,Car,Public_transport
60535,36,Adult,319750,Ultra High,3_person,family_single,1,F&B Eatery/Limited-Service Restaurants,Car,Car
31821,33,Adult,36100,Moderate,2_person,nonfamily_single,0,F&B Eatery/Snack and Nonalcoholic Beverage Bars,Public_transport,Walking
66941,21,Young Adult,6327,Low,3_person,family_single,1,F&B Eatery/Drinking Places,Public_transport,Walking
64929,40,Adult,490533,Ultra High,1_person,living_alone,1,F&B Eatery/Full-Service Restaurants,Walking,Car
24160,35,Adult,186692,Ultra High,5_person,married_couple,3_plus,F&B Eatery/Drinking Places,Walking,Car
39986,55,Senior,133057,Ultra High,2_person,married_couple,1,F&B Eatery/Limited-Service Restaurants,Walking,Car
31480,33,Adult,63276,High,2_person,family_single,1,F&B Eatery/Snack and Nonalcoholic Beverage Bars,Walking,Car
56373,39,Adult,62221,High,7_plus_person,family_single,1,F&B Eatery/Special Food Services,Car,Public_transport
63230,36,Adult,37570,Moderate,7_plus_person,married_couple,1,F&B Eatery/Snack and Nonalcoholic Beverage Bars,Car,Public_transport
30678,42,Middle Age,78791,High,2_person,married_couple,1,F&B Eatery/Drinking Places,Walking,Car
55106,36,Adult,23723,Low,7_plus_person,married_couple,3_plus,F&B Eatery/Full-Service Restaurants,Car,Car
26399,71,Elderly,57881,Moderate,2_person,married_couple,0,F&B Eatery/Full-Service Restaurants,Public_transport,Public_transport
52603,32,Adult,9183,Low,5_person,family_single,1,F&B Eatery/Full-Service Restaurants,Car,Car
48770,28,Young Adult,113459,Very High,2_person,nonfamily_single,2,F&B Eatery/Limited-Service Restaurants,Car,Car
40806,76,Elderly,12121,Low,7_plus_person,married_couple,2,F&B Eatery/Full-Service Restaurants,Walking,Car
12342,68,Elderly,31011,Moderate,3_person,married_couple,0,F&B Eatery/Drinking Places,Walking,Public_transport
52487,71,Elderly,15672,Low,2_person,married_couple,0,F&B Eatery/Limited-Service Restaurants,Car,Public_transport
55168,27,Young Adult,89641,High,2_person,married_couple,1,F&B Eatery/Limited-Service Restaurants,Car,Walking
65155,53,Senior,162409,Ultra High,5_person,married_couple,1,F&B Eatery/Full-Service Restaurants,Public_transport,Car
25522,33,Adult,34801,Moderate,4_person,married_couple,2,F&B Eatery/Full-Service Restaurants,Car,Public_transport
38565,33,Adult,14852,Low,6_person,married_couple,0,F&B Eatery/Full-Service Restaurants,Walking,Public_transport
11485,34,Adult,56184,Moderate,4_person,married_couple,2,F&B Eatery/Snack and Nonalcoholic Beverage Bars,Car,Public_transport
26737,44,Middle Age,11885,Low,2_person,married_couple,0,F&B Eatery/Snack and Nonalcoholic Beverage Bars,Public_transport,Public_transport
38000,25,Young Adult,125498,Ultra High,3_person,nonfamily_single,1,F&B Eatery/Drinking Places,Public_transport,Walking
6645,68,Elderly,8225,Low,2_person,married_couple,1,F&B Eatery/Limited-Service Restaurants,Public_transport,Car
28865,45,Middle Age,66669,High,2_person,family_single,1,F&B Eatery/Full-Service Restaurants,Car,Car
48302,72,Elderly,85862,High,7_plus_person,married_couple,1,F&B Eatery/Limited-Service Restaurants,Walking,Car
38258,33,Adult,126552,Ultra High,4_person,married_couple,2,F&B Eatery/Full-Service Restaurants,Walking,Public_transport
64077,58,Senior,660167,Ultra High,1_person,living_alone,1,F&B Eatery/Snack and Nonalcoholic Beverage Bars,Public_transport,Car
33536,71,Elderly,10505,Low,5_person,family_single,1,F&B Eatery/Snack and Nonalcoholic Beverage Bars,Walking,Car
18449,52,Senior,161017,Ultra High,1_person,living_alone,1,F&B Eatery/Full-Service Restaurants,Car,Car
42460,19,Young Adult,0,Debt,4_person,family_single,1,F&B Eatery/Snack and Nonalcoholic Beverage Bars,Car,Walking
27952,32,Adult,10734,Low,4_person,married_couple,0,F&B Eatery/Full-Service Restaurants,Walking,Public_transport
59676,23,Young Adult,58792,Moderate,2_person,family_single,0,F&B Eatery/Limited-Service Restaurants,Public_transport,Walking
2717,44,Middle Age,26817,Low,3_person,married_couple,2,F&B Eatery/Full-Service Restaurants,Car,Car
2079,51,Senior,64828,High,1_person,living_alone,2,F&B Eatery/Full-Service Restaurants,Car,Car
58066,30,Young Adult,0,Debt,1_person,living_alone,0,F&B Eatery/Limited-Service Restaurants,Walking,Walking
33719,22,Young Adult,78390,High,2_person,nonfamily_single,0,F&B Eatery/Full-Service Restaurants,Public_transport,Walking
24442,39,Adult,56508,Moderate,1_person,living_alone,1,F&B Eatery/Full-Service Restaurants,Car,Car
2482,31,Adult,62668,High,3_person,nonfamily_single,3_plus,F&B Eatery/Full-Service Restaurants,Walking,Car
41949,34,Adult,85875,High,1_person,living_alone,1,F&B Eatery/Drinking Places,Car,Car
1759,35,Adult,196645,Ultra High,2_person,married_couple,1,F&B Eatery/Drinking Places,Car,Car
20806,36,Adult,252536,Ultra High,1_person,living_alone,1,F&B Eatery/Full-Service Restaurants,Walking,Car
62823,58,Senior,20248,Low,2_person,married_couple,2,F&B Eatery/Snack and Nonalcoholic Beverage Bars,Car,Car
21566,48,Middle Age,42184,Moderate,3_person,family_single,0,F&B Eatery/Drinking Places,Public_transport,Walking
24917,27,Young Adult,16873,Low,4_person,family_single,1,F&B Eatery/Limited-Service Restaurants,Walking,Car
52853,42,Middle Age,65659,High,4_person,married_couple,1,F&B Eatery/Drinking Places,Car,Car
49840,29,Young Adult,43238,Moderate,3_person,nonfamily_single,2,F&B Eatery/Snack and Nonalcoholic Beverage Bars,Public_transport,Car
19816,33,Adult,8251,Low,4_person,family_single,1,F&B Eatery/Full-Service Restaurants,Public_transport,Walking
46163,36,Adult,158190,Ultra High,3_person,married_couple,1,F&B Eatery/Full-Service Restaurants,Public_transport,Car
27696,30,Young Adult,49378,Moderate,2_person,married_couple,1,F&B Eatery/Drinking Places,Walking,Car
16241,69,Elderly,0,Debt,4_person,family_single,2,F&B Eatery/Full-Service Restaurants,Car,Car
10395,89,Elderly,251526,Ultra High,2_person,married_couple,2,F&B Eatery/Limited-Service Restaurants,Car,Car
19097,74,Elderly,48478,Moderate,2_person,married_couple,1,F&B Eatery/Limited-Service Restaurants,Public_transport,Car
4757,33,Adult,21609,Low,3_person,family_single,2,F&B Eatery/Snack and Nonalcoholic Beverage Bars,Walking,Car
37148,51,Senior,71713,High,4_person,family_single,1,F&B Eatery/Full-Service Restaurants,Public_transport,Car
46240,29,Young Adult,50452,Moderate,4_person,nonfamily_single,3_plus,F&B Eatery/Full-Service Restaurants,Car,Public_transport
19956,40,Adult,0,Debt,4_person,family_single,1,F&B Eatery/Full-Service Restaurants,Walking,Car
45765,20,Young Adult,5024,Low,3_person,nonfamily_single,0,F&B Eatery/Full-Service Restaurants,Walking,Walking
41914,36,Adult,162070,Ultra High,2_person,nonfamily_single,1,F&B Eatery/Full-Service Restaurants,Car,Car
6783,19,Young Adult,15186,Low,5_person,family_single,1,F&B Eatery/Full-Service Restaurants,Car,Car
36368,66,Elderly,120646,Ultra High,2_person,married_couple,2,F&B Eatery/Snack and Nonalcoholic Beverage Bars,Car,Car
57761,30,Young Adult,237703,Ultra High,1_person,living_alone,1,F&B Eatery/Full-Service Restaurants,Car,Walking
8666,52,Senior,161623,Ultra High,5_person,married_couple,3_plus,F&B Eatery/Limited-Service Restaurants,Car,Public_transport
8070,32,Adult,61990,High,2_person,nonfamily_single,2,F&B Eatery/Snack and Nonalcoholic Beverage Bars,Car,Car
8577,54,Senior,107344,Very High,4_person,married_couple,1,F&B Eatery/Drinking Places,Walking,Car
49688,43,Middle Age,17611,Low,3_person,married_couple,1,F&B Eatery/Drinking Places,Public_transport,Car
63731,48,Middle Age,139400,Ultra High,7_plus_person,married_couple,2,F&B Eatery/Full-Service Restaurants,Car,Walking
25150,31,Adult,117987,Very High,1_person,living_alone,0,F&B Eatery/Limited-Service Restaurants,Walking,Walking
40738,34,Adult,142371,Ultra High,1_person,living_alone,1,F&B Eatery/Snack and Nonalcoholic Beverage Bars,Public_transport,Car
13224,60,Senior,75760,High,2_person,married_couple,2,F&B Eatery/Limited-Service Restaurants,Car,Car
39224,19,Young Adult,4293,Low,3_person,nonfamily_single,0,F&B Eatery/Snack and Nonalcoholic Beverage Bars,Walking,Walking
57545,24,Young Adult,11452,Low,3_person,nonfamily_single,1,F&B Eatery/Full-Service Restaurants,Car,Walking
56264,45,Middle Age,6482,Low,6_person,nonfamily_single,0,F&B Eatery/Snack and Nonalcoholic Beverage Bars,Public_transport,Public_transport
11694,88,Elderly,8225,Low,2_person,married_couple,1,F&B Eatery/Limited-Service Restaurants,Car,Car
63374,53,Senior,162409,Ultra High,5_person,married_couple,1,F&B Eatery/Snack and Nonalcoholic Beverage Bars,Walking,Car
39282,35,Adult,64649,High,3_person,married_couple,1,F&B Eatery/Full-Service Restaurants,Public_transport,Car
37430,83,Elderly,37480,Moderate,1_person,living_alone,0,F&B Eatery/Limited-Service Restaurants,Public_transport,Public_transport
53173,43,Middle Age,206290,Ultra High,2_person,married_couple,2,F&B Eatery/Limited-Service Restaurants,Car,Car
19256,70,Elderly,22568,Low,7_plus_person,married_couple,1,F&B Eatery/Full-Service Restaurants,Car,Car
47523,27,Young Adult,0,Debt,3_person,nonfamily_single,0,F&B Eatery/Limited-Service Restaurants,Public_transport,Walking
1645,39,Adult,111115,Very High,7_plus_person,married_couple,1,F&B Eatery/Full-Service Restaurants,Public_transport,Public_transport
36244,53,Senior,52527,Moderate,1_person,living_alone,0,F&B Eatery/Limited-Service Restaurants,Public_transport,Public_transport
22116,27,Young Adult,53635,Moderate,2_person,nonfamily_single,3_plus,F&B Eatery/Snack and Nonalcoholic Beverage Bars,Car,Car
34560,33,Adult,10734,Low,4_person,married_couple,0,F&B Eatery/Limited-Service Restaurants,Walking,Public_transport
13718,50,Middle Age,21609,Low,3_person,family_single,1,F&B Eatery/Drinking Places,Car,Car
47882,25,Young Adult,0,Debt,2_person,married_couple,0,F&B Eatery/Snack and Nonalcoholic Beverage Bars,Walking,Walking
3797,63,Elderly,0,Debt,2_person,married_couple,0,F&B Eatery/Full-Service Restaurants,Walking,Public_transport
44327,37,Adult,72730,High,1_person,living_alone,0,F&B Eatery/Full-Service Restaurants,Walking,Walking
55176,20,Young Adult,0,Debt,3_person,nonfamily_single,1,F&B Eatery/Full-Service Restaurants,Walking,Walking
65310,80,Elderly,27841,Low,3_person,nonfamily_single,1,F&B Eatery/Limited-Service Restaurants,Car,Car
27632,39,Adult,103617,Very High,4_person,married_couple,1,F&B Eatery/Snack and Nonalcoholic Beverage Bars,Car,Car
66730,52,Senior,233381,Ultra High,6_person,married_couple,2,F&B Eatery/Limited-Service Restaurants,Car,Car
126,23,Young Adult,0,Debt,7_plus_person,family_single,1,F&B Eatery/Snack and Nonalcoholic Beverage Bars,Car,Walking
53028,83,Elderly,11616,Low,1_person,living_alone,0,F&B Eatery/Snack and Nonalcoholic Beverage Bars,Car,Walking
60279,59,Senior,142430,Ultra High,1_person,living_alone,1,F&B Eatery/Limited-Service Restaurants,Walking,Car
64644,34,Adult,91299,Very High,4_person,family_single,1,F&B Eatery/Drinking Places,Public_transport,Public_transport
37219,28,Young Adult,0,Debt,3_person,nonfamily_single,1,F&B Eatery/Limited-Service Restaurants,Car,Walking
39915,23,Young Adult,56729,Moderate,1_person,living_alone,0,F&B Eatery/Full-Service Restaurants,Walking,Walking
27306,34,Adult,5273,Low,2_person,married_couple,1,F&B Eatery/Full-Service Restaurants,Public_transport,Walking
56942,58,Senior,0,Debt,4_person,family_single,1,F&B Eatery/Snack and Nonalcoholic Beverage Bars,Car,Car
15328,58,Senior,84579,High,1_person,living_alone,0,F&B Eatery/Drinking Places,Public_transport,Public_transport
17368,33,Adult,42937,Moderate,2_person,married_couple,2,F&B Eatery/Full-Service Restaurants,Car,Car
2443,49,Middle Age,53672,Moderate,3_person,married_couple,1,F&B Eatery/Full-Service Restaurants,Walking,Car
814,22,Young Adult,0,Debt,2_person,family_single,0,F&B Eatery/Limited-Service Restaurants,Walking,Walking
55318,39,Adult,80811,High,4_person,married_couple,1,F&B Eatery/Drinking Places,Car,Car
12999,63,Elderly,41258,Moderate,4_person,married_couple,3_plus,F&B Eatery/Snack and Nonalcoholic Beverage Bars,Public_transport,Car
14153,51,Senior,85875,High,2_person,married_couple,1,F&B Eatery/Limited-Service Restaurants,Car,Car
39666,65,Elderly,13505,Low,1_person,living_alone,1,F&B Eatery/Full-Service Restaurants,Car,Car
16478,54,Senior,19448,Low,7_plus_person,married_couple,2,F&B Eatery/Full-Service Restaurants,Car,Car
20609,23,Young Adult,1444,Low,6_person,married_couple,2,F&B Eatery/Full-Service Restaurants,Car,Car
3756,20,Young Adult,3241,Low,2_person,nonfamily_single,0,F&B Eatery/Full-Service Restaurants,Walking,Walking
14382,27,Young Adult,28092,Low,2_person,nonfamily_single,0,F&B Eatery/Full-Service Restaurants,Public_transport,Walking
64772,26,Young Adult,34575,Moderate,3_person,nonfamily_single,1,F&B Eatery/Snack and Nonalcoholic Beverage Bars,Public_transport,Car
20103,29,Young Adult,55557,Moderate,2_person,nonfamily_single,0,F&B Eatery/Snack and Nonalcoholic Beverage Bars,Walking,Walking
40631,32,Adult,16207,Low,2_person,married_couple,0,F&B Eatery/Full-Service Restaurants,Public_transport,Public_transport
64435,44,Middle Age,33276,Moderate,5_person,family_single,3_plus,F&B Eatery/Snack and Nonalcoholic Beverage Bars,Car,Car
29486,52,Senior,107344,Very High,2_person,married_couple,2,F&B Eatery/Full-Service Restaurants,Walking,Car
23710,57,Senior,29294,Low,4_person,nonfamily_single,0,F&B Eatery/Full-Service Restaurants,Public_transport,Walking
55180,71,Elderly,10909,Low,1_person,living_alone,0,F&B Eatery/Full-Service Restaurants,Walking,Walking
46197,23,Young Adult,26836,Low,3_person,married_couple,2,F&B Eatery/Full-Service Restaurants,Walking,Public_transport
43872,47,Middle Age,81035,High,5_person,married_couple,1,F&B Eatery/Drinking Places,Public_transport,Car
32265,19,Young Adult,6060,Low,3_person,nonfamily_single,0,F&B Eatery/Limited-Service Restaurants,Walking,Walking
59201,70,Elderly,84368,High,1_person,living_alone,1,F&B Eatery/Full-Service Restaurants,Car,Car
19029,25,Young Adult,966,Low,1_person,living_alone,0,F&B Eatery/Limited-Service Restaurants,Public_transport,Walking
2336,45,Middle Age,361008,Ultra High,2_person,married_couple,2,F&B Eatery/Drinking Places,Car,Car
32154,27,Young Adult,68549,High,1_person,living_alone,1,F&B Eatery/Snack and Nonalcoholic Beverage Bars,Public_transport,Walking
64484,66,Elderly,0,Debt,2_person,married_couple,3_plus,F&B Eatery/Full-Service Restaurants,Car,Car
44028,32,Adult,124254,Ultra High,1_person,living_alone,0,F&B Eatery/Limited-Service Restaurants,Walking,Walking
10789,29,Young Adult,50025,Moderate,2_person,married_couple,0,F&B Eatery/Snack and Nonalcoholic Beverage Bars,Walking,Walking
51356,39,Adult,105198,Very High,4_person,married_couple,2,F&B Eatery/Snack and Nonalcoholic Beverage Bars,Public_transport,Car
922,36,Adult,291978,Ultra High,4_person,married_couple,1,F&B Eatery/Limited-Service Restaurants,Public_transport,Public_transport
9446,22,Young Adult,21468,Low,3_person,nonfamily_single,1,F&B Eatery/Full-Service Restaurants,Public_transport,Walking
25053,21,Young Adult,0,Debt,3_person,nonfamily_single,0,F&B Eatery/Snack and Nonalcoholic Beverage Bars,Walking,Walking
59379,71,Elderly,12965,Low,2_person,nonfamily_single,2,F&B Eatery/Snack and Nonalcoholic Beverage Bars,Car,Car
5408,72,Elderly,85862,High,7_plus_person,married_couple,1,F&B Eatery/Full-Service Restaurants,Walking,Car
56819,72,Elderly,89599,High,1_person,living_alone,0,F&B Eatery/Full-Service Restaurants,Car,Public_transport
24519,27,Young Adult,35655,Moderate,2_person,married_couple,1,F&B Eatery/Snack and Nonalcoholic Beverage Bars,Car,Car
54917,70,Elderly,61990,High,2_person,married_couple,1,F&B Eatery/Full-Service Restaurants,Car,Car
41157,74,Elderly,13181,Low,5_person,married_couple,2,F&B Eatery/Full-Service Restaurants,Car,Car
11302,48,Middle Age,8436,Low,3_person,family_single,1,F&B Eatery/Full-Service Restaurants,Public_transport,Car
4018,80,Elderly,44762,Moderate,1_person,living_alone,1,F&B Eatery/Snack and Nonalcoholic Beverage Bars,Car,Car
36455,25,Young Adult,32414,Moderate,2_person,nonfamily_single,2,F&B Eatery/Drinking Places,Walking,Car
18381,51,Senior,9875,Low,1_person,living_alone,0,F&B Eatery/Full-Service Restaurants,Public_transport,Public_transport
45558,34,Adult,39020,Moderate,3_person,family_single,2,F&B Eatery/Snack and Nonalcoholic Beverage Bars,Walking,Car
11246,27,Young Adult,45348,Moderate,3_person,nonfamily_single,2,F&B Eatery/Full-Service Restaurants,Public_transport,Car
34016,62,Elderly,23233,Low,2_person,family_single,1,F&B Eatery/Full-Service Restaurants,Walking,Car
19096,41,Middle Age,101014,Very High,1_person,living_alone,0,F&B Eatery/Limited-Service Restaurants,Car,Public_transport
9184,59,Senior,14764,Low,1_person,living_alone,0,F&B Eatery/Full-Service Restaurants,Public_transport,Public_transport
18574,31,Adult,15819,Low,3_person,married_couple,1,F&B Eatery/Limited-Service Restaurants,Public_transport,Walking
11954,87,Elderly,195867,Ultra High,1_person,living_alone,0,F&B Eatery/Limited-Service Restaurants,Car,Public_transport
39711,81,Elderly,6854,Low,2_person,married_couple,1,F&B Eatery/Full-Service Restaurants,Walking,Car
29287,59,Senior,12965,Low,2_person,married_couple,1,F&B Eatery/Full-Service Restaurants,Walking,Car
59207,61,Elderly,80453,High,5_person,married_couple,2,F&B Eatery/Snack and Nonalcoholic Beverage Bars,Car,Car
43303,50,Middle Age,39717,Moderate,2_person,family_single,1,F&B Eatery/Full-Service Restaurants,Car,Car
14060,30,Young Adult,12209,Low,2_person,married_couple,0,F&B Eatery/Full-Service Restaurants,Walking,Public_transport
16984,50,Middle Age,0,Debt,6_person,married_couple,3_plus,F&B Eatery/Limited-Service Restaurants,Car,Car
20611,72,Elderly,85862,High,7_plus_person,married_couple,1,F&B Eatery/Limited-Service Restaurants,Car,Car
77,53,Senior,88892,High,2_person,married_couple,1,F&B Eatery/Snack and Nonalcoholic Beverage Bars,Car,Car
23930,54,Senior,0,Debt,1_person,living_alone,0,F&B Eatery/Full-Service Restaurants,Walking,Walking
19282,26,Young Adult,103351,Very High,1_person,living_alone,1,F&B Eatery/Limited-Service Restaurants,Public_transport,Car
15524,83,Elderly,27011,Low,1_person,living_alone,1,F&B Eatery/Drinking Places,Car,Car
30523,55,Senior,28474,Low,4_person,married_couple,1,F&B Eatery/Snack and Nonalcoholic Beverage Bars,Walking,Walking
58596,25,Young Adult,51572,Moderate,2_person,nonfamily_single,1,F&B Eatery/Full-Service Restaurants,Walking,Car
41832,62,Elderly,97469,Very High,1_person,living_alone,1,F&B Eatery/Full-Service Restaurants,Car,Car
8007,71,Elderly,14440,Low,1_person,living_alone,0,F&B Eatery/Snack and Nonalcoholic Beverage Bars,Car,Walking
5951,29,Young Adult,94914,Very High,2_person,nonfamily_single,0,F&B Eatery/Snack and Nonalcoholic Beverage Bars,Car,Walking
43925,34,Adult,137098,Ultra High,3_person,married_couple,2,F&B Eatery/Limited-Service Restaurants,Walking,Car
36159,24,Young Adult,43218,Moderate,5_person,nonfamily_single,1,F&B Eatery/Drinking Places,Public_transport,Car
5415,25,Young Adult,66440,High,4_person,married_couple,3_plus,F&B Eatery/Full-Service Restaurants,Walking,Public_transport
65441,46,Middle Age,18367,Low,1_person,living_alone,1,F&B Eatery/Full-Service Restaurants,Car,Car
8567,32,Adult,49598,Moderate,2_person,nonfamily_single,0,F&B Eatery/Full-Service Restaurants,Walking,Walking
42929,28,Young Adult,67044,High,3_person,family_single,1,F&B Eatery/Snack and Nonalcoholic Beverage Bars,Car,Walking
235,31,Adult,58003,Moderate,1_person,living_alone,1,F&B Eatery/Snack and Nonalcoholic Beverage Bars,Car,Car
12219,33,Adult,56356,Moderate,2_person,nonfamily_single,1,F&B Eatery/Limited-Service Restaurants,Car,Car
42078,65,Elderly,16207,Low,1_person,living_alone,1,F&B Eatery/Full-Service Restaurants,Car,Car
36258,64,Elderly,9075,Low,3_person,family_single,0,F&B Eatery/Snack and Nonalcoholic Beverage Bars,Walking,Walking
26614,59,Senior,142430,Ultra High,1_person,living_alone,1,F&B Eatery/Full-Service Restaurants,Car,Car
19216,58,Senior,132438,Ultra High,3_person,married_couple,2,F&B Eatery/Snack and Nonalcoholic Beverage Bars,Car,Car
63076,74,Elderly,6226,Low,2_person,married_couple,0,F&B Eatery/Full-Service Restaurants,Car,Public_transport
1342,62,Elderly,103145,Very High,2_person,married_couple,2,F&B Eatery/Full-Service Restaurants,Car,Car
8512,52,Senior,63276,High,4_person,nonfamily_single,3_plus,F&B Eatery/Snack and Nonalcoholic Beverage Bars,Car,Car
34387,30,Young Adult,103725,Very High,2_person,married_couple,2,F&B Eatery/Full-Service Restaurants,Car,Walking
5287,61,Elderly,5796,Low,1_person,living_alone,1,F&B Eatery/Snack and Nonalcoholic Beverage Bars,Car,Car
39809,60,Senior,274439,Ultra High,1_person,living_alone,1,F&B Eatery/Snack and Nonalcoholic Beverage Bars,Car,Car
2219,37,Adult,41024,Moderate,2_person,family_single,0,F&B Eatery/Full-Service Restaurants,Public_transport,Walking
9865,50,Middle Age,21468,Low,1_person,living_alone,1,F&B Eatery/Full-Service Restaurants,Walking,Car
66809,30,Young Adult,56948,Moderate,2_person,nonfamily_single,1,F&B Eatery/Snack and Nonalcoholic Beverage Bars,Car,Car
59383,22,Young Adult,0,Debt,2_person,family_single,0,F&B Eatery/Snack and Nonalcoholic Beverage Bars,Walking,Walking
20128,94,Elderly,123605,Ultra High,4_person,family_single,3_plus,F&B Eatery/Snack and Nonalcoholic Beverage Bars,Car,Car
47362,30,Young Adult,116017,Very High,1_person,living_alone,0,F&B Eatery/Full-Service Restaurants,Walking,Walking
32254,51,Senior,72407,High,1_person,living_alone,1,F&B Eatery/Snack and Nonalcoholic Beverage Bars,Walking,Car
20618,28,Young Adult,89641,High,2_person,nonfamily_single,0,F&B Eatery/Snack and Nonalcoholic Beverage Bars,Walking,Walking
1917,22,Young Adult,20353,Low,7_plus_person,family_single,0,F&B Eatery/Limited-Service Restaurants,Public_transport,Walking
1828,70,Elderly,330317,Ultra High,7_plus_person,married_couple,1,F&B Eatery/Limited-Service Restaurants,Car,Car
42533,60,Senior,7273,Low,2_person,family_single,0,F&B Eatery/Drinking Places,Public_transport,Public_transport
36976,45,Middle Age,32414,Moderate,7_plus_person,family_single,2,F&B Eatery/Snack and Nonalcoholic Beverage Bars,Car,Car
45587,72,Elderly,11111,Low,2_person,family_single,0,F&B Eatery/Limited-Service Restaurants,Public_transport,Walking
49376,22,Young Adult,8643,Low,5_person,married_couple,1,F&B Eatery/Full-Service Restaurants,Car,Public_transport
58067,23,Young Adult,42184,Moderate,2_person,nonfamily_single,0,F&B Eatery/Full-Service Restaurants,Public_transport,Walking
64323,56,Senior,0,Debt,2_person,married_couple,2,F&B Eatery/Full-Service Restaurants,Car,Car
42101,20,Young Adult,0,Debt,4_person,married_couple,1,F&B Eatery/Full-Service Restaurants,Car,Car
30105,46,Middle Age,4444,Low,3_person,married_couple,1,F&B Eatery/Full-Service Restaurants,Walking,Car
6469,32,Adult,0,Debt,2_person,married_couple,1,F&B Eatery/Limited-Service Restaurants,Public_transport,Car
46514,58,Senior,217533,Ultra High,2_person,married_couple,1,F&B Eatery/Snack and Nonalcoholic Beverage Bars,Car,Car
10954,48,Middle Age,1073,Low,2_person,nonfamily_single,1,F&B Eatery/Limited-Service Restaurants,Public_transport,Car
846,26,Young Adult,20202,Low,2_person,nonfamily_single,1,F&B Eatery/Snack and Nonalcoholic Beverage Bars,Car,Walking
53441,48,Middle Age,8687,Low,4_person,married_couple,1,F&B Eatery/Full-Service Restaurants,Walking,Car
13234,83,Elderly,9702,Low,1_person,living_alone,0,F&B Eatery/Limited-Service Restaurants,Walking,Walking
117,24,Young Adult,20629,Low,6_person,married_couple,2,F&B Eatery/Drinking Places,Walking,Car
28746,66,Elderly,7515,Low,2_person,married_couple,1,F&B Eatery/Full-Service Restaurants,Public_transport,Car
41427,55,Senior,231045,Ultra High,1_person,living_alone,1,F&B Eatery/Full-Service Restaurants,Car,Car
16389,29,Young Adult,73822,High,2_person,nonfamily_single,1,F&B Eatery/Full-Service Restaurants,Public_transport,Walking
38110,30,Young Adult,0,Debt,3_person,married_couple,1,F&B Eatery/Limited-Service Restaurants,Car,Public_transport
9111,29,Young Adult,161017,Ultra High,1_person,living_alone,0,F&B Eatery/Full-Service Restaurants,Public_transport,Walking
4324,20,Young Adult,0,Debt,2_person,family_single,2,F&B Eatery/Limited-Service Restaurants,Car,Walking
24818,27,Young Adult,44352,Moderate,3_person,family_single,1,F&B Eatery/Snack and Nonalcoholic Beverage Bars,Walking,Car
13046,55,Senior,834193,Ultra High,2_person,married_couple,3_plus,F&B Eatery/Drinking Places,Public_transport,Car
27446,58,Senior,30304,Moderate,2_person,married_couple,1,F&B Eatery/Drinking Places,Car,Car
13918,58,Senior,0,Debt,2_person,married_couple,1,F&B Eatery/Drinking Places,Car,Car
56138,69,Elderly,11111,Low,1_person,living_alone,0,F&B Eatery/Full-Service Restaurants,Public_transport,Walking
27139,19,Young Adult,0,Debt,3_person,nonfamily_single,0,F&B Eatery/Limited-Service Restaurants,Walking,Walking
1605,22,Young Adult,114491,Very High,2_person,nonfamily_single,0,F&B Eatery/Full-Service Restaurants,Walking,Walking
27285,72,Elderly,12929,Low,1_person,living_alone,0,F&B Eatery/Full-Service Restaurants,Car,Walking
58656,34,Adult,35355,Moderate,4_person,married_couple,1,F&B Eatery/Drinking Places,Car,Public_transport
28024,33,Adult,92943,Very High,2_person,nonfamily_single,1,F&B Eatery/Limited-Service Restaurants,Public_transport,Car
3812,62,Elderly,10546,Low,4_person,married_couple,1,F&B Eatery/Snack and Nonalcoholic Beverage Bars,Car,Car
17260,47,Middle Age,37132,Moderate,1_person,living_alone,1,F&B Eatery/Snack and Nonalcoholic Beverage Bars,Walking,Walking
34529,71,Elderly,29294,Low,3_person,married_couple,1,F&B Eatery/Limited-Service Restaurants,Car,Car
48447,31,Adult,134181,Ultra High,4_person,nonfamily_single,0,F&B Eatery/Limited-Service Restaurants,Public_transport,Walking
54553,30,Young Adult,45456,Moderate,4_person,nonfamily_single,1,F&B Eatery/Full-Service Restaurants,Public_transport,Car
62981,19,Young Adult,11807,Low,3_person,nonfamily_single,1,F&B Eatery/Drinking Places,Public_transport,Walking
60004,35,Adult,55557,Moderate,2_person,nonfamily_single,0,F&B Eatery/Snack and Nonalcoholic Beverage Bars,Public_transport,Walking
23275,18,Teen,10546,Low,1_person,living_alone,1,F&B Eatery/Limited-Service Restaurants,Public_transport,Walking
12910,31,Adult,88586,High,2_person,married_couple,1,F&B Eatery/Snack and Nonalcoholic Beverage Bars,Walking,Car
26069,45,Middle Age,246356,Ultra High,4_person,married_couple,1,F&B Eatery/Limited-Service Restaurants,Public_transport,Car
6371,25,Young Adult,28183,Low,6_person,married_couple,2,F&B Eatery/Full-Service Restaurants,Car,Car
26734,27,Young Adult,47880,Moderate,1_person,living_alone,0,F&B Eatery/Full-Service Restaurants,Car,Walking
7561,58,Senior,20745,Low,2_person,nonfamily_single,0,F&B Eatery/Snack and Nonalcoholic Beverage Bars,Walking,Public_transport
6168,89,Elderly,11378,Low,1_person,living_alone,0,F&B Eatery/Full-Service Restaurants,Walking,Walking
3596,30,Young Adult,53028,Moderate,2_person,family_single,1,F&B Eatery/Limited-Service Restaurants,Public_transport,Car
4632,47,Middle Age,121217,Ultra High,7_plus_person,married_couple,1,F&B Eatery/Full-Service Restaurants,Public_transport,Walking
47915,54,Senior,42570,Moderate,3_person,family_single,0,F&B Eatery/Full-Service Restaurants,Walking,Public_transport
56793,42,Middle Age,0,Debt,4_person,married_couple,1,F&B Eatery/Full-Service Restaurants,Car,Car
6229,50,Middle Age,32203,Moderate,5_person,family_single,2,F&B Eatery/Full-Service Restaurants,Car,Car
50448,49,Middle Age,95054,Very High,1_person,living_alone,0,F&B Eatery/Limited-Service Restaurants,Walking,Public_transport
66905,68,Elderly,128575,Ultra High,1_person,living_alone,1,F&B Eatery/Limited-Service Restaurants,Car,Car
10267,43,Middle Age,51862,Moderate,6_person,married_couple,2,F&B Eatery/Snack and Nonalcoholic Beverage Bars,Walking,Car
38518,61,Elderly,150808,Ultra High,2_person,married_couple,1,F&B Eatery/Drinking Places,Car,Car
46271,44,Middle Age,48305,Moderate,1_person,living_alone,1,F&B Eatery/Full-Service Restaurants,Car,Walking
35854,28,Young Adult,148491,Ultra High,2_person,married_couple,1,F&B Eatery/Snack and Nonalcoholic Beverage Bars,Car,Walking
34674,52,Senior,10335,Low,2_person,family_single,0,F&B Eatery/Snack and Nonalcoholic Beverage Bars,Car,Public_transport
38638,26,Young Adult,56729,Moderate,4_person,nonfamily_single,1,F&B Eatery/Full-Service Restaurants,Public_transport,Car
55658,65,Elderly,25310,Low,2_person,family_single,1,F&B Eatery/Full-Service Restaurants,Walking,Car
18030,56,Senior,34801,Moderate,2_person,married_couple,2,F&B Eatery/Snack and Nonalcoholic Beverage Bars,Car,Car
5122,32,Adult,105208,Very High,2_person,married_couple,2,F&B Eatery/Full-Service Restaurants,Public_transport,Car
5126,73,Elderly,90913,Very High,1_person,living_alone,1,F&B Eatery/Drinking Places,Car,Car
15034,27,Young Adult,97242,Very High,1_person,living_alone,0,F&B Eatery/Limited-Service Restaurants,Walking,Walking
4621,28,Young Adult,22691,Low,2_person,nonfamily_single,1,F&B Eatery/Limited-Service Restaurants,Car,Walking
16748,21,Young Adult,36911,Moderate,4_person,nonfamily_single,0,F&B Eatery/Snack and Nonalcoholic Beverage Bars,Walking,Walking
44247,53,Senior,70230,High,2_person,married_couple,2,F&B Eatery/Limited-Service Restaurants,Car,Car
28699,27,Young Adult,0,Debt,1_person,living_alone,0,F&B Eatery/Full-Service Restaurants,Public_transport,Walking
8717,75,Elderly,479625,Ultra High,1_person,living_alone,1,F&B Eatery/Limited-Service Restaurants,Car,Car
55,20,Young Adult,0,Debt,4_person,nonfamily_single,0,F&B Eatery/Snack and Nonalcoholic Beverage Bars,Walking,Walking
302,77,Elderly,17400,Low,2_person,married_couple,1,F&B Eatery/Limited-Service Restaurants,Car,Car
50428,23,Young Adult,0,Debt,3_person,nonfamily_single,0,F&B Eatery/Limited-Service Restaurants,Walking,Walking
59399,23,Young Adult,47457,Moderate,2_person,nonfamily_single,1,F&B Eatery/Full-Service Restaurants,Car,Car
64291,50,Middle Age,40405,Moderate,3_person,nonfamily_single,3_plus,F&B Eatery/Full-Service Restaurants,Car,Car
4432,32,Adult,42937,Moderate,1_person,living_alone,1,F&B Eatery/Full-Service Restaurants,Car,Car
52796,28,Young Adult,59039,Moderate,2_person,nonfamily_single,1,F&B Eatery/Full-Service Restaurants,Walking,Car
19262,60,Senior,454565,Ultra High,7_plus_person,married_couple,1,F&B Eatery/Limited-Service Restaurants,Walking,Car
55645,21,Young Adult,25762,Low,2_person,nonfamily_single,1,F&B Eatery/Full-Service Restaurants,Walking,Walking
10478,27,Young Adult,31333,Moderate,1_person,living_alone,1,F&B Eatery/Drinking Places,Public_transport,Car
43221,56,Senior,21468,Low,5_person,family_single,0,F&B Eatery/Limited-Service Restaurants,Public_transport,Walking
5240,24,Young Adult,257,Low,3_person,family_single,3_plus,F&B Eatery/Snack and Nonalcoholic Beverage Bars,Walking,Walking
22574,18,Teen,2809,Low,5_person,married_couple,3_plus,F&B Eatery/Full-Service Restaurants,Car,Walking
10488,30,Young Adult,94000,Very High,1_person,living_alone,0,F&B Eatery/Drinking Places,Walking,Walking
23321,47,Middle Age,1073,Low,3_person,married_couple,1,F&B Eatery/Limited-Service Restaurants,Public_transport,Car
23624,19,Young Adult,0,Debt,4_person,nonfamily_single,0,F&B Eatery/Full-Service Restaurants,Walking,Walking
51745,31,Adult,30304,Moderate,2_person,nonfamily_single,0,F&B Eatery/Limited-Service Restaurants,Walking,Walking
18777,20,Young Adult,0,Debt,2_person,family_single,2,F&B Eatery/Snack and Nonalcoholic Beverage Bars,Walking,Walking
16907,27,Young Adult,52730,Moderate,3_person,nonfamily_single,3_plus,F&B Eatery/Drinking Places,Car,Car
39749,35,Adult,83313,High,3_person,married_couple,2,F&B Eatery/Full-Service Restaurants,Car,Car
23061,40,Adult,168531,Ultra High,3_person,married_couple,2,F&B Eatery/Drinking Places,Car,Car
36668,26,Young Adult,10734,Low,5_person,family_single,2,F&B Eatery/Limited-Service Restaurants,Public_transport,Car
57108,70,Elderly,330317,Ultra High,7_plus_person,married_couple,1,F&B Eatery/Full-Service Restaurants,Car,Car
23954,26,Young Adult,37816,Moderate,4_person,nonfamily_single,0,F&B Eatery/Limited-Service Restaurants,Public_transport,Walking
11314,20,Young Adult,2525,Low,5_person,family_single,0,F&B Eatery/Snack and Nonalcoholic Beverage Bars,Walking,Walking
28732,55,Senior,21468,Low,3_person,nonfamily_single,3_plus,F&B Eatery/Full-Service Restaurants,Public_transport,Car
33434,32,Adult,43320,Moderate,3_person,family_single,1,F&B Eatery/Drinking Places,Walking,Car
41240,30,Young Adult,97242,Very High,2_person,nonfamily_single,1,F&B Eatery/Full-Service Restaurants,Walking,Car
58243,29,Young Adult,21609,Low,5_person,family_single,0,F&B Eatery/Snack and Nonalcoholic Beverage Bars,Public_transport,Walking
24071,32,Adult,55557,Moderate,2_person,married_couple,1,F&B Eatery/Drinking Places,Car,Car
22415,30,Young Adult,30253,Moderate,4_person,family_single,1,F&B Eatery/Snack and Nonalcoholic Beverage Bars,Car,Public_transport
11637,25,Young Adult,81035,High,2_person,nonfamily_single,1,F&B Eatery/Snack and Nonalcoholic Beverage Bars,Car,Walking
6090,21,Young Adult,2701,Low,5_person,nonfamily_single,0,F&B Eatery/Snack and Nonalcoholic Beverage Bars,Walking,Walking
24214,60,Senior,63011,High,1_person,living_alone,1,F&B Eatery/Drinking Places,Public_transport,Car
17144,61,Elderly,578813,Ultra High,3_person,married_couple,1,F&B Eatery/Snack and Nonalcoholic Beverage Bars,Car,Car
6254,57,Senior,112368,Very High,3_person,married_couple,2,F&B Eatery/Limited-Service Restaurants,Car,Car
45002,69,Elderly,15253,Low,2_person,married_couple,1,F&B Eatery/Drinking Places,Walking,Car
12015,80,Elderly,31441,Moderate,2_person,family_single,3_plus,F&B Eatery/Drinking Places,Car,Car
36586,54,Senior,44293,Moderate,1_person,living_alone,0,F&B Eatery/Full-Service Restaurants,Walking,Public_transport
5569,91,Elderly,7563,Low,1_person,living_alone,0,F&B Eatery/Limited-Service Restaurants,Car,Walking
14388,68,Elderly,12626,Low,1_person,living_alone,0,F&B Eatery/Snack and Nonalcoholic Beverage Bars,Car,Walking
55123,67,Elderly,14950,Low,2_person,family_single,1,F&B Eatery/Full-Service Restaurants,Public_transport,Car
19963,35,Adult,36489,Moderate,4_person,nonfamily_single,1,F&B Eatery/Full-Service Restaurants,Public_transport,Public_transport
55479,44,Middle Age,16207,Low,4_person,married_couple,1,F&B Eatery/Snack and Nonalcoholic Beverage Bars,Public_transport,Car
39811,51,Senior,25786,Low,4_person,nonfamily_single,2,F&B Eatery/Snack and Nonalcoholic Beverage Bars,Car,Car
43088,22,Young Adult,11020,Low,4_person,married_couple,2,F&B Eatery/Full-Service Restaurants,Walking,Car
52329,60,Senior,91539,Very High,2_person,married_couple,1,F&B Eatery/Full-Service Restaurants,Walking,Car
42318,20,Young Adult,0,Debt,3_person,nonfamily_single,0,F&B Eatery/Full-Service Restaurants,Walking,Walking
56800,36,Adult,134181,Ultra High,5_person,married_couple,2,F&B Eatery/Full-Service Restaurants,Car,Walking
53413,20,Young Adult,21092,Low,1_person,living_alone,1,F&B Eatery/Limited-Service Restaurants,Walking,Walking
61886,42,Middle Age,161017,Ultra High,2_person,nonfamily_single,2,F&B Eatery/Full-Service Restaurants,Walking,Car
23386,53,Senior,64406,High,2_person,family_single,2,F&B Eatery/Limited-Service Restaurants,Car,Car
25934,59,Senior,105460,Very High,2_person,family_single,2,F&B Eatery/Full-Service Restaurants,Car,Car
6941,40,Adult,5402,Low,6_person,family_single,1,F&B Eatery/Full-Service Restaurants,Walking,Public_transport
55393,29,Young Adult,80508,High,1_person,living_alone,1,F&B Eatery/Full-Service Restaurants,Walking,Walking
6949,49,Middle Age,123774,Ultra High,3_person,married_couple,1,F&B Eatery/Full-Service Restaurants,Car,Car
65215,80,Elderly,8889,Low,7_plus_person,nonfamily_single,0,F&B Eatery/Limited-Service Restaurants,Walking,Public_transport
59494,60,Senior,308404,Ultra High,2_person,married_couple,2,F&B Eatery/Full-Service Restaurants,Car,Car
53682,45,Middle Age,22220,Low,3_person,married_couple,1,F&B Eatery/Full-Service Restaurants,Car,Car
37441,40,Adult,25786,Low,7_plus_person,married_couple,3_plus,F&B Eatery/Limited-Service Restaurants,Car,Car
39764,67,Elderly,41762,Moderate,2_person,married_couple,1,F&B Eatery/Full-Service Restaurants,Car,Car
1252,25,Young Adult,49269,Moderate,2_person,nonfamily_single,2,F&B Eatery/Limited-Service Restaurants,Car,Car
44238,33,Adult,633360,Ultra High,4_person,married_couple,1,F&B Eatery/Snack and Nonalcoholic Beverage Bars,Walking,Public_transport
15254,32,Adult,0,Debt,5_person,married_couple,1,F&B Eatery/Full-Service Restaurants,Public_transport,Car
19758,25,Young Adult,0,Debt,4_person,nonfamily_single,0,F&B Eatery/Full-Service Restaurants,Walking,Walking
19198,40,Adult,639500,Ultra High,5_person,married_couple,1,F&B Eatery/Limited-Service Restaurants,Public_transport,Public_transport
53871,27,Young Adult,51675,Moderate,2_person,nonfamily_single,0,F&B Eatery/Drinking Places,Walking,Walking
42808,18,Teen,0,Debt,4_person,married_couple,2,F&B Eatery/Full-Service Restaurants,Public_transport,Car
37626,24,Young Adult,65659,High,3_person,nonfamily_single,3_plus,F&B Eatery/Snack and Nonalcoholic Beverage Bars,Public_transport,Car
24285,22,Young Adult,80811,High,1_person,living_alone,0,F&B Eatery/Full-Service Restaurants,Public_transport,Walking
42944,27,Young Adult,42289,Moderate,4_person,nonfamily_single,0,F&B Eatery/Limited-Service Restaurants,Walking,Walking
37131,19,Young Adult,0,Debt,7_plus_person,married_couple,2,F&B Eatery/Full-Service Restaurants,Public_transport,Public_transport
32049,57,Senior,51572,Moderate,2_person,married_couple,1,F&B Eatery/Full-Service Restaurants,Walking,Car
49922,29,Young Adult,50093,Moderate,3_person,nonfamily_single,1,F&B Eatery/Limited-Service Restaurants,Car,Car
43125,57,Senior,82516,High,2_person,married_couple,0,F&B Eatery/Full-Service Restaurants,Car,Public_transport
61877,25,Young Adult,966,Low,1_person,living_alone,0,F&B Eatery/Limited-Service Restaurants,Walking,Walking
58017,25,Young Adult,121711,Ultra High,1_person,living_alone,0,F&B Eatery/Full-Service Restaurants,Walking,Walking
14489,75,Elderly,7779,Low,3_person,married_couple,1,F&B Eatery/Full-Service Restaurants,Public_transport,Car
7239,55,Senior,47540,Moderate,2_person,married_couple,1,F&B Eatery/Full-Service Restaurants,Public_transport,Car
36187,29,Young Adult,0,Debt,4_person,married_couple,1,F&B Eatery/Full-Service Restaurants,Walking,Car
67013,39,Adult,0,Debt,7_plus_person,married_couple,2,F&B Eatery/Full-Service Restaurants,Car,Car
37744,21,Young Adult,6222,Low,3_person,nonfamily_single,0,F&B Eatery/Drinking Places,Walking,Walking
21949,21,Young Adult,40254,Moderate,5_person,married_couple,2,F&B Eatery/Snack and Nonalcoholic Beverage Bars,Public_transport,Car
57091,23,Young Adult,12377,Low,3_person,nonfamily_single,1,F&B Eatery/Full-Service Restaurants,Walking,Walking
17100,22,Young Adult,27011,Low,2_person,nonfamily_single,1,F&B Eatery/Full-Service Restaurants,Walking,Walking
53932,23,Young Adult,36911,Moderate,3_person,nonfamily_single,3_plus,F&B Eatery/Limited-Service Restaurants,Car,Car
45106,58,Senior,96973,Very High,3_person,married_couple,2,F&B Eatery/Drinking Places,Walking,Car
34816,61,Elderly,30943,Moderate,6_person,nonfamily_single,0,F&B Eatery/Full-Service Restaurants,Public_transport,Public_transport
38765,54,Senior,7898,Low,2_person,married_couple,0,F&B Eatery/Drinking Places,Public_transport,Public_transport
56397,77,Elderly,17604,Low,1_person,living_alone,0,F&B Eatery/Limited-Service Restaurants,Public_transport,Walking
13456,58,Senior,11919,Low,1_person,living_alone,0,F&B Eatery/Full-Service Restaurants,Public_transport,Public_transport
53330,28,Young Adult,39298,Moderate,2_person,nonfamily_single,1,F&B Eatery/Full-Service Restaurants,Walking,Car
32201,20,Young Adult,0,Debt,2_person,nonfamily_single,0,F&B Eatery/Full-Service Restaurants,Public_transport,Walking
4809,85,Elderly,21101,Low,1_person,living_alone,1,F&B Eatery/Full-Service Restaurants,Car,Car
10916,30,Young Adult,64406,High,2_person,family_single,1,F&B Eatery/Drinking Places,Public_transport,Walking
23524,87,Elderly,51310,Moderate,1_person,living_alone,1,F&B Eatery/Full-Service Restaurants,Car,Car
23574,23,Young Adult,49566,Moderate,3_person,nonfamily_single,0,F&B Eatery/Full-Service Restaurants,Car,Walking
50612,22,Young Adult,63276,High,2_person,nonfamily_single,0,F&B Eatery/Limited-Service Restaurants,Walking,Walking
9860,35,Adult,9081,Low,6_person,family_single,2,F&B Eatery/Snack and Nonalcoholic Beverage Bars,Walking,Car
60100,22,Young Adult,0,Debt,3_person,married_couple,2,F&B Eatery/Snack and Nonalcoholic Beverage Bars,Car,Public_transport
18384,60,Senior,22398,Low,2_person,married_couple,1,F&B Eatery/Full-Service Restaurants,Car,Car
12763,76,Elderly,24754,Low,1_person,living_alone,1,F&B Eatery/Full-Service Restaurants,Walking,Car
29189,70,Elderly,330317,Ultra High,7_plus_person,married_couple,1,F&B Eatery/Full-Service Restaurants,Car,Car
47926,58,Senior,75141,High,3_person,married_couple,2,F&B Eatery/Full-Service Restaurants,Walking,Car
40943,55,Senior,10949,Low,3_person,family_single,0,F&B Eatery/Snack and Nonalcoholic Beverage Bars,Public_transport,Public_transport
404,38,Adult,10734,Low,7_plus_person,married_couple,1,F&B Eatery/Full-Service Restaurants,Public_transport,Walking
384,22,Young Adult,0,Debt,2_person,nonfamily_single,0,F&B Eatery/Full-Service Restaurants,Walking,Walking
8702,26,Young Adult,40496,Moderate,3_person,family_single,0,F&B Eatery/Full-Service Restaurants,Public_transport,Walking
18017,40,Adult,34350,Moderate,4_person,family_single,0,F&B Eatery/Full-Service Restaurants,Walking,Public_transport
20384,22,Young Adult,151521,Ultra High,3_person,nonfamily_single,1,F&B Eatery/Limited-Service Restaurants,Public_transport,Walking
46540,86,Elderly,45919,Moderate,1_person,living_alone,1,F&B Eatery/Full-Service Restaurants,Car,Car
6970,26,Young Adult,43218,Moderate,1_person,living_alone,1,F&B Eatery/Full-Service Restaurants,Walking,Car
20309,19,Young Adult,0,Debt,2_person,family_single,0,F&B Eatery/Full-Service Restaurants,Walking,Walking
62680,32,Adult,62402,High,3_person,nonfamily_single,0,F&B Eatery/Drinking Places,Public_transport,Walking
4158,74,Elderly,501233,Ultra High,3_person,married_couple,0,F&B Eatery/Drinking Places,Public_transport,Public_transport
23833,23,Young Adult,0,Debt,2_person,nonfamily_single,1,F&B Eatery/Full-Service Restaurants,Walking,Walking
62292,42,Middle Age,89641,High,2_person,married_couple,0,F&B Eatery/Limited-Service Restaurants,Public_transport,Public_transport
8415,39,Adult,7071,Low,6_person,married_couple,1,F&B Eatery/Limited-Service Restaurants,Walking,Car
27712,21,Young Adult,18182,Low,3_person,nonfamily_single,0,F&B Eatery/Limited-Service Restaurants,Public_transport,Walking
61813,27,Young Adult,69760,High,3_person,nonfamily_single,3_plus,F&B Eatery/Limited-Service Restaurants,Car,Car
1015,25,Young Adult,84368,High,2_person,nonfamily_single,1,F&B Eatery/Full-Service Restaurants,Car,Walking
37892,25,Young Adult,121299,Ultra High,7_plus_person,nonfamily_single,2,F&B Eatery/Full-Service Restaurants,Car,Walking
56570,62,Elderly,34350,Moderate,7_plus_person,married_couple,3_plus,F&B Eatery/Full-Service Restaurants,Public_transport,Car
23793,55,Senior,147644,Ultra High,1_person,living_alone,1,F&B Eatery/Drinking Places,Car,Car
58141,26,Young Adult,75141,High,2_person,nonfamily_single,0,F&B Eatery/Full-Service Restaurants,Walking,Walking
65545,21,Young Adult,8587,Low,7_plus_person,married_couple,3_plus,F&B Eatery/Snack and Nonalcoholic Beverage Bars,Car,Public_transport
50990,49,Middle Age,0,Debt,4_person,married_couple,1,F&B Eatery/Snack and Nonalcoholic Beverage Bars,Public_transport,Car
49407,26,Young Adult,58588,Moderate,2_person,married_couple,1,F&B Eatery/Snack and Nonalcoholic Beverage Bars,Car,Car
56178,34,Adult,137098,Ultra High,3_person,married_couple,2,F&B Eatery/Drinking Places,Walking,Car
5713,23,Young Adult,31638,Moderate,4_person,family_single,3_plus,F&B Eatery/Full-Service Restaurants,Car,Public_transport
45445,77,Elderly,64672,High,2_person,married_couple,0,F&B Eatery/Special Food Services,Walking,Public_transport
34349,33,Adult,101267,Very High,2_person,nonfamily_single,1,F&B Eatery/Full-Service Restaurants,Walking,Car
27532,32,Adult,53672,Moderate,2_person,nonfamily_single,0,F&B Eatery/Snack and Nonalcoholic Beverage Bars,Walking,Walking
35547,73,Elderly,12444,Low,2_person,married_couple,0,F&B Eatery/Full-Service Restaurants,Walking,Public_transport
57043,86,Elderly,79757,High,1_person,living_alone,0,F&B Eatery/Full-Service Restaurants,Car,Public_transport
55284,20,Young Adult,0,Debt,4_person,married_couple,1,F&B Eatery/Snack and Nonalcoholic Beverage Bars,Car,Car
38088,45,Middle Age,21454,Low,4_person,family_single,1,F&B Eatery/Snack and Nonalcoholic Beverage Bars,Public_transport,Car
47605,24,Young Adult,21092,Low,3_person,family_single,0,F&B Eatery/Full-Service Restaurants,Walking,Walking
20159,38,Adult,181826,Ultra High,2_person,nonfamily_single,1,F&B Eatery/Limited-Service Restaurants,Walking,Car
4835,18,Teen,0,Debt,2_person,family_single,0,F&B Eatery/Snack and Nonalcoholic Beverage Bars,Walking,Walking
27355,22,Young Adult,3094,Low,2_person,nonfamily_single,0,F&B Eatery/Limited-Service Restaurants,Walking,Walking
33307,35,Adult,70710,High,1_person,living_alone,1,F&B Eatery/Full-Service Restaurants,Public_transport,Car
31921,35,Adult,16207,Low,4_person,married_couple,0,F&B Eatery/Snack and Nonalcoholic Beverage Bars,Walking,Public_transport
61529,31,Adult,83196,High,2_person,married_couple,2,F&B Eatery/Snack and Nonalcoholic Beverage Bars,Car,Car
46427,33,Adult,2475,Low,4_person,married_couple,1,F&B Eatery/Full-Service Restaurants,Car,Public_transport
9337,60,Senior,217910,Ultra High,1_person,living_alone,0,F&B Eatery/Limited-Service Restaurants,Walking,Public_transport
29703,70,Elderly,91839,Very High,1_person,living_alone,1,F&B Eatery/Full-Service Restaurants,Car,Car
66203,60,Senior,454565,Ultra High,7_plus_person,married_couple,1,F&B Eatery/Full-Service Restaurants,Car,Car
23959,75,Elderly,41129,Moderate,2_person,married_couple,1,F&B Eatery/Drinking Places,Car,Car
21447,87,Elderly,59411,Moderate,1_person,living_alone,1,F&B Eatery/Snack and Nonalcoholic Beverage Bars,Car,Car
11023,88,Elderly,281243,Ultra High,1_person,living_alone,0,F&B Eatery/Full-Service Restaurants,Public_transport,Public_transport
10975,57,Senior,15040,Low,2_person,married_couple,0,F&B Eatery/Full-Service Restaurants,Walking,Public_transport
7114,57,Senior,124654,Ultra High,5_person,married_couple,3_plus,F&B Eatery/Snack and Nonalcoholic Beverage Bars,Car,Public_transport
24504,24,Young Adult,32414,Moderate,3_person,nonfamily_single,1,F&B Eatery/Full-Service Restaurants,Public_transport,Car
41430,63,Elderly,85155,High,2_person,married_couple,1,F&B Eatery/Snack and Nonalcoholic Beverage Bars,Walking,Car
19087,27,Young Adult,83842,High,2_person,married_couple,1,F&B Eatery/Limited-Service Restaurants,Walking,Walking
52736,30,Young Adult,18141,Low,3_person,nonfamily_single,3_plus,F&B Eatery/Snack and Nonalcoholic Beverage Bars,Car,Walking
52638,20,Young Adult,5024,Low,3_person,nonfamily_single,0,F&B Eatery/Snack and Nonalcoholic Beverage Bars,Walking,Walking
38413,27,Young Adult,0,Debt,1_person,living_alone,1,F&B Eatery/Limited-Service Restaurants,Public_transport,Walking
52528,28,Young Adult,44299,Moderate,6_person,married_couple,1,F&B Eatery/Full-Service Restaurants,Public_transport,Public_transport
17640,27,Young Adult,102644,Very High,2_person,married_couple,1,F&B Eatery/Full-Service Restaurants,Car,Walking
13843,72,Elderly,66967,High,2_person,married_couple,2,F&B Eatery/Snack and Nonalcoholic Beverage Bars,Car,Car
30354,34,Adult,153036,Ultra High,2_person,nonfamily_single,2,F&B Eatery/Snack and Nonalcoholic Beverage Bars,Public_transport,Car
21732,69,Elderly,81251,High,2_person,married_couple,2,F&B Eatery/Snack and Nonalcoholic Beverage Bars,Car,Car
61642,40,Adult,134181,Ultra High,4_person,married_couple,1,F&B Eatery/Snack and Nonalcoholic Beverage Bars,Public_transport,Public_transport
20559,51,Senior,8457,Low,3_person,family_single,0,F&B Eatery/Snack and Nonalcoholic Beverage Bars,Walking,Public_transport
34620,33,Adult,105460,Very High,3_person,married_couple,1,F&B Eatery/Full-Service Restaurants,Walking,Car
22700,52,Senior,0,Debt,2_person,family_single,1,F&B Eatery/Snack and Nonalcoholic Beverage Bars,Public_transport,Car
36395,31,Adult,75760,High,2_person,nonfamily_single,2,F&B Eatery/Full-Service Restaurants,Walking,Car
33591,44,Middle Age,48621,Moderate,4_person,married_couple,1,F&B Eatery/Full-Service Restaurants,Public_transport,Car
23960,25,Young Adult,87776,High,2_person,nonfamily_single,2,F&B Eatery/Limited-Service Restaurants,Public_transport,Walking
28016,28,Young Adult,48486,Moderate,2_person,nonfamily_single,0,F&B Eatery/Snack and Nonalcoholic Beverage Bars,Public_transport,Walking
66040,28,Young Adult,0,Debt,2_person,nonfamily_single,2,F&B Eatery/Full-Service Restaurants,Car,Walking
61629,81,Elderly,0,Debt,5_person,married_couple,1,F&B Eatery/Limited-Service Restaurants,Car,Car
39298,26,Young Adult,-1753,Debt,1_person,living_alone,0,F&B Eatery/Full-Service Restaurants,Walking,Walking
52224,20,Young Adult,0,Debt,2_person,family_single,2,F&B Eatery/Limited-Service Restaurants,Public_transport,Walking
42918,40,Adult,63276,High,3_person,married_couple,2,F&B Eatery/Snack and Nonalcoholic Beverage Bars,Public_transport,Car
42344,16,Teen,0,Debt,3_person,married_couple,2,F&B Eatery/Drinking Places,Walking,Car
25470,50,Middle Age,101082,Very High,3_person,married_couple,2,F&B Eatery/Snack and Nonalcoholic Beverage Bars,Walking,Walking
13116,57,Senior,0,Debt,1_person,living_alone,0,F&B Eatery/Full-Service Restaurants,Public_transport,Walking
57799,24,Young Adult,10734,Low,7_plus_person,nonfamily_single,1,F&B Eatery/Snack and Nonalcoholic Beverage Bars,Public_transport,Walking
55771,37,Adult,37570,Moderate,4_person,married_couple,2,F&B Eatery/Drinking Places,Car,Public_transport
30355,70,Elderly,161661,Ultra High,2_person,married_couple,1,F&B Eatery/Limited-Service Restaurants,Car,Car
3709,41,Middle Age,88022,High,3_person,family_single,1,F&B Eatery/Full-Service Restaurants,Car,Car
67002,53,Senior,10651,Low,1_person,living_alone,0,F&B Eatery/Special Food Services,Car,Public_transport
4748,44,Middle Age,67044,High,2_person,married_couple,1,F&B Eatery/Full-Service Restaurants,Car,Car
44482,29,Young Adult,75760,High,2_person,nonfamily_single,0,F&B Eatery/Full-Service Restaurants,Public_transport,Walking
15485,40,Adult,38385,Moderate,4_person,nonfamily_single,2,F&B Eatery/Limited-Service Restaurants,Walking,Car
55129,19,Young Adult,0,Debt,2_person,family_single,1,F&B Eatery/Limited-Service Restaurants,Car,Walking
25289,59,Senior,0,Debt,7_plus_person,married_couple,2,F&B Eatery/Drinking Places,Public_transport,Walking
26790,42,Middle Age,22990,Low,1_person,living_alone,0,F&B Eatery/Snack and Nonalcoholic Beverage Bars,Public_transport,Walking
34578,23,Young Adult,52730,Moderate,3_person,nonfamily_single,0,F&B Eatery/Full-Service Restaurants,Car,Walking
19870,49,Middle Age,90696,Very High,5_person,married_couple,3_plus,F&B Eatery/Limited-Service Restaurants,Public_transport,Car
35909,35,Adult,7563,Low,5_person,married_couple,2,F&B Eatery/Drinking Places,Public_transport,Car
1324,28,Young Adult,46567,Moderate,3_person,nonfamily_single,0,F&B Eatery/Drinking Places,Walking,Walking
37080,69,Elderly,46209,Moderate,1_person,living_alone,1,F&B Eatery/Full-Service Restaurants,Walking,Car
40262,54,Senior,27011,Low,3_person,family_single,0,F&B Eatery/Full-Service Restaurants,Public_transport,Public_transport
57854,62,Elderly,0,Debt,6_person,married_couple,2,F&B Eatery/Full-Service Restaurants,Walking,Car
26432,25,Young Adult,82516,High,5_person,nonfamily_single,1,F&B Eatery/Full-Service Restaurants,Public_transport,Car
42348,48,Middle Age,8436,Low,3_person,family_single,1,F&B Eatery/Limited-Service Restaurants,Car,Car
13807,25,Young Adult,36911,Moderate,7_plus_person,family_single,0,F&B Eatery/Full-Service Restaurants,Walking,Walking
28295,36,Adult,79801,High,7_plus_person,nonfamily_single,3_plus,F&B Eatery/Drinking Places,Car,Walking
26962,25,Young Adult,53672,Moderate,2_person,family_single,0,F&B Eatery/Full-Service Restaurants,Walking,Walking
54693,30,Young Adult,100187,Very High,2_person,married_couple,0,F&B Eatery/Limited-Service Restaurants,Walking,Public_transport
19065,64,Elderly,210921,Ultra High,2_person,married_couple,0,F&B Eatery/Snack and Nonalcoholic Beverage Bars,Public_transport,Public_transport
62856,55,Senior,13288,Low,1_person,living_alone,0,F&B Eatery/Limited-Service Restaurants,Public_transport,Public_transport
39081,30,Young Adult,55851,Moderate,2_person,married_couple,1,F&B Eatery/Drinking Places,Walking,Car
50343,82,Elderly,23623,Low,2_person,married_couple,1,F&B Eatery/Snack and Nonalcoholic Beverage Bars,Walking,Car
46732,21,Young Adult,0,Debt,3_person,nonfamily_single,0,F&B Eatery/Snack and Nonalcoholic Beverage Bars,Walking,Walking
21677,33,Adult,1717,Low,3_person,family_single,1,F&B Eatery/Full-Service Restaurants,Public_transport,Car
1542,39,Adult,48284,Moderate,4_person,nonfamily_single,1,F&B Eatery/Snack and Nonalcoholic Beverage Bars,Car,Public_transport
44261,42,Middle Age,0,Debt,2_person,married_couple,1,F&B Eatery/Limited-Service Restaurants,Walking,Car
23625,67,Elderly,71813,High,2_person,family_single,1,F&B Eatery/Full-Service Restaurants,Walking,Car
48136,27,Young Adult,0,Debt,2_person,family_single,1,F&B Eatery/Full-Service Restaurants,Public_transport,Walking
6801,37,Adult,58588,Moderate,4_person,married_couple,1,F&B Eatery/Snack and Nonalcoholic Beverage Bars,Car,Public_transport
38102,77,Elderly,13333,Low,2_person,family_single,0,F&B Eatery/Snack and Nonalcoholic Beverage Bars,Public_transport,Walking
23714,85,Elderly,10101,Low,7_plus_person,nonfamily_single,3_plus,F&B Eatery/Full-Service Restaurants,Public_transport,Car
9348,28,Young Adult,0,Debt,2_person,nonfamily_single,0,F&B Eatery/Full-Service Restaurants,Public_transport,Walking
11174,38,Adult,53672,Moderate,4_person,married_couple,2,F&B Eatery/Full-Service Restaurants,Car,Public_transport
21689,34,Adult,154717,Ultra High,2_person,nonfamily_single,2,F&B Eatery/Snack and Nonalcoholic Beverage Bars,Car,Car
21545,62,Elderly,119803,Very High,2_person,married_couple,1,F&B Eatery/Full-Service Restaurants,Car,Car
1062,34,Adult,34565,Moderate,5_person,family_single,2,F&B Eatery/Full-Service Restaurants,Public_transport,Car
27192,89,Elderly,251526,Ultra High,2_person,married_couple,2,F&B Eatery/Full-Service Restaurants,Public_transport,Car
66703,33,Adult,8643,Low,1_person,living_alone,0,F&B Eatery/Full-Service Restaurants,Walking,Walking
60566,70,Elderly,330317,Ultra High,7_plus_person,married_couple,1,F&B Eatery/Limited-Service Restaurants,Public_transport,Car
11130,34,Adult,82831,High,3_person,married_couple,2,F&B Eatery/Limited-Service Restaurants,Public_transport,Car
8335,52,Senior,9508,Low,2_person,family_single,1,F&B Eatery/Full-Service Restaurants,Public_transport,Car
5486,49,Middle Age,8990,Low,7_plus_person,married_couple,1,F&B Eatery/Full-Service Restaurants,Public_transport,Car
60921,62,Elderly,6762,Low,4_person,married_couple,0,F&B Eatery/Limited-Service Restaurants,Public_transport,Public_transport
54098,59,Senior,12525,Low,1_person,living_alone,0,F&B Eatery/Limited-Service Restaurants,Walking,Public_transport
32307,41,Middle Age,92830,Very High,2_person,married_couple,1,F&B Eatery/Full-Service Restaurants,Walking,Car
64895,73,Elderly,8889,Low,7_plus_person,nonfamily_single,0,F&B Eatery/Full-Service Restaurants,Public_transport,Public_transport
51934,71,Elderly,7084,Low,2_person,married_couple,0,F&B Eatery/Limited-Service Restaurants,Public_transport,Public_transport
59163,62,Elderly,2146,Low,2_person,married_couple,0,F&B Eatery/Full-Service Restaurants,Walking,Public_transport
35270,60,Senior,39395,Moderate,7_plus_person,married_couple,1,F&B Eatery/Limited-Service Restaurants,Walking,Walking
36939,69,Elderly,3713,Low,1_person,living_alone,0,F&B Eatery/Full-Service Restaurants,Walking,Walking
24466,28,Young Adult,0,Debt,2_person,nonfamily_single,2,F&B Eatery/Full-Service Restaurants,Car,Walking
63932,27,Young Adult,102644,Very High,2_person,married_couple,1,F&B Eatery/Snack and Nonalcoholic Beverage Bars,Walking,Walking
16779,50,Middle Age,10734,Low,5_person,family_single,1,F&B Eatery/Drinking Places,Walking,Car
47280,34,Adult,0,Debt,6_person,married_couple,2,F&B Eatery/Full-Service Restaurants,Public_transport,Car
39954,57,Senior,8889,Low,7_plus_person,nonfamily_single,0,F&B Eatery/Full-Service Restaurants,Public_transport,Public_transport
66234,30,Young Adult,35355,Moderate,2_person,nonfamily_single,1,F&B Eatery/Full-Service Restaurants,Car,Car
50517,33,Adult,112712,Very High,1_person,living_alone,0,F&B Eatery/Full-Service Restaurants,Public_transport,Walking
728,54,Senior,639500,Ultra High,2_person,married_couple,1,F&B Eatery/Full-Service Restaurants,Walking,Car
46959,42,Middle Age,14764,Low,3_person,married_couple,2,F&B Eatery/Limited-Service Restaurants,Car,Car
41555,32,Adult,56568,Moderate,4_person,married_couple,1,F&B Eatery/Snack and Nonalcoholic Beverage Bars,Car,Public_transport
14397,25,Young Adult,54131,Moderate,2_person,nonfamily_single,2,F&B Eatery/Full-Service Restaurants,Walking,Car
55069,23,Young Adult,0,Debt,4_person,married_couple,2,F&B Eatery/Snack and Nonalcoholic Beverage Bars,Car,Car
21352,28,Young Adult,68549,High,2_person,nonfamily_single,2,F&B Eatery/Full-Service Restaurants,Car,Walking
43286,29,Young Adult,67044,High,2_person,nonfamily_single,1,F&B Eatery/Snack and Nonalcoholic Beverage Bars,Walking,Walking
20150,17,Teen,11139,Low,6_person,married_couple,3_plus,F&B Eatery/Full-Service Restaurants,Public_transport,Walking
36208,86,Elderly,39496,Moderate,3_person,married_couple,0,F&B Eatery/Snack and Nonalcoholic Beverage Bars,Car,Public_transport
44811,78,Elderly,15457,Low,3_person,family_single,0,F&B Eatery/Snack and Nonalcoholic Beverage Bars,Walking,Walking
61476,30,Young Adult,0,Debt,6_person,married_couple,1,F&B Eatery/Snack and Nonalcoholic Beverage Bars,Public_transport,Walking
32479,27,Young Adult,40075,Moderate,1_person,living_alone,3_plus,F&B Eatery/Limited-Service Restaurants,Walking,Car
7357,61,Elderly,26365,Low,3_person,married_couple,3_plus,F&B Eatery/Full-Service Restaurants,Car,Car
59031,21,Young Adult,2160,Low,3_person,nonfamily_single,0,F&B Eatery/Full-Service Restaurants,Public_transport,Walking
34911,28,Young Adult,5186,Low,3_person,family_single,0,F&B Eatery/Snack and Nonalcoholic Beverage Bars,Walking,Walking
65510,55,Senior,21092,Low,7_plus_person,family_single,3_plus,F&B Eatery/Full-Service Restaurants,Car,Car
37841,57,Senior,162070,Ultra High,2_person,married_couple,2,F&B Eatery/Full-Service Restaurants,Car,Car
17955,31,Adult,38890,Moderate,5_person,nonfamily_single,2,F&B Eatery/Snack and Nonalcoholic Beverage Bars,Car,Car
47295,25,Young Adult,0,Debt,3_person,married_couple,0,F&B Eatery/Full-Service Restaurants,Walking,Walking
35735,33,Adult,31638,Moderate,4_person,married_couple,2,F&B Eatery/Full-Service Restaurants,Car,Public_transport
18888,51,Senior,25253,Low,3_person,married_couple,1,F&B Eatery/Limited-Service Restaurants,Car,Car
38756,64,Elderly,135058,Ultra High,1_person,living_alone,1,F&B Eatery/Snack and Nonalcoholic Beverage Bars,Public_transport,Car
44425,79,Elderly,110913,Very High,1_person,living_alone,0,F&B Eatery/Drinking Places,Car,Walking
60692,45,Middle Age,190917,Ultra High,7_plus_person,family_single,1,F&B Eatery/Limited-Service Restaurants,Walking,Walking
33496,18,Teen,3030,Low,3_person,family_single,0,F&B Eatery/Drinking Places,Walking,Walking
7543,37,Adult,35355,Moderate,3_person,family_single,2,F&B Eatery/Snack and Nonalcoholic Beverage Bars,Public_transport,Car
412,49,Middle Age,596906,Ultra High,2_person,nonfamily_single,2,F&B Eatery/Limited-Service Restaurants,Car,Car
11338,49,Middle Age,427291,Ultra High,3_person,married_couple,3_plus,F&B Eatery/Full-Service Restaurants,Public_transport,Car
26092,23,Young Adult,111,Low,2_person,nonfamily_single,0,F&B Eatery/Limited-Service Restaurants,Public_transport,Walking
38513,30,Young Adult,98994,Very High,1_person,living_alone,1,F&B Eatery/Full-Service Restaurants,Walking,Car
3267,20,Young Adult,7065,Low,5_person,married_couple,3_plus,F&B Eatery/Limited-Service Restaurants,Public_transport,Car
20358,25,Young Adult,1476,Low,7_plus_person,nonfamily_single,0,F&B Eatery/Full-Service Restaurants,Walking,Walking
57458,33,Adult,252536,Ultra High,2_person,married_couple,1,F&B Eatery/Full-Service Restaurants,Car,Car
65953,33,Adult,45963,Moderate,3_person,family_single,1,F&B Eatery/Limited-Service Restaurants,Car,Car
15305,32,Adult,9491,Low,2_person,married_couple,0,F&B Eatery/Full-Service Restaurants,Walking,Public_transport
25351,33,Adult,30304,Moderate,4_person,family_single,1,F&B Eatery/Drinking Places,Car,Public_transport
27350,20,Young Adult,0,Debt,2_person,nonfamily_single,0,F&B Eatery/Drinking Places,Walking,Walking
12161,27,Young Adult,102644,Very High,2_person,married_couple,1,F&B Eatery/Limited-Service Restaurants,Public_transport,Walking
3373,83,Elderly,20000,Low,2_person,family_single,1,F&B Eatery/Full-Service Restaurants,Car,Car
38494,59,Senior,604394,Ultra High,2_person,married_couple,1,F&B Eatery/Limited-Service Restaurants,Car,Car
20764,42,Middle Age,0,Debt,7_plus_person,family_single,3_plus,F&B Eatery/Snack and Nonalcoholic Beverage Bars,Car,Walking
38304,18,Teen,0,Debt,3_person,family_single,1,F&B Eatery/Snack and Nonalcoholic Beverage Bars,Walking,Walking
4000,30,Young Adult,116017,Very High,1_person,living_alone,0,F&B Eatery/Full-Service Restaurants,Walking,Walking
35195,94,Elderly,16101,Low,1_person,living_alone,0,F&B Eatery/Limited-Service Restaurants,Car,Walking
11938,27,Young Adult,193220,Ultra High,2_person,nonfamily_single,0,F&B Eatery/Limited-Service Restaurants,Public_transport,Walking
59275,38,Adult,140461,Ultra High,3_person,married_couple,0,F&B Eatery/Full-Service Restaurants,Public_transport,Walking
18071,79,Elderly,3535,Low,5_person,married_couple,2,F&B Eatery/Full-Service Restaurants,Car,Car
66387,35,Adult,221496,Ultra High,2_person,married_couple,0,F&B Eatery/Snack and Nonalcoholic Beverage Bars,Public_transport,Walking
60890,41,Middle Age,8384,Low,7_plus_person,family_single,1,F&B Eatery/Full-Service Restaurants,Walking,Walking
49115,85,Elderly,62235,High,1_person,living_alone,3_plus,F&B Eatery/Full-Service Restaurants,Car,Car
30977,59,Senior,105460,Very High,2_person,married_couple,1,F&B Eatery/Full-Service Restaurants,Walking,Car
57679,41,Middle Age,168736,Ultra High,5_person,family_single,0,F&B Eatery/Limited-Service Restaurants,Walking,Walking
51991,70,Elderly,413277,Ultra High,2_person,married_couple,2,F&B Eatery/Drinking Places,Car,Car
27663,31,Adult,141317,Ultra High,2_person,married_couple,1,F&B Eatery/Full-Service Restaurants,Car,Car
4611,50,Middle Age,8889,Low,7_plus_person,nonfamily_single,0,F&B Eatery/Drinking Places,Public_transport,Public_transport
16364,33,Adult,41057,Moderate,1_person,living_alone,1,F&B Eatery/Full-Service Restaurants,Public_transport,Car
9540,55,Senior,10314,Low,2_person,married_couple,1,F&B Eatery/Snack and Nonalcoholic Beverage Bars,Car,Car
41975,31,Adult,0,Debt,2_person,nonfamily_single,1,F&B Eatery/Full-Service Restaurants,Walking,Public_transport
60160,33,Adult,0,Debt,4_person,family_single,1,F&B Eatery/Full-Service Restaurants,Public_transport,Car
9823,75,Elderly,38493,Moderate,1_person,living_alone,0,F&B Eatery/Full-Service Restaurants,Car,Public_transport
23289,28,Young Adult,73233,High,2_person,nonfamily_single,1,F&B Eatery/Snack and Nonalcoholic Beverage Bars,Car,Walking
65417,78,Elderly,42729,Moderate,3_person,married_couple,3_plus,F&B Eatery/Full-Service Restaurants,Car,Car
40158,24,Young Adult,25253,Low,2_person,nonfamily_single,2,F&B Eatery/Drinking Places,Public_transport,Walking
23049,29,Young Adult,38215,Moderate,2_person,nonfamily_single,0,F&B Eatery/Full-Service Restaurants,Walking,Walking
26646,26,Young Adult,-1753,Debt,1_person,living_alone,0,F&B Eatery/Full-Service Restaurants,Walking,Walking
59101,59,Senior,1054,Low,3_person,married_couple,1,F&B Eatery/Full-Service Restaurants,Car,Car
56573,45,Middle Age,12893,Low,1_person,living_alone,0,F&B Eatery/Snack and Nonalcoholic Beverage Bars,Walking,Walking
62752,65,Elderly,0,Debt,5_person,married_couple,1,F&B Eatery/Full-Service Restaurants,Car,Car
35247,94,Elderly,110565,Very High,1_person,living_alone,0,F&B Eatery/Limited-Service Restaurants,Car,Walking
43919,25,Young Adult,47108,Moderate,1_person,living_alone,0,F&B Eatery/Full-Service Restaurants,Public_transport,Walking
29124,30,Young Adult,25253,Low,2_person,married_couple,1,F&B Eatery/Full-Service Restaurants,Walking,Public_transport
60403,78,Elderly,19394,Low,1_person,living_alone,1,F&B Eatery/Snack and Nonalcoholic Beverage Bars,Public_transport,Car
51293,51,Senior,44043,Moderate,5_person,married_couple,1,F&B Eatery/Snack and Nonalcoholic Beverage Bars,Public_transport,Car
44078,32,Adult,42937,Moderate,1_person,living_alone,1,F&B Eatery/Full-Service Restaurants,Public_transport,Car
54340,79,Elderly,12655,Low,2_person,married_couple,2,F&B Eatery/Full-Service Restaurants,Car,Car
9435,60,Senior,24239,Low,3_person,married_couple,1,F&B Eatery/Limited-Service Restaurants,Car,Car
61389,54,Senior,116469,Very High,4_person,married_couple,3_plus,F&B Eatery/Full-Service Restaurants,Walking,Public_transport
13284,71,Elderly,25931,Low,3_person,nonfamily_single,0,F&B Eatery/Full-Service Restaurants,Public_transport,Walking
59638,38,Adult,213030,Ultra High,2_person,married_couple,1,F&B Eatery/Drinking Places,Car,Car
16964,58,Senior,38896,Moderate,1_person,living_alone,1,F&B Eatery/Drinking Places,Car,Car
9662,61,Elderly,30056,Moderate,7_plus_person,family_single,1,F&B Eatery/Snack and Nonalcoholic Beverage Bars,Car,Car
29375,50,Middle Age,0,Debt,3_person,married_couple,1,F&B Eatery/Snack and Nonalcoholic Beverage Bars,Car,Car
53222,55,Senior,29739,Low,1_person,living_alone,0,F&B Eatery/Snack and Nonalcoholic Beverage Bars,Walking,Public_transport
13500,24,Young Adult,75632,High,1_person,living_alone,0,F&B Eatery/Limited-Service Restaurants,Public_transport,Walking
3343,21,Young Adult,0,Debt,3_person,nonfamily_single,1,F&B Eatery/Snack and Nonalcoholic Beverage Bars,Walking,Walking
56556,31,Adult,134088,Ultra High,2_person,married_couple,0,F&B Eatery/Full-Service Restaurants,Public_transport,Walking
45543,73,Elderly,0,Debt,2_person,married_couple,0,F&B Eatery/Full-Service Restaurants,Public_transport,Public_transport
20056,40,Adult,22473,Low,6_person,family_single,0,F&B Eatery/Full-Service Restaurants,Walking,Public_transport
5237,50,Middle Age,12162,Low,2_person,nonfamily_single,0,F&B Eatery/Full-Service Restaurants,Public_transport,Walking
7805,29,Young Adult,26263,Low,5_person,family_single,0,F&B Eatery/Special Food Services,Walking,Walking
46175,44,Middle Age,32829,Moderate,2_person,married_couple,1,F&B Eatery/Limited-Service Restaurants,Public_transport,Car
16896,24,Young Adult,51572,Moderate,3_person,nonfamily_single,2,F&B Eatery/Full-Service Restaurants,Car,Car
66617,82,Elderly,15672,Low,1_person,living_alone,0,F&B Eatery/Snack and Nonalcoholic Beverage Bars,Public_transport,Walking
1150,60,Senior,32414,Moderate,1_person,living_alone,1,F&B Eatery/Full-Service Restaurants,Car,Car
51990,36,Adult,162070,Ultra High,2_person,nonfamily_single,1,F&B Eatery/Limited-Service Restaurants,Car,Car
5949,27,Young Adult,41258,Moderate,2_person,married_couple,1,F&B Eatery/Full-Service Restaurants,Car,Car
8308,50,Middle Age,3030,Low,2_person,married_couple,1,F&B Eatery/Full-Service Restaurants,Car,Car
32217,85,Elderly,51921,Moderate,3_person,nonfamily_single,3_plus,F&B Eatery/Full-Service Restaurants,Public_transport,Car
25945,46,Middle Age,162090,Ultra High,1_person,living_alone,1,F&B Eatery/Snack and Nonalcoholic Beverage Bars,Walking,Car
28251,29,Young Adult,80508,High,2_person,nonfamily_single,1,F&B Eatery/Full-Service Restaurants,Car,Walking
17019,31,Adult,0,Debt,2_person,nonfamily_single,1,F&B Eatery/Special Food Services,Walking,Public_transport
39734,29,Young Adult,43218,Moderate,1_person,living_alone,0,F&B Eatery/Snack and Nonalcoholic Beverage Bars,Public_transport,Walking
32093,56,Senior,25416,Low,4_person,married_couple,2,F&B Eatery/Limited-Service Restaurants,Car,Public_transport
56179,72,Elderly,92380,Very High,2_person,married_couple,1,F&B Eatery/Snack and Nonalcoholic Beverage Bars,Car,Car
58335,45,Middle Age,50507,Moderate,6_person,nonfamily_single,1,F&B Eatery/Drinking Places,Car,Public_transport
66412,52,Senior,96956,Very High,2_person,married_couple,1,F&B Eatery/Full-Service Restaurants,Car,Car
54021,29,Young Adult,37678,Moderate,3_person,nonfamily_single,0,F&B Eatery/Full-Service Restaurants,Walking,Walking
48747,37,Adult,101014,Very High,3_person,married_couple,1,F&B Eatery/Limited-Service Restaurants,Car,Car
3051,76,Elderly,164000,Ultra High,7_plus_person,married_couple,1,F&B Eatery/Limited-Service Restaurants,Car,Car
19508,25,Young Adult,60608,High,2_person,nonfamily_single,0,F&B Eatery/Limited-Service Restaurants,Public_transport,Walking
15338,45,Middle Age,216094,Ultra High,1_person,living_alone,1,F&B Eatery/Full-Service Restaurants,Car,Car
53006,76,Elderly,58825,Moderate,2_person,married_couple,1,F&B Eatery/Full-Service Restaurants,Public_transport,Car
31024,32,Adult,94893,Very High,2_person,family_single,1,F&B Eatery/Limited-Service Restaurants,Public_transport,Car
56661,26,Young Adult,121217,Ultra High,3_person,nonfamily_single,3_plus,F&B Eatery/Snack and Nonalcoholic Beverage Bars,Public_transport,Car
55609,24,Young Adult,3025,Low,2_person,nonfamily_single,1,F&B Eatery/Snack and Nonalcoholic Beverage Bars,Walking,Walking
22677,24,Young Adult,17534,Low,2_person,nonfamily_single,2,F&B Eatery/Limited-Service Restaurants,Public_transport,Walking
50300,27,Young Adult,0,Debt,2_person,married_couple,0,F&B Eatery/Limited-Service Restaurants,Walking,Walking
49726,50,Middle Age,101014,Very High,1_person,living_alone,1,F&B Eatery/Full-Service Restaurants,Walking,Car
52921,34,Adult,72201,High,3_person,family_single,2,F&B Eatery/Full-Service Restaurants,Public_transport,Car
10966,56,Senior,96973,Very High,2_person,married_couple,2,F&B Eatery/Full-Service Restaurants,Car,Car
32097,32,Adult,91839,Very High,3_person,married_couple,1,F&B Eatery/Full-Service Restaurants,Car,Car
13403,21,Young Adult,30901,Moderate,5_person,nonfamily_single,1,F&B Eatery/Full-Service Restaurants,Car,Car
55766,35,Adult,69150,High,1_person,living_alone,1,F&B Eatery/Full-Service Restaurants,Public_transport,Car
6655,69,Elderly,77358,High,3_person,married_couple,2,F&B Eatery/Limited-Service Restaurants,Walking,Car
2368,23,Young Adult,145434,Ultra High,1_person,living_alone,1,F&B Eatery/Full-Service Restaurants,Public_transport,Walking
8716,33,Adult,20202,Low,4_person,married_couple,0,F&B Eatery/Snack and Nonalcoholic Beverage Bars,Public_transport,Public_transport
10647,39,Adult,210691,Ultra High,2_person,married_couple,0,F&B Eatery/Full-Service Restaurants,Public_transport,Walking
29592,55,Senior,71921,High,4_person,married_couple,3_plus,F&B Eatery/Limited-Service Restaurants,Walking,Public_transport
50993,61,Elderly,24688,Low,4_person,married_couple,1,F&B Eatery/Full-Service Restaurants,Car,Car
49689,32,Adult,36100,Moderate,2_person,married_couple,2,F&B Eatery/Snack and Nonalcoholic Beverage Bars,Walking,Car
19190,95,Elderly,31743,Moderate,4_person,nonfamily_single,1,F&B Eatery/Limited-Service Restaurants,Walking,Car
5801,42,Middle Age,26836,Low,4_person,family_single,1,F&B Eatery/Snack and Nonalcoholic Beverage Bars,Walking,Car
54748,44,Middle Age,25931,Low,2_person,family_single,0,F&B Eatery/Full-Service Restaurants,Walking,Walking
27751,73,Elderly,132036,Ultra High,3_person,married_couple,3_plus,F&B Eatery/Full-Service Restaurants,Car,Car
66320,40,Adult,4332,Low,7_plus_person,married_couple,3_plus,F&B Eatery/Snack and Nonalcoholic Beverage Bars,Public_transport,Car
45017,41,Middle Age,117220,Very High,1_person,living_alone,0,F&B Eatery/Drinking Places,Public_transport,Public_transport
10729,47,Middle Age,10707,Low,1_person,living_alone,0,F&B Eatery/Full-Service Restaurants,Walking,Walking
56958,34,Adult,65587,High,2_person,married_couple,0,F&B Eatery/Full-Service Restaurants,Walking,Public_transport
35777,55,Senior,0,Debt,3_person,family_single,1,F&B Eatery/Full-Service Restaurants,Car,Car
18070,19,Young Adult,1547,Low,3_person,nonfamily_single,0,F&B Eatery/Full-Service Restaurants,Public_transport,Walking
11093,68,Elderly,89641,High,6_person,married_couple,2,F&B Eatery/Full-Service Restaurants,Car,Car
4014,38,Adult,59039,Moderate,1_person,living_alone,1,F&B Eatery/Full-Service Restaurants,Car,Car
36631,22,Young Adult,52527,Moderate,2_person,nonfamily_single,1,F&B Eatery/Snack and Nonalcoholic Beverage Bars,Public_transport,Car
51885,28,Young Adult,0,Debt,4_person,nonfamily_single,0,F&B Eatery/Full-Service Restaurants,Public_transport,Walking
66105,18,Teen,3220,Low,4_person,nonfamily_single,1,F&B Eatery/Limited-Service Restaurants,Car,Car
23093,35,Adult,151521,Ultra High,2_person,nonfamily_single,1,F&B Eatery/Drinking Places,Car,Car
32745,25,Young Adult,5273,Low,4_person,nonfamily_single,1,F&B Eatery/Limited-Service Restaurants,Walking,Car
34584,26,Young Adult,71311,High,3_person,nonfamily_single,1,F&B Eatery/Full-Service Restaurants,Car,Walking
26641,52,Senior,71170,High,3_person,married_couple,3_plus,F&B Eatery/Snack and Nonalcoholic Beverage Bars,Public_transport,Public_transport
50336,58,Senior,44765,Moderate,4_person,married_couple,2,F&B Eatery/Full-Service Restaurants,Public_transport,Car
6102,29,Young Adult,322034,Ultra High,2_person,married_couple,1,F&B Eatery/Limited-Service Restaurants,Walking,Walking
10492,24,Young Adult,51572,Moderate,3_person,nonfamily_single,1,F&B Eatery/Full-Service Restaurants,Public_transport,Car
65726,28,Young Adult,80453,High,2_person,nonfamily_single,0,F&B Eatery/Full-Service Restaurants,Public_transport,Walking
54240,25,Young Adult,77358,High,2_person,nonfamily_single,2,F&B Eatery/Limited-Service Restaurants,Walking,Walking
66235,30,Young Adult,76327,High,2_person,nonfamily_single,1,F&B Eatery/Snack and Nonalcoholic Beverage Bars,Walking,Walking
45236,21,Young Adult,25786,Low,5_person,nonfamily_single,2,F&B Eatery/Snack and Nonalcoholic Beverage Bars,Public_transport,Car
301,16,Teen,0,Debt,3_person,family_single,2,F&B Eatery/Snack and Nonalcoholic Beverage Bars,Public_transport,Walking
3420,31,Adult,51572,Moderate,1_person,living_alone,0,F&B Eatery/Full-Service Restaurants,Car,Walking
18711,36,Adult,80968,High,2_person,married_couple,1,F&B Eatery/Full-Service Restaurants,Public_transport,Car
33828,43,Middle Age,60608,High,1_person,living_alone,0,F&B Eatery/Snack and Nonalcoholic Beverage Bars,Walking,Public_transport
63208,41,Middle Age,26687,Low,2_person,family_single,0,F&B Eatery/Snack and Nonalcoholic Beverage Bars,Public_transport,Walking
32635,27,Young Adult,89641,High,2_person,married_couple,0,F&B Eatery/Snack and Nonalcoholic Beverage Bars,Walking,Public_transport
47202,24,Young Adult,70847,High,2_person,nonfamily_single,1,F&B Eatery/Full-Service Restaurants,Public_transport,Walking
43525,26,Young Adult,60608,High,2_person,nonfamily_single,0,F&B Eatery/Limited-Service Restaurants,Public_transport,Walking
36212,44,Middle Age,94914,Very High,2_person,married_couple,2,F&B Eatery/Snack and Nonalcoholic Beverage Bars,Car,Walking
43484,31,Adult,89902,High,2_person,nonfamily_single,1,F&B Eatery/Limited-Service Restaurants,Public_transport,Car
18589,24,Young Adult,24748,Low,3_person,nonfamily_single,1,F&B Eatery/Full-Service Restaurants,Car,Walking
56491,34,Adult,0,Debt,4_person,married_couple,1,F&B Eatery/Full-Service Restaurants,Walking,Car
56835,50,Middle Age,60855,High,3_person,married_couple,2,F&B Eatery/Snack and Nonalcoholic Beverage Bars,Public_transport,Car
45714,32,Adult,60608,High,2_person,nonfamily_single,1,F&B Eatery/Limited-Service Restaurants,Walking,Car
40764,28,Young Adult,54666,Moderate,4_person,family_single,0,F&B Eatery/Snack and Nonalcoholic Beverage Bars,Public_transport,Walking
5600,59,Senior,107271,Very High,3_person,married_couple,1,F&B Eatery/Full-Service Restaurants,Walking,Car
39790,24,Young Adult,0,Debt,3_person,nonfamily_single,0,F&B Eatery/Full-Service Restaurants,Walking,Walking
54045,56,Senior,185661,Ultra High,4_person,married_couple,3_plus,F&B Eatery/Full-Service Restaurants,Walking,Public_transport
48404,28,Young Adult,56568,Moderate,4_person,married_couple,3_plus,F&B Eatery/Full-Service Restaurants,Walking,Car
49377,27,Young Adult,48305,Moderate,2_person,married_couple,1,F&B Eatery/Snack and Nonalcoholic Beverage Bars,Car,Car
30746,22,Young Adult,0,Debt,6_person,nonfamily_single,0,F&B Eatery/Full-Service Restaurants,Car,Walking
19738,32,Adult,92316,Very High,2_person,married_couple,1,F&B Eatery/Full-Service Restaurants,Car,Car
5895,67,Elderly,78286,High,6_person,family_single,3_plus,F&B Eatery/Snack and Nonalcoholic Beverage Bars,Car,Car
3436,67,Elderly,78361,High,3_person,nonfamily_single,1,F&B Eatery/Full-Service Restaurants,Car,Car
47333,28,Young Adult,67044,High,2_person,nonfamily_single,0,F&B Eatery/Full-Service Restaurants,Walking,Walking
6893,78,Elderly,313650,Ultra High,1_person,living_alone,1,F&B Eatery/Drinking Places,Car,Car
17429,29,Young Adult,22223,Low,2_person,nonfamily_single,0,F&B Eatery/Full-Service Restaurants,Walking,Walking
19830,50,Middle Age,10734,Low,5_person,family_single,1,F&B Eatery/Snack and Nonalcoholic Beverage Bars,Public_transport,Car
45525,28,Young Adult,41258,Moderate,1_person,living_alone,0,F&B Eatery/Full-Service Restaurants,Walking,Walking
40818,30,Young Adult,0,Debt,2_person,married_couple,1,F&B Eatery/Limited-Service Restaurants,Walking,Public_transport
44064,80,Elderly,9596,Low,3_person,married_couple,0,F&B Eatery/Full-Service Restaurants,Walking,Public_transport
46214,79,Elderly,10124,Low,1_person,living_alone,2,F&B Eatery/Limited-Service Restaurants,Car,Car
22399,50,Middle Age,14764,Low,1_person,living_alone,0,F&B Eatery/Limited-Service Restaurants,Public_transport,Walking
58871,18,Teen,0,Debt,3_person,married_couple,1,F&B Eatery/Full-Service Restaurants,Car,Car
3987,50,Middle Age,8889,Low,7_plus_person,nonfamily_single,0,F&B Eatery/Full-Service Restaurants,Car,Public_transport
23328,29,Young Adult,52730,Moderate,4_person,nonfamily_single,2,F&B Eatery/Full-Service Restaurants,Car,Public_transport
38467,39,Adult,111115,Very High,7_plus_person,married_couple,1,F&B Eatery/Limited-Service Restaurants,Walking,Public_transport
50108,33,Adult,75632,High,2_person,nonfamily_single,0,F&B Eatery/Full-Service Restaurants,Walking,Walking
61135,28,Young Adult,90759,Very High,4_person,nonfamily_single,2,F&B Eatery/Full-Service Restaurants,Car,Car
2869,36,Adult,18788,Low,6_person,family_single,1,F&B Eatery/Full-Service Restaurants,Public_transport,Public_transport
21357,31,Adult,48305,Moderate,2_person,nonfamily_single,1,F&B Eatery/Drinking Places,Walking,Car
46975,37,Adult,75931,High,3_person,family_single,0,F&B Eatery/Full-Service Restaurants,Public_transport,Walking
2200,31,Adult,0,Debt,2_person,nonfamily_single,1,F&B Eatery/Limited-Service Restaurants,Walking,Public_transport
38360,79,Elderly,70241,High,2_person,married_couple,1,F&B Eatery/Drinking Places,Car,Car
2557,25,Young Adult,1313,Low,3_person,nonfamily_single,1,F&B Eatery/Full-Service Restaurants,Public_transport,Walking
48354,34,Adult,105460,Very High,2_person,married_couple,0,F&B Eatery/Snack and Nonalcoholic Beverage Bars,Public_transport,Public_transport
61267,45,Middle Age,77358,High,3_person,family_single,2,F&B Eatery/Full-Service Restaurants,Car,Car
53351,33,Adult,0,Debt,4_person,married_couple,2,F&B Eatery/Drinking Places,Public_transport,Car
5539,31,Adult,85875,High,2_person,nonfamily_single,0,F&B Eatery/Snack and Nonalcoholic Beverage Bars,Walking,Walking
32711,59,Senior,15819,Low,3_person,married_couple,2,F&B Eatery/Limited-Service Restaurants,Car,Car
12874,47,Middle Age,34350,Moderate,1_person,living_alone,0,F&B Eatery/Full-Service Restaurants,Walking,Walking
29299,94,Elderly,193644,Ultra High,3_person,married_couple,1,F&B Eatery/Full-Service Restaurants,Walking,Car
12183,33,Adult,125593,Ultra High,2_person,nonfamily_single,0,F&B Eatery/Snack and Nonalcoholic Beverage Bars,Walking,Walking
59040,73,Elderly,8587,Low,2_person,family_single,1,F&B Eatery/Drinking Places,Car,Car
6295,36,Adult,81035,High,2_person,married_couple,0,F&B Eatery/Limited-Service Restaurants,Public_transport,Public_transport
4499,40,Adult,23770,Low,4_person,family_single,2,F&B Eatery/Full-Service Restaurants,Public_transport,Car
66690,21,Young Adult,0,Debt,3_person,family_single,0,F&B Eatery/Limited-Service Restaurants,Walking,Walking
51407,63,Elderly,0,Debt,5_person,married_couple,1,F&B Eatery/Limited-Service Restaurants,Car,Car
15151,47,Middle Age,199070,Ultra High,3_person,married_couple,2,F&B Eatery/Full-Service Restaurants,Car,Car
42642,24,Young Adult,0,Debt,2_person,nonfamily_single,0,F&B Eatery/Full-Service Restaurants,Walking,Walking
7400,25,Young Adult,0,Debt,1_person,living_alone,0,F&B Eatery/Limited-Service Restaurants,Public_transport,Walking
43016,50,Middle Age,44440,Moderate,2_person,family_single,1,F&B Eatery/Full-Service Restaurants,Car,Car
61434,25,Young Adult,26365,Low,2_person,family_single,1,F&B Eatery/Full-Service Restaurants,Car,Walking
29855,29,Young Adult,94892,Very High,2_person,nonfamily_single,1,F&B Eatery/Full-Service Restaurants,Public_transport,Car
20932,42,Middle Age,86437,High,2_person,married_couple,2,F&B Eatery/Drinking Places,Car,Car
31616,74,Elderly,20528,Low,2_person,married_couple,1,F&B Eatery/Drinking Places,Car,Car
2049,35,Adult,51847,Moderate,2_person,married_couple,1,F&B Eatery/Limited-Service Restaurants,Walking,Car
16371,33,Adult,38163,Moderate,2_person,family_single,1,F&B Eatery/Limited-Service Restaurants,Car,Car
46843,27,Young Adult,0,Debt,4_person,nonfamily_single,1,F&B Eatery/Full-Service Restaurants,Car,Walking
16646,21,Young Adult,0,Debt,4_person,married_couple,1,F&B Eatery/Full-Service Restaurants,Car,Car
30306,29,Young Adult,85423,High,2_person,nonfamily_single,1,F&B Eatery/Full-Service Restaurants,Walking,Walking
60713,74,Elderly,12542,Low,1_person,living_alone,0,F&B Eatery/Full-Service Restaurants,Public_transport,Walking
21918,28,Young Adult,25253,Low,4_person,nonfamily_single,0,F&B Eatery/Full-Service Restaurants,Public_transport,Walking
47254,31,Adult,43218,Moderate,2_person,married_couple,0,F&B Eatery/Snack and Nonalcoholic Beverage Bars,Walking,Public_transport
39384,74,Elderly,4641,Low,2_person,married_couple,1,F&B Eatery/Drinking Places,Car,Car
8155,53,Senior,0,Debt,2_person,married_couple,2,F&B Eatery/Limited-Service Restaurants,Walking,Car
1802,50,Middle Age,82516,High,2_person,married_couple,1,F&B Eatery/Limited-Service Restaurants,Walking,Car
37504,25,Young Adult,41864,Moderate,2_person,nonfamily_single,1,F&B Eatery/Full-Service Restaurants,Public_transport,Car
11111,25,Young Adult,48486,Moderate,6_person,married_couple,3_plus,F&B Eatery/Full-Service Restaurants,Car,Walking
8680,30,Young Adult,134989,Ultra High,2_person,nonfamily_single,0,F&B Eatery/Snack and Nonalcoholic Beverage Bars,Walking,Walking
2911,33,Adult,91839,Very High,4_person,married_couple,2,F&B Eatery/Snack and Nonalcoholic Beverage Bars,Car,Car
11411,27,Young Adult,69150,High,2_person,family_single,1,F&B Eatery/Limited-Service Restaurants,Walking,Walking
34754,67,Elderly,0,Debt,2_person,family_single,1,F&B Eatery/Full-Service Restaurants,Public_transport,Car
56250,19,Young Adult,0,Debt,1_person,living_alone,0,F&B Eatery/Full-Service Restaurants,Walking,Walking
2811,29,Young Adult,124805,Ultra High,3_person,family_single,3_plus,F&B Eatery/Snack and Nonalcoholic Beverage Bars,Car,Car
49811,81,Elderly,9940,Low,1_person,living_alone,0,F&B Eatery/Full-Service Restaurants,Public_transport,Walking
15708,32,Adult,73531,High,1_person,living_alone,1,F&B Eatery/Limited-Service Restaurants,Public_transport,Car
51663,37,Adult,73822,High,4_person,married_couple,2,F&B Eatery/Drinking Places,Car,Car
42107,46,Middle Age,128813,Ultra High,2_person,married_couple,1,F&B Eatery/Snack and Nonalcoholic Beverage Bars,Car,Car
25184,62,Elderly,10520,Low,3_person,married_couple,1,F&B Eatery/Limited-Service Restaurants,Car,Car
22671,28,Young Adult,40506,Moderate,1_person,living_alone,0,F&B Eatery/Full-Service Restaurants,Walking,Walking
34698,25,Young Adult,0,Debt,2_person,family_single,1,F&B Eatery/Snack and Nonalcoholic Beverage Bars,Walking,Walking
65733,35,Adult,39020,Moderate,4_person,family_single,1,F&B Eatery/Full-Service Restaurants,Walking,Public_transport
52083,20,Young Adult,0,Debt,1_person,living_alone,0,F&B Eatery/Full-Service Restaurants,Walking,Walking
37157,43,Middle Age,123774,Ultra High,2_person,married_couple,1,F&B Eatery/Snack and Nonalcoholic Beverage Bars,Public_transport,Car
25342,73,Elderly,15397,Low,2_person,family_single,1,F&B Eatery/Full-Service Restaurants,Car,Car
12688,74,Elderly,0,Debt,5_person,married_couple,3_plus,F&B Eatery/Full-Service Restaurants,Car,Car
52662,36,Adult,633360,Ultra High,3_person,married_couple,1,F&B Eatery/Snack and Nonalcoholic Beverage Bars,Walking,Car
63734,53,Senior,8251,Low,2_person,nonfamily_single,2,F&B Eatery/Limited-Service Restaurants,Public_transport,Car
26309,36,Adult,12965,Low,2_person,nonfamily_single,1,F&B Eatery/Snack and Nonalcoholic Beverage Bars,Car,Public_transport
50859,26,Young Adult,72730,High,3_person,nonfamily_single,1,F&B Eatery/Snack and Nonalcoholic Beverage Bars,Public_transport,Walking
46717,29,Young Adult,103145,Very High,2_person,nonfamily_single,1,F&B Eatery/Drinking Places,Public_transport,Car
55680,69,Elderly,75760,High,7_plus_person,married_couple,3_plus,F&B Eatery/Full-Service Restaurants,Car,Car
7392,35,Adult,27011,Low,1_person,living_alone,1,F&B Eatery/Full-Service Restaurants,Public_transport,Public_transport
38623,53,Senior,279096,Ultra High,4_person,married_couple,1,F&B Eatery/Snack and Nonalcoholic Beverage Bars,Car,Car
854,55,Senior,12171,Low,1_person,living_alone,0,F&B Eatery/Limited-Service Restaurants,Public_transport,Public_transport
26736,21,Young Adult,0,Debt,2_person,family_single,0,F&B Eatery/Snack and Nonalcoholic Beverage Bars,Walking,Walking
67172,19,Young Adult,0,Debt,4_person,married_couple,2,F&B Eatery/Snack and Nonalcoholic Beverage Bars,Public_transport,Car
23664,32,Adult,34350,Moderate,2_person,married_couple,2,F&B Eatery/Limited-Service Restaurants,Public_transport,Car
65318,80,Elderly,329105,Ultra High,7_plus_person,married_couple,1,F&B Eatery/Full-Service Restaurants,Car,Car
52733,57,Senior,215013,Ultra High,1_person,living_alone,1,F&B Eatery/Snack and Nonalcoholic Beverage Bars,Public_transport,Car
62003,53,Senior,33710,Moderate,3_person,married_couple,0,F&B Eatery/Full-Service Restaurants,Public_transport,Public_transport
39353,18,Teen,0,Debt,2_person,family_single,0,F&B Eatery/Snack and Nonalcoholic Beverage Bars,Public_transport,Walking
46576,28,Young Adult,54023,Moderate,2_person,married_couple,1,F&B Eatery/Full-Service Restaurants,Car,Car
51005,50,Middle Age,0,Debt,4_person,family_single,1,F&B Eatery/Snack and Nonalcoholic Beverage Bars,Car,Car
54384,20,Young Adult,0,Debt,2_person,nonfamily_single,0,F&B Eatery/Full-Service Restaurants,Walking,Walking
61087,24,Young Adult,0,Debt,2_person,family_single,0,F&B Eatery/Limited-Service Restaurants,Walking,Walking
34766,71,Elderly,29294,Low,3_person,married_couple,1,F&B Eatery/Limited-Service Restaurants,Car,Car
66199,38,Adult,61887,High,4_person,married_couple,2,F&B Eatery/Full-Service Restaurants,Car,Car
13545,27,Young Adult,58003,Moderate,2_person,married_couple,2,F&B Eatery/Limited-Service Restaurants,Walking,Car
3748,41,Middle Age,0,Debt,4_person,married_couple,3_plus,F&B Eatery/Full-Service Restaurants,Car,Car
5530,43,Middle Age,309435,Ultra High,4_person,married_couple,2,F&B Eatery/Full-Service Restaurants,Car,Car
21959,50,Middle Age,9661,Low,2_person,family_single,0,F&B Eatery/Full-Service Restaurants,Public_transport,Walking
58053,26,Young Adult,46460,Moderate,3_person,married_couple,1,F&B Eatery/Full-Service Restaurants,Walking,Car
9474,30,Young Adult,31638,Moderate,4_person,family_single,3_plus,F&B Eatery/Full-Service Restaurants,Car,Public_transport
55016,64,Elderly,68069,High,2_person,family_single,2,F&B Eatery/Snack and Nonalcoholic Beverage Bars,Walking,Car
6776,54,Senior,54023,Moderate,2_person,married_couple,1,F&B Eatery/Full-Service Restaurants,Public_transport,Car
61373,26,Young Adult,17928,Low,1_person,living_alone,0,F&B Eatery/Full-Service Restaurants,Walking,Walking
66842,25,Young Adult,0,Debt,4_person,nonfamily_single,0,F&B Eatery/Snack and Nonalcoholic Beverage Bars,Walking,Walking
30080,73,Elderly,9283,Low,6_person,married_couple,2,F&B Eatery/Limited-Service Restaurants,Public_transport,Car
23776,58,Senior,0,Debt,6_person,family_single,0,F&B Eatery/Full-Service Restaurants,Public_transport,Public_transport
44262,60,Senior,107271,Very High,4_person,married_couple,2,F&B Eatery/Full-Service Restaurants,Car,Car
21976,59,Senior,25762,Low,2_person,married_couple,1,F&B Eatery/Snack and Nonalcoholic Beverage Bars,Public_transport,Car
15707,25,Young Adult,60608,High,2_person,family_single,0,F&B Eatery/Snack and Nonalcoholic Beverage Bars,Public_transport,Walking
26105,44,Middle Age,43320,Moderate,2_person,married_couple,2,F&B Eatery/Full-Service Restaurants,Car,Public_transport
18047,72,Elderly,24041,Low,3_person,married_couple,1,F&B Eatery/Limited-Service Restaurants,Car,Car
21834,16,Teen,5273,Low,6_person,married_couple,2,F&B Eatery/Limited-Service Restaurants,Public_transport,Walking
42941,20,Young Adult,0,Debt,2_person,nonfamily_single,0,F&B Eatery/Snack and Nonalcoholic Beverage Bars,Walking,Walking
48925,55,Senior,59057,Moderate,1_person,living_alone,0,F&B Eatery/Full-Service Restaurants,Car,Public_transport
25939,25,Young Adult,2171,Low,2_person,nonfamily_single,0,F&B Eatery/Full-Service Restaurants,Walking,Walking
2693,28,Young Adult,128813,Ultra High,1_person,living_alone,0,F&B Eatery/Limited-Service Restaurants,Walking,Walking
49080,40,Adult,63276,High,3_person,married_couple,1,F&B Eatery/Limited-Service Restaurants,Walking,Car
42557,33,Adult,10734,Low,4_person,married_couple,0,F&B Eatery/Full-Service Restaurants,Car,Public_transport
64044,65,Elderly,10372,Low,1_person,living_alone,1,F&B Eatery/Drinking Places,Public_transport,Car
43585,25,Young Adult,16855,Low,6_person,family_single,0,F&B Eatery/Full-Service Restaurants,Walking,Walking
22299,85,Elderly,0,Debt,4_person,family_single,2,F&B Eatery/Full-Service Restaurants,Car,Car
62623,34,Adult,20629,Low,1_person,living_alone,1,F&B Eatery/Full-Service Restaurants,Public_transport,Public_transport
55820,29,Young Adult,65385,High,2_person,married_couple,1,F&B Eatery/Snack and Nonalcoholic Beverage Bars,Car,Walking
33827,69,Elderly,14046,Low,2_person,married_couple,0,F&B Eatery/Snack and Nonalcoholic Beverage Bars,Walking,Public_transport
67214,37,Adult,15126,Low,6_person,married_couple,0,F&B Eatery/Limited-Service Restaurants,Walking,Public_transport
56044,62,Elderly,24243,Low,1_person,living_alone,0,F&B Eatery/Snack and Nonalcoholic Beverage Bars,Public_transport,Walking
18141,67,Elderly,73822,High,1_person,living_alone,1,F&B Eatery/Drinking Places,Public_transport,Car
54268,48,Middle Age,13535,Low,1_person,living_alone,0,F&B Eatery/Full-Service Restaurants,Car,Walking
50015,26,Young Adult,10734,Low,5_person,family_single,2,F&B Eatery/Full-Service Restaurants,Car,Car
50636,29,Young Adult,79095,High,2_person,family_single,0,F&B Eatery/Drinking Places,Walking,Walking
23419,68,Elderly,464926,Ultra High,2_person,family_single,0,F&B Eatery/Snack and Nonalcoholic Beverage Bars,Car,Public_transport
206,26,Young Adult,29627,Low,3_person,nonfamily_single,1,F&B Eatery/Full-Service Restaurants,Car,Walking
6910,95,Elderly,11345,Low,1_person,living_alone,0,F&B Eatery/Full-Service Restaurants,Public_transport,Walking
52992,25,Young Adult,0,Debt,4_person,nonfamily_single,1,F&B Eatery/Full-Service Restaurants,Walking,Walking
27266,32,Adult,167472,Ultra High,2_person,married_couple,2,F&B Eatery/Full-Service Restaurants,Car,Car
8110,31,Adult,5353,Low,4_person,married_couple,3_plus,F&B Eatery/Drinking Places,Car,Car
24538,26,Young Adult,30943,Moderate,5_person,nonfamily_single,1,F&B Eatery/Limited-Service Restaurants,Car,Car
10965,44,Middle Age,21468,Low,4_person,family_single,3_plus,F&B Eatery/Full-Service Restaurants,Public_transport,Car
63335,23,Young Adult,26817,Low,5_person,family_single,1,F&B Eatery/Limited-Service Restaurants,Walking,Car
35222,77,Elderly,5959,Low,2_person,married_couple,1,F&B Eatery/Snack and Nonalcoholic Beverage Bars,Car,Car
52256,70,Elderly,1620,Low,3_person,family_single,1,F&B Eatery/Snack and Nonalcoholic Beverage Bars,Walking,Car
30535,58,Senior,137183,Ultra High,1_person,living_alone,1,F&B Eatery/Snack and Nonalcoholic Beverage Bars,Car,Car
8392,28,Young Adult,57966,Moderate,2_person,married_couple,1,F&B Eatery/Drinking Places,Public_transport,Car
22662,58,Senior,75141,High,2_person,married_couple,1,F&B Eatery/Limited-Service Restaurants,Car,Car
52251,65,Elderly,261921,Ultra High,1_person,living_alone,2,F&B Eatery/Drinking Places,Car,Car
64505,28,Young Adult,59039,Moderate,2_person,married_couple,0,F&B Eatery/Limited-Service Restaurants,Car,Walking
26854,27,Young Adult,0,Debt,4_person,nonfamily_single,3_plus,F&B Eatery/Full-Service Restaurants,Walking,Walking
3561,30,Young Adult,68549,High,3_person,married_couple,1,F&B Eatery/Full-Service Restaurants,Car,Walking
38660,60,Senior,1296,Low,2_person,family_single,2,F&B Eatery/Full-Service Restaurants,Car,Car
12666,72,Elderly,85862,High,7_plus_person,married_couple,1,F&B Eatery/Snack and Nonalcoholic Beverage Bars,Walking,Car
61858,32,Adult,82722,High,6_person,married_couple,2,F&B Eatery/Drinking Places,Car,Walking
13986,22,Young Adult,0,Debt,2_person,nonfamily_single,0,F&B Eatery/Full-Service Restaurants,Walking,Walking
33159,31,Adult,43474,Moderate,2_person,nonfamily_single,1,F&B Eatery/Snack and Nonalcoholic Beverage Bars,Public_transport,Car
39504,56,Senior,8664,Low,2_person,nonfamily_single,0,F&B Eatery/Full-Service Restaurants,Public_transport,Public_transport
5258,54,Senior,0,Debt,2_person,married_couple,2,F&B Eatery/Full-Service Restaurants,Walking,Car
48190,71,Elderly,17395,Low,2_person,married_couple,1,F&B Eatery/Drinking Places,Car,Car
2695,62,Elderly,18785,Low,6_person,married_couple,2,F&B Eatery/Full-Service Restaurants,Walking,Car
62592,63,Elderly,42830,Moderate,2_person,nonfamily_single,1,F&B Eatery/Drinking Places,Car,Car
2568,35,Adult,381074,Ultra High,4_person,nonfamily_single,0,F&B Eatery/Drinking Places,Walking,Walking
40774,30,Young Adult,56892,Moderate,4_person,nonfamily_single,0,F&B Eatery/Full-Service Restaurants,Car,Walking
48984,32,Adult,67627,High,3_person,nonfamily_single,1,F&B Eatery/Limited-Service Restaurants,Car,Car
61228,33,Adult,15288,Low,2_person,married_couple,1,F&B Eatery/Snack and Nonalcoholic Beverage Bars,Car,Walking
51214,80,Elderly,7779,Low,4_person,married_couple,0,F&B Eatery/Full-Service Restaurants,Car,Public_transport
38044,24,Young Adult,0,Debt,3_person,nonfamily_single,0,F&B Eatery/Full-Service Restaurants,Walking,Walking
8571,50,Middle Age,27113,Low,2_person,married_couple,1,F&B Eatery/Snack and Nonalcoholic Beverage Bars,Car,Car
39099,31,Adult,82516,High,2_person,married_couple,1,F&B Eatery/Drinking Places,Car,Car
63704,57,Senior,429,Low,1_person,living_alone,0,F&B Eatery/Full-Service Restaurants,Public_transport,Public_transport
12185,75,Elderly,9283,Low,2_person,married_couple,1,F&B Eatery/Full-Service Restaurants,Car,Car
9268,66,Elderly,15291,Low,1_person,living_alone,0,F&B Eatery/Full-Service Restaurants,Public_transport,Walking
24300,65,Elderly,5726,Low,2_person,married_couple,0,F&B Eatery/Drinking Places,Walking,Public_transport
23247,29,Young Adult,57761,Moderate,2_person,married_couple,1,F&B Eatery/Full-Service Restaurants,Car,Car
55591,49,Middle Age,0,Debt,4_person,married_couple,1,F&B Eatery/Snack and Nonalcoholic Beverage Bars,Public_transport,Car
1016,32,Adult,123774,Ultra High,2_person,married_couple,1,F&B Eatery/Snack and Nonalcoholic Beverage Bars,Public_transport,Car
40397,26,Young Adult,62667,High,2_person,nonfamily_single,2,F&B Eatery/Full-Service Restaurants,Car,Walking
11534,62,Elderly,63276,High,1_person,living_alone,0,F&B Eatery/Limited-Service Restaurants,Car,Public_transport
32606,26,Young Adult,94925,Very High,3_person,nonfamily_single,1,F&B Eatery/Snack and Nonalcoholic Beverage Bars,Public_transport,Car
37065,29,Young Adult,86437,High,2_person,married_couple,1,F&B Eatery/Full-Service Restaurants,Walking,Walking
65697,31,Adult,19697,Low,2_person,nonfamily_single,0,F&B Eatery/Limited-Service Restaurants,Public_transport,Walking
45758,89,Elderly,4545,Low,2_person,married_couple,1,F&B Eatery/Full-Service Restaurants,Public_transport,Car
9692,27,Young Adult,103145,Very High,3_person,nonfamily_single,1,F&B Eatery/Limited-Service Restaurants,Walking,Car
40757,37,Adult,78791,High,2_person,married_couple,2,F&B Eatery/Snack and Nonalcoholic Beverage Bars,Walking,Car
52995,69,Elderly,3796,Low,6_person,married_couple,3_plus,F&B Eatery/Full-Service Restaurants,Car,Car
66557,25,Young Adult,0,Debt,2_person,nonfamily_single,1,F&B Eatery/Snack and Nonalcoholic Beverage Bars,Walking,Walking
19457,46,Middle Age,32414,Moderate,1_person,living_alone,1,F&B Eatery/Full-Service Restaurants,Public_transport,Walking
67121,36,Adult,79095,High,4_person,married_couple,1,F&B Eatery/Drinking Places,Walking,Car
35920,56,Senior,21468,Low,5_person,family_single,0,F&B Eatery/Full-Service Restaurants,Public_transport,Walking
17159,56,Senior,51572,Moderate,5_person,married_couple,1,F&B Eatery/Snack and Nonalcoholic Beverage Bars,Car,Car
48555,27,Young Adult,42184,Moderate,3_person,nonfamily_single,1,F&B Eatery/Full-Service Restaurants,Public_transport,Car
23483,50,Middle Age,308404,Ultra High,3_person,married_couple,1,F&B Eatery/Limited-Service Restaurants,Car,Car
23897,56,Senior,9596,Low,2_person,nonfamily_single,1,F&B Eatery/Full-Service Restaurants,Walking,Car
43001,36,Adult,60608,High,3_person,married_couple,0,F&B Eatery/Snack and Nonalcoholic Beverage Bars,Public_transport,Public_transport
8792,28,Young Adult,80811,High,2_person,nonfamily_single,1,F&B Eatery/Full-Service Restaurants,Car,Walking
10627,81,Elderly,43836,Moderate,2_person,married_couple,1,F&B Eatery/Limited-Service Restaurants,Car,Car
41606,27,Young Adult,0,Debt,1_person,living_alone,1,F&B Eatery/Snack and Nonalcoholic Beverage Bars,Car,Walking
3890,61,Elderly,478791,Ultra High,2_person,married_couple,1,F&B Eatery/Full-Service Restaurants,Car,Car
11394,23,Young Adult,858,Low,2_person,nonfamily_single,0,F&B Eatery/Limited-Service Restaurants,Walking,Walking
31551,25,Young Adult,20629,Low,3_person,nonfamily_single,0,F&B Eatery/Limited-Service Restaurants,Walking,Walking
66803,22,Young Adult,35960,Moderate,3_person,nonfamily_single,0,F&B Eatery/Full-Service Restaurants,Public_transport,Walking
56886,57,Senior,25931,Low,2_person,married_couple,2,F&B Eatery/Snack and Nonalcoholic Beverage Bars,Public_transport,Car
35773,45,Middle Age,190917,Ultra High,7_plus_person,family_single,1,F&B Eatery/Limited-Service Restaurants,Public_transport,Walking
65725,25,Young Adult,121711,Ultra High,1_person,living_alone,0,F&B Eatery/Snack and Nonalcoholic Beverage Bars,Walking,Walking
59150,45,Middle Age,18771,Low,2_person,nonfamily_single,0,F&B Eatery/Snack and Nonalcoholic Beverage Bars,Walking,Walking
2747,31,Adult,32414,Moderate,5_person,married_couple,2,F&B Eatery/Full-Service Restaurants,Walking,Car
18431,66,Elderly,16400,Low,2_person,family_single,0,F&B Eatery/Drinking Places,Public_transport,Walking
25658,63,Elderly,152654,Ultra High,3_person,married_couple,1,F&B Eatery/Full-Service Restaurants,Public_transport,Car
28693,29,Young Adult,4754,Low,3_person,married_couple,2,F&B Eatery/Limited-Service Restaurants,Car,Public_transport
53707,24,Young Adult,75632,High,1_person,living_alone,0,F&B Eatery/Drinking Places,Walking,Walking
5311,27,Young Adult,49194,Moderate,4_person,family_single,1,F&B Eatery/Full-Service Restaurants,Public_transport,Public_transport
64925,24,Young Adult,45961,Moderate,2_person,family_single,0,F&B Eatery/Full-Service Restaurants,Walking,Walking
62955,37,Adult,126974,Ultra High,2_person,married_couple,2,F&B Eatery/Snack and Nonalcoholic Beverage Bars,Public_transport,Car
59735,34,Adult,26836,Low,1_person,living_alone,1,F&B Eatery/Full-Service Restaurants,Car,Public_transport
769,29,Young Adult,43238,Moderate,3_person,nonfamily_single,2,F&B Eatery/Full-Service Restaurants,Public_transport,Car
64820,87,Elderly,346378,Ultra High,1_person,living_alone,0,F&B Eatery/Full-Service Restaurants,Walking,Public_transport
67221,49,Middle Age,37570,Moderate,2_person,married_couple,1,F&B Eatery/Limited-Service Restaurants,Car,Car
41090,45,Middle Age,597434,Ultra High,2_person,married_couple,2,F&B Eatery/Full-Service Restaurants,Car,Car
16023,55,Senior,0,Debt,6_person,nonfamily_single,1,F&B Eatery/Limited-Service Restaurants,Car,Walking
60263,34,Adult,38644,Moderate,3_person,married_couple,2,F&B Eatery/Full-Service Restaurants,Car,Car
44131,22,Young Adult,14440,Low,4_person,married_couple,3_plus,F&B Eatery/Full-Service Restaurants,Walking,Car
37194,55,Senior,43218,Moderate,4_person,married_couple,1,F&B Eatery/Full-Service Restaurants,Public_transport,Public_transport
6265,42,Middle Age,273334,Ultra High,4_person,married_couple,1,F&B Eatery/Full-Service Restaurants,Walking,Car
54886,31,Adult,58638,Moderate,3_person,married_couple,2,F&B Eatery/Full-Service Restaurants,Car,Car
860,56,Senior,45860,Moderate,2_person,married_couple,0,F&B Eatery/Full-Service Restaurants,Walking,Public_transport
15795,79,Elderly,7273,Low,3_person,married_couple,1,F&B Eatery/Full-Service Restaurants,Car,Car
